3125
5
0,0,0,0,0,0.62457,0
0,0,0,0,1,0.35381,0
0,0,0,0,2,0.69369,0
0,0,0,0,3,0.77593,0
0,0,0,0,4,0.49017,0
0,0,0,1,0,0.43154,0
0,0,0,1,1,0.93794,0
0,0,0,1,2,0.34273,0
0,0,0,1,3,0.18172,0
0,0,0,1,4,0.78642,0
0,0,0,2,0,0.78707,0
0,0,0,2,1,0.90059,0
0,0,0,2,2,0.31564,0
0,0,0,2,3,0.05016,0
0,0,0,2,4,0.23028,0
0,0,0,3,0,0.23213,0
0,0,0,3,1,0.81953,0
0,0,0,3,2,0.70773,0
0,0,0,3,3,0.74772,0
0,0,0,3,4,0.19348,0
0,0,0,4,0,0.82729,0
0,0,0,4,1,0.43965,0
0,0,0,4,2,0.57994,0
0,0,0,4,3,0.63334,0
0,0,0,4,4,0.27788,0
0,0,1,0,0,0.43343,0
0,0,1,0,1,0.12166,0
0,0,1,0,2,0.36574,0
0,0,1,0,3,0.47326,0
0,0,1,0,4,0.96038,0
0,0,1,1,0,-1.15021,7
0,0,1,1,1,-1.13839,38
0,0,1,1,2,0.83648,0
0,0,1,1,3,-1.31429,7
0,0,1,1,4,-1.11660,197
0,0,1,2,0,-1.13476,18
0,0,1,2,1,-0.83527,94
0,0,1,2,2,0.99057,0
0,0,1,2,3,-0.96294,28
0,0,1,2,4,-0.47550,354
0,0,1,3,0,-1.14132,44
0,0,1,3,1,-1.13823,99
0,0,1,3,2,0.59332,0
0,0,1,3,3,-1.37598,30
0,0,1,3,4,-1.13425,579
0,0,1,4,0,-1.23981,20
0,0,1,4,1,-1.04068,37
0,0,1,4,2,1.76038,5
0,0,1,4,3,-1.03637,8
0,0,1,4,4,-1.03009,201
0,0,2,0,0,0.59566,0
0,0,2,0,1,-0.39828,3
0,0,2,0,2,0.39277,0
0,0,2,0,3,0.27233,1
0,0,2,0,4,-0.15349,6
0,0,2,1,0,-0.47537,48
0,0,2,1,1,-0.54051,24
0,0,2,1,2,0.46199,0
0,0,2,1,3,-0.33389,9
0,0,2,1,4,-0.13245,100
0,0,2,2,0,-0.37937,102
0,0,2,2,1,-0.39986,53
0,0,2,2,2,-0.39853,18
0,0,2,2,3,-0.14023,29
0,0,2,2,4,-0.19969,482
0,0,2,3,0,-0.29346,190
0,0,2,3,1,-0.16556,81
0,0,2,3,2,0.32206,13
0,0,2,3,3,-0.29248,74
0,0,2,3,4,0.11263,554
0,0,2,4,0,-1.36757,76
0,0,2,4,1,-1.43298,30
0,0,2,4,2,-1.06095,9
0,0,2,4,3,-1.36753,25
0,0,2,4,4,-1.32471,189
0,0,3,0,0,0.40253,0
0,0,3,0,1,0.21498,0
0,0,3,0,2,0.15446,0
0,0,3,0,3,0.20240,0
0,0,3,0,4,0.82415,0
0,0,3,1,0,-1.29304,15
0,0,3,1,1,-1.31537,35
0,0,3,1,2,-1.34974,21
0,0,3,1,3,-1.41958,21
0,0,3,1,4,-1.38284,30
0,0,3,2,0,-0.40732,19
0,0,3,2,1,-1.26662,36
0,0,3,2,2,-1.19385,35
0,0,3,2,3,-0.49041,19
0,0,3,2,4,-1.30070,105
0,0,3,3,0,0.01396,41
0,0,3,3,1,0.46892,66
0,0,3,3,2,0.38379,67
0,0,3,3,3,0.99332,38
0,0,3,3,4,-0.01522,273
0,0,3,4,0,0.33397,22
0,0,3,4,1,-1.35015,35
0,0,3,4,2,-1.36509,42
0,0,3,4,3,-1.31140,24
0,0,3,4,4,-1.33819,109
0,0,4,0,0,0.23713,0
0,0,4,0,1,0.46238,0
0,0,4,0,2,0.06087,0
0,0,4,0,3,0.11756,0
0,0,4,0,4,0.44534,0
0,0,4,1,0,-0.83395,10
0,0,4,1,1,-0.65795,20
0,0,4,1,2,-0.76911,6
0,0,4,1,3,0.05962,13
0,0,4,1,4,-0.97708,25
0,0,4,2,0,-0.78971,11
0,0,4,2,1,-0.85695,19
0,0,4,2,2,-1.10530,23
0,0,4,2,3,-1.16965,62
0,0,4,2,4,-0.99101,21
0,0,4,3,0,-0.66980,28
0,0,4,3,1,-1.11564,38
0,0,4,3,2,-1.03292,7
0,0,4,3,3,-1.24711,81
0,0,4,3,4,-0.99970,14
0,0,4,4,0,-0.40427,44
0,0,4,4,1,-0.19835,22
0,0,4,4,2,-0.20116,17
0,0,4,4,3,-0.40326,44
0,0,4,4,4,0.06530,2
0,1,0,0,0,0.75549,0
0,1,0,0,1,0.85282,0
0,1,0,0,2,0.40915,0
0,1,0,0,3,0.36848,0
0,1,0,0,4,0.43757,0
0,1,0,1,0,0.67329,0
0,1,0,1,1,2.56171,462
0,1,0,1,2,0.56214,0
0,1,0,1,3,3.99895,76
0,1,0,1,4,0.32193,0
0,1,0,2,0,2.60765,34
0,1,0,2,1,1.72250,6493
0,1,0,2,2,-0.48828,65
0,1,0,2,3,0.96333,882
0,1,0,2,4,3.55253,66
0,1,0,3,0,-0.26598,27
0,1,0,3,1,2.62424,4847
0,1,0,3,2,-0.25517,12
0,1,0,3,3,3.99899,590
0,1,0,3,4,-0.21513,20
0,1,0,4,0,3.65350,44
0,1,0,4,1,1.17252,1756
0,1,0,4,2,3.79985,20
0,1,0,4,3,2.06336,131
0,1,0,4,4,3.60455,40
0,1,1,0,0,-0.90329,18
0,1,1,0,1,-0.85314,20
0,1,1,0,2,-0.89036,8
0,1,1,0,3,-1.10212,11
0,1,1,0,4,-0.96460,15
0,1,1,1,0,-0.92161,28
0,1,1,1,1,-1.13312,1011
0,1,1,1,2,-1.27788,33
0,1,1,1,3,-1.20567,298
0,1,1,1,4,-1.01080,515
0,1,1,2,0,-1.00450,55
0,1,1,2,1,-0.63648,5617
0,1,1,2,2,-0.80087,205
0,1,1,2,3,-1.03422,2091
0,1,1,2,4,-0.26010,1669
0,1,1,3,0,-0.96057,239
0,1,1,3,1,-1.32418,6171
0,1,1,3,2,-1.23259,136
0,1,1,3,3,-1.34092,1861
0,1,1,3,4,-1.18349,1810
0,1,1,4,0,-1.21889,75
0,1,1,4,1,-1.22234,1694
0,1,1,4,2,-1.38771,43
0,1,1,4,3,-1.01122,414
0,1,1,4,4,-1.04117,695
0,1,2,0,0,-0.44979,6
0,1,2,0,1,-0.15300,7
0,1,2,0,2,-0.42787,9
0,1,2,0,3,-0.63070,12
0,1,2,0,4,-0.28793,7
0,1,2,1,0,-1.20458,10
0,1,2,1,1,-1.34725,348
0,1,2,1,2,0.91849,105
0,1,2,1,3,1.14284,240
0,1,2,1,4,-1.29634,391
0,1,2,2,0,-0.04067,59
0,1,2,2,1,-0.23141,1127
0,1,2,2,2,-0.06985,232
0,1,2,2,3,-0.05319,1441
0,1,2,2,4,0.26437,1527
0,1,2,3,0,-0.69325,95
0,1,2,3,1,0.30507,1602
0,1,2,3,2,-0.81406,400
0,1,2,3,3,-0.88591,1903
0,1,2,3,4,-0.59789,1611
0,1,2,4,0,-1.32935,31
0,1,2,4,1,-1.51754,722
0,1,2,4,2,-1.06150,104
0,1,2,4,3,-1.47970,741
0,1,2,4,4,-1.44005,571
0,1,3,0,0,-0.04709,3
0,1,3,0,1,-0.95866,13
0,1,3,0,2,-0.04446,16
0,1,3,0,3,0.10679,8
0,1,3,0,4,-0.15548,4
0,1,3,1,0,-1.35811,70
0,1,3,1,1,-1.34566,247
0,1,3,1,2,-1.42632,110
0,1,3,1,3,-1.35779,303
0,1,3,1,4,-1.31072,53
0,1,3,2,0,0.76005,105
0,1,3,2,1,-1.03330,835
0,1,3,2,2,-1.32532,288
0,1,3,2,3,0.69564,1147
0,1,3,2,4,1.51339,312
0,1,3,3,0,-0.95180,81
0,1,3,3,1,-0.42617,1351
0,1,3,3,2,-1.09544,381
0,1,3,3,3,-0.85683,1392
0,1,3,3,4,0.10807,644
0,1,3,4,0,-1.15964,30
0,1,3,4,1,-1.12216,422
0,1,3,4,2,-1.31170,121
0,1,3,4,3,-1.42486,435
0,1,3,4,4,-1.30573,145
0,1,4,0,0,0.72092,0
0,1,4,0,1,-0.14886,1
0,1,4,0,2,0.44126,0
0,1,4,0,3,0.34297,0
0,1,4,0,4,0.21695,0
0,1,4,1,0,-1.31402,73
0,1,4,1,1,-1.27399,30
0,1,4,1,2,-1.06780,33
0,1,4,1,3,-1.05729,101
0,1,4,1,4,-1.08110,108
0,1,4,2,0,-1.22851,86
0,1,4,2,1,-0.02283,151
0,1,4,2,2,-1.01761,188
0,1,4,2,3,-1.49258,813
0,1,4,2,4,-1.40678,961
0,1,4,3,0,-1.35485,64
0,1,4,3,1,-1.10326,98
0,1,4,3,2,-1.24813,193
0,1,4,3,3,-1.51486,708
0,1,4,3,4,-1.43650,899
0,1,4,4,0,-0.19950,11
0,1,4,4,1,-1.16207,61
0,1,4,4,2,0.58529,74
0,1,4,4,3,0.69071,299
0,1,4,4,4,-0.95301,373
0,2,0,0,0,0.14880,0
0,2,0,0,1,0.22832,0
0,2,0,0,2,0.08978,0
0,2,0,0,3,0.87352,0
0,2,0,0,4,0.45514,0
0,2,0,1,0,3.85493,24
0,2,0,1,1,3.76895,13
0,2,0,1,2,3.84100,12
0,2,0,1,3,0.19036,1341
0,2,0,1,4,3.90448,19
0,2,0,2,0,2.72847,6
0,2,0,2,1,3.27293,16
0,2,0,2,2,3.15451,3
0,2,0,2,3,-0.52629,3315
0,2,0,2,4,3.51877,10
0,2,0,3,0,2.57177,22
0,2,0,3,1,1.20398,27
0,2,0,3,2,3.32177,25
0,2,0,3,3,-1.20838,4336
0,2,0,3,4,3.51852,43
0,2,0,4,0,3.44569,9
0,2,0,4,1,0.14037,5
0,2,0,4,2,3.57002,10
0,2,0,4,3,-1.12559,1667
0,2,0,4,4,2.91141,9
0,2,1,0,0,-1.31812,38
0,2,1,0,1,-1.26964,47
0,2,1,0,2,-1.20518,38
0,2,1,0,3,-1.26772,33
0,2,1,0,4,-1.17415,46
0,2,1,1,0,-1.08406,603
0,2,1,1,1,-1.17948,179
0,2,1,1,2,-1.23213,844
0,2,1,1,3,-1.13157,461
0,2,1,1,4,-1.24726,1112
0,2,1,2,0,-1.37263,1126
0,2,1,2,1,-1.13869,484
0,2,1,2,2,0.73431,1830
0,2,1,2,3,0.06484,968
0,2,1,2,4,-1.27152,2811
0,2,1,3,0,-1.19613,1413
0,2,1,3,1,-1.10713,722
0,2,1,3,2,-1.36559,2438
0,2,1,3,3,-0.44410,878
0,2,1,3,4,-1.08040,3497
0,2,1,4,0,-1.20231,819
0,2,1,4,1,-1.14001,362
0,2,1,4,2,-1.35553,1208
0,2,1,4,3,-1.07785,349
0,2,1,4,4,-1.29733,1642
0,2,2,0,0,-0.21287,4
0,2,2,0,1,-0.10421,4
0,2,2,0,2,-0.17429,2
0,2,2,0,3,-0.12818,9
0,2,2,0,4,-0.64056,8
0,2,2,1,0,0.57724,24
0,2,2,1,1,-1.41522,96
0,2,2,1,2,-1.22855,19
0,2,2,1,3,-1.26958,244
0,2,2,1,4,-1.38825,481
0,2,2,2,0,0.15666,52
0,2,2,2,1,-1.13083,210
0,2,2,2,2,-1.09682,44
0,2,2,2,3,-1.17409,411
0,2,2,2,4,-1.15090,871
0,2,2,3,0,-1.12592,63
0,2,2,3,1,0.20449,260
0,2,2,3,2,-0.89703,50
0,2,2,3,3,-1.20456,459
0,2,2,3,4,-1.27290,1043
0,2,2,4,0,0.35076,36
0,2,2,4,1,-1.22782,222
0,2,2,4,2,-1.21307,33
0,2,2,4,3,-1.21622,247
0,2,2,4,4,-1.28839,671
0,2,3,0,0,-1.17782,27
0,2,3,0,1,-1.23182,13
0,2,3,0,2,-1.36617,9
0,2,3,0,3,-1.17232,11
0,2,3,0,4,-1.30690,46
0,2,3,1,0,-1.33101,219
0,2,3,1,1,-1.31956,67
0,2,3,1,2,-1.27066,178
0,2,3,1,3,-1.30372,215
0,2,3,1,4,-1.15495,159
0,2,3,2,0,-1.24235,358
0,2,3,2,1,1.48710,158
0,2,3,2,2,-0.74482,135
0,2,3,2,3,-0.65300,414
0,2,3,2,4,-1.05167,281
0,2,3,3,0,-1.16548,518
0,2,3,3,1,-0.93803,145
0,2,3,3,2,-1.39809,217
0,2,3,3,3,-1.33558,388
0,2,3,3,4,-1.15918,417
0,2,3,4,0,-0.01593,344
0,2,3,4,1,-0.70317,60
0,2,3,4,2,-1.19219,123
0,2,3,4,3,-1.11968,362
0,2,3,4,4,-1.23419,341
0,2,4,0,0,0.56784,0
0,2,4,0,1,0.19137,0
0,2,4,0,2,-0.96448,3
0,2,4,0,3,-0.34619,10
0,2,4,0,4,-1.25640,72
0,2,4,1,0,-1.39945,54
0,2,4,1,1,-1.45904,75
0,2,4,1,2,-1.39573,92
0,2,4,1,3,-1.23821,98
0,2,4,1,4,-1.13682,289
0,2,4,2,0,-0.52333,304
0,2,4,2,1,0.11385,289
0,2,4,2,2,-0.52334,203
0,2,4,2,3,-1.37387,362
0,2,4,2,4,-1.25502,758
0,2,4,3,0,0.14856,276
0,2,4,3,1,1.37313,383
0,2,4,3,2,-1.31996,189
0,2,4,3,3,-1.16265,425
0,2,4,3,4,-0.43054,1260
0,2,4,4,0,0.48938,131
0,2,4,4,1,1.21892,103
0,2,4,4,2,0.12927,87
0,2,4,4,3,-1.29882,295
0,2,4,4,4,-1.23950,585
0,3,0,0,0,0.41496,0
0,3,0,0,1,0.33765,0
0,3,0,0,2,0.49048,0
0,3,0,0,3,0.89175,0
0,3,0,0,4,0.58264,0
0,3,0,1,0,1.41740,27
0,3,0,1,1,3.82377,16
0,3,0,1,2,3.88162,15
0,3,0,1,3,1.70911,1063
0,3,0,1,4,3.90118,19
0,3,0,2,0,2.81277,18
0,3,0,2,1,2.58286,5
0,3,0,2,2,3.53870,6
0,3,0,2,3,-1.12489,256
0,3,0,2,4,3.17836,6
0,3,0,3,0,1.06856,27
0,3,0,3,1,2.29221,18
0,3,0,3,2,2.13211,53
0,3,0,3,3,-0.12412,1957
0,3,0,3,4,-0.13517,29
0,3,0,4,0,0.81438,0
0,3,0,4,1,-0.54046,10
0,3,0,4,2,-0.61692,6
0,3,0,4,3,-1.12463,867
0,3,0,4,4,0.91245,4
0,3,1,0,0,-0.78516,16
0,3,1,0,1,-0.76023,8
0,3,1,0,2,-0.90068,11
0,3,1,0,3,-0.77878,11
0,3,1,0,4,-0.74107,35
0,3,1,1,0,1.80030,411
0,3,1,1,1,0.13538,267
0,3,1,1,2,1.74564,13
0,3,1,1,3,-1.20186,419
0,3,1,1,4,-1.02518,3390
0,3,1,2,0,-1.35895,274
0,3,1,2,1,-0.58987,201
0,3,1,2,2,-1.04760,3
0,3,1,2,3,-1.22015,793
0,3,1,2,4,1.89995,6125
0,3,1,3,0,-1.11696,503
0,3,1,3,1,-0.14935,555
0,3,1,3,2,-0.99293,10
0,3,1,3,3,-0.43113,1167
0,3,1,3,4,-0.78974,10100
0,3,1,4,0,-0.88180,473
0,3,1,4,1,0.52913,482
0,3,1,4,2,3.99905,148
0,3,1,4,3,-1.01507,935
0,3,1,4,4,-1.12824,5598
0,3,2,0,0,-1.24645,25
0,3,2,0,1,-1.25314,46
0,3,2,0,2,-1.25314,39
0,3,2,0,3,-1.31559,24
0,3,2,0,4,-1.26072,40
0,3,2,1,0,-1.36348,61
0,3,2,1,1,-0.43349,73
0,3,2,1,2,0.19419,8
0,3,2,1,3,-0.93742,65
0,3,2,1,4,-1.23462,356
0,3,2,2,0,-0.91637,14
0,3,2,2,1,-0.36188,8
0,3,2,2,2,0.00199,8
0,3,2,2,3,-1.24317,56
0,3,2,2,4,-1.23816,296
0,3,2,3,0,-1.19377,39
0,3,2,3,1,-0.51157,123
0,3,2,3,2,-0.61399,27
0,3,2,3,3,-0.57407,96
0,3,2,3,4,-1.09182,464
0,3,2,4,0,-1.22040,95
0,3,2,4,1,-1.10308,162
0,3,2,4,2,1.88446,26
0,3,2,4,3,-1.21701,22
0,3,2,4,4,-1.12720,569
0,3,3,0,0,-0.34937,3
0,3,3,0,1,-0.36689,27
0,3,3,0,2,-0.36217,4
0,3,3,0,3,-0.51415,12
0,3,3,0,4,-0.20150,4
0,3,3,1,0,-1.30320,124
0,3,3,1,1,-1.32165,339
0,3,3,1,2,-1.32301,77
0,3,3,1,3,-1.32297,71
0,3,3,1,4,-1.27091,492
0,3,3,2,0,-0.60938,102
0,3,3,2,1,-1.26312,244
0,3,3,2,2,0.30691,66
0,3,3,2,3,0.30691,77
0,3,3,2,4,-0.07895,197
0,3,3,3,0,-1.27838,117
0,3,3,3,1,-1.20645,407
0,3,3,3,2,-1.32669,98
0,3,3,3,3,-1.11323,98
0,3,3,3,4,-1.27068,260
0,3,3,4,0,-1.17641,66
0,3,3,4,1,-0.78818,422
0,3,3,4,2,-1.39266,70
0,3,3,4,3,-1.25770,43
0,3,3,4,4,-1.38180,614
0,3,4,0,0,-1.02817,3
0,3,4,0,1,-0.50262,21
0,3,4,0,2,-1.18151,5
0,3,4,0,3,0.26269,22
0,3,4,0,4,-1.37214,36
0,3,4,1,0,-1.37732,98
0,3,4,1,1,-1.39951,82
0,3,4,1,2,-1.46670,104
0,3,4,1,3,-1.33701,76
0,3,4,1,4,-1.37227,255
0,3,4,2,0,-0.36091,72
0,3,4,2,1,-0.36213,39
0,3,4,2,2,-1.30306,140
0,3,4,2,3,-0.36408,118
0,3,4,2,4,-1.23739,148
0,3,4,3,0,-1.06437,77
0,3,4,3,1,-1.16185,44
0,3,4,3,2,-1.29434,311
0,3,4,3,3,-1.39489,132
0,3,4,3,4,-1.14246,198
0,3,4,4,0,1.44389,33
0,3,4,4,1,-1.11046,43
0,3,4,4,2,-1.20934,228
0,3,4,4,3,-1.14453,163
0,3,4,4,4,-1.16314,200
0,4,0,0,0,-1.17798,40
0,4,0,0,1,-0.99048,39
0,4,0,0,2,-0.99046,38
0,4,0,0,3,-0.98773,101
0,4,0,0,4,-0.99048,38
0,4,0,1,0,0.44436,0
0,4,0,1,1,-0.14897,34
0,4,0,1,2,0.49640,0
0,4,0,1,3,-0.73373,9
0,4,0,1,4,0.43452,0
0,4,0,2,0,0.97722,0
0,4,0,2,1,0.63910,0
0,4,0,2,2,0.79022,0
0,4,0,2,3,1.80538,465
0,4,0,2,4,0.95507,0
0,4,0,3,0,0.31475,0
0,4,0,3,1,0.07170,17
0,4,0,3,2,0.83725,0
0,4,0,3,3,3.99412,391
0,4,0,3,4,0.22118,0
0,4,0,4,0,0.08068,0
0,4,0,4,1,-0.08415,108
0,4,0,4,2,0.76001,0
0,4,0,4,3,-1.09372,197
0,4,0,4,4,0.54052,0
0,4,1,0,0,-0.23489,4
0,4,1,0,1,-0.23528,4
0,4,1,0,2,-0.40548,5
0,4,1,0,3,-0.22620,4
0,4,1,0,4,-0.01005,3
0,4,1,1,0,0.74563,0
0,4,1,1,1,0.18427,0
0,4,1,1,2,0.64329,80
0,4,1,1,3,2.73480,7
0,4,1,1,4,1.44106,294
0,4,1,2,0,0.54551,0
0,4,1,2,1,0.13330,0
0,4,1,2,2,-1.19140,82
0,4,1,2,3,-1.00625,16
0,4,1,2,4,-1.00520,171
0,4,1,3,0,0.91378,0
0,4,1,3,1,0.52710,0
0,4,1,3,2,-1.28152,289
0,4,1,3,3,-1.37020,7
0,4,1,3,4,-1.15259,144
0,4,1,4,0,0.51741,0
0,4,1,4,1,-0.90746,3
0,4,1,4,2,-1.26551,314
0,4,1,4,3,-1.13204,150
0,4,1,4,4,1.08811,167
0,4,2,0,0,-0.35625,8
0,4,2,0,1,-0.22622,4
0,4,2,0,2,-0.20150,4
0,4,2,0,3,-0.41331,9
0,4,2,0,4,0.00180,20
0,4,2,1,0,0.32212,0
0,4,2,1,1,1.25026,6
0,4,2,1,2,0.45008,0
0,4,2,1,3,-1.10439,33
0,4,2,1,4,2.27595,105
0,4,2,2,0,0.37879,0
0,4,2,2,1,0.32049,0
0,4,2,2,2,0.27980,0
0,4,2,2,3,0.94097,0
0,4,2,2,4,-0.85320,12
0,4,2,3,0,0.77990,0
0,4,2,3,1,0.24153,0
0,4,2,3,2,0.04848,0
0,4,2,3,3,-1.02841,15
0,4,2,3,4,-1.24041,371
0,4,2,4,0,0.52677,0
0,4,2,4,1,0.36115,0
0,4,2,4,2,0.33993,0
0,4,2,4,3,-1.09401,43
0,4,2,4,4,-1.37636,134
0,4,3,0,0,0.18525,0
0,4,3,0,1,0.27955,0
0,4,3,0,2,0.50344,0
0,4,3,0,3,0.06147,0
0,4,3,0,4,0.89461,0
0,4,3,1,0,-1.43492,14
0,4,3,1,1,-1.07705,4
0,4,3,1,2,-1.01884,5
0,4,3,1,3,-1.06512,7
0,4,3,1,4,-1.37809,40
0,4,3,2,0,1.76866,12
0,4,3,2,1,0.65745,0
0,4,3,2,2,0.19921,0
0,4,3,2,3,0.19984,0
0,4,3,2,4,0.41907,26
0,4,3,3,0,0.46214,0
0,4,3,3,1,0.89431,0
0,4,3,3,2,-1.11995,8
0,4,3,3,3,0.34164,0
0,4,3,3,4,-1.07147,85
0,4,3,4,0,-1.05231,31
0,4,3,4,1,0.27290,0
0,4,3,4,2,1.37839,21
0,4,3,4,3,0.02354,0
0,4,3,4,4,-1.14907,208
0,4,4,0,0,-0.83582,16
0,4,4,0,1,-0.72823,5
0,4,4,0,2,-0.83583,36
0,4,4,0,3,-0.29312,3
0,4,4,0,4,-0.61445,20
0,4,4,1,0,-0.82834,9
0,4,4,1,1,-0.61633,9
0,4,4,1,2,-0.63250,12
0,4,4,1,3,-0.63852,7
0,4,4,1,4,-1.16400,11
0,4,4,2,0,0.63833,0
0,4,4,2,1,0.37340,0
0,4,4,2,2,0.05045,0
0,4,4,2,3,0.97840,0
0,4,4,2,4,0.01854,0
0,4,4,3,0,-0.53068,13
0,4,4,3,1,-1.02114,24
0,4,4,3,2,0.32777,0
0,4,4,3,3,-0.42947,11
0,4,4,3,4,-0.68888,17
0,4,4,4,0,1.13534,3
0,4,4,4,1,1.10208,18
0,4,4,4,2,-0.83696,15
0,4,4,4,3,0.99880,0
0,4,4,4,4,1.96945,7
1,0,0,0,0,0.76811,0
1,0,0,0,1,0.86373,0
1,0,0,0,2,0.01024,0
1,0,0,0,3,0.42575,0
1,0,0,0,4,0.56088,0
1,0,0,1,0,0.29814,0
1,0,0,1,1,0.28931,0
1,0,0,1,2,0.85269,0
1,0,0,1,3,0.69807,0
1,0,0,1,4,0.52070,0
1,0,0,2,0,0.71391,0
1,0,0,2,1,-0.34967,5
1,0,0,2,2,0.87734,0
1,0,0,2,3,0.49542,0
1,0,0,2,4,0.75356,0
1,0,0,3,0,0.93828,0
1,0,0,3,1,7.99505,62
1,0,0,3,2,1.11490,1
1,0,0,3,3,0.39300,0
1,0,0,3,4,0.96865,0
1,0,0,4,0,0.27889,0
1,0,0,4,1,2.45674,61
1,0,0,4,2,0.59172,1
1,0,0,4,3,6.88818,6
1,0,0,4,4,0.41221,0
1,0,1,0,0,1.45191,12
1,0,1,0,1,0.19260,0
1,0,1,0,2,0.34262,0
1,0,1,0,3,0.28698,0
1,0,1,0,4,0.26179,0
1,0,1,1,0,-0.64554,3046
1,0,1,1,1,0.71617,1230
1,0,1,1,2,-0.64675,164
1,0,1,1,3,0.42779,607
1,0,1,1,4,-0.04328,87
1,0,1,2,0,-0.77714,9501
1,0,1,2,1,-0.74869,2969
1,0,1,2,2,-0.25641,410
1,0,1,2,3,1.20621,2748
1,0,1,2,4,-0.77383,282
1,0,1,3,0,-0.95724,13283
1,0,1,3,1,-0.97776,4343
1,0,1,3,2,-0.91520,807
1,0,1,3,3,-0.49658,4469
1,0,1,3,4,-0.57821,360
1,0,1,4,0,-0.35782,4118
1,0,1,4,1,-0.37823,2333
1,0,1,4,2,0.52181,363
1,0,1,4,3,2.40845,1326
1,0,1,4,4,-0.33722,334
1,0,2,0,0,0.80616,6
1,0,2,0,1,0.29024,3
1,0,2,0,2,0.32195,0
1,0,2,0,3,0.14822,8
1,0,2,0,4,0.39741,3
1,0,2,1,0,-0.40684,218
1,0,2,1,1,0.95835,237
1,0,2,1,2,-0.02741,133
1,0,2,1,3,-0.98424,843
1,0,2,1,4,0.75349,1231
1,0,2,2,0,-0.84025,486
1,0,2,2,1,-0.83159,772
1,0,2,2,2,0.39543,355
1,0,2,2,3,-0.31849,2774
1,0,2,2,4,-0.15106,3678
1,0,2,3,0,-0.33805,1078
1,0,2,3,1,-0.76606,858
1,0,2,3,2,-0.19884,442
1,0,2,3,3,0.49959,4208
1,0,2,3,4,0.08044,4842
1,0,2,4,0,-0.55575,297
1,0,2,4,1,-0.56885,258
1,0,2,4,2,-0.76303,138
1,0,2,4,3,0.42013,1401
1,0,2,4,4,-0.60413,1365
1,0,3,0,0,0.66080,0
1,0,3,0,1,1.44296,4
1,0,3,0,2,0.33448,0
1,0,3,0,3,0.30718,0
1,0,3,0,4,0.33186,0
1,0,3,1,0,-1.05943,642
1,0,3,1,1,-1.05021,87
1,0,3,1,2,-1.03965,239
1,0,3,1,3,-0.96563,267
1,0,3,1,4,-0.55008,93
1,0,3,2,0,0.59784,2372
1,0,3,2,1,-0.24074,309
1,0,3,2,2,1.32654,929
1,0,3,2,3,0.44718,846
1,0,3,2,4,-0.26836,173
1,0,3,3,0,1.25134,3406
1,0,3,3,1,0.30861,379
1,0,3,3,2,-0.35082,1250
1,0,3,3,3,0.55196,904
1,0,3,3,4,0.20613,196
1,0,3,4,0,-0.47658,1187
1,0,3,4,1,-0.32489,150
1,0,3,4,2,-0.85854,387
1,0,3,4,3,-1.17495,359
1,0,3,4,4,-0.83363,47
1,0,4,0,0,0.40411,0
1,0,4,0,1,0.37576,0
1,0,4,0,2,0.17827,0
1,0,4,0,3,0.32444,1
1,0,4,0,4,0.59515,0
1,0,4,1,0,-1.19213,56
1,0,4,1,1,-1.26567,95
1,0,4,1,2,-1.23788,231
1,0,4,1,3,0.10384,353
1,0,4,1,4,-1.33287,110
1,0,4,2,0,-0.99842,131
1,0,4,2,1,-1.04925,256
1,0,4,2,2,-1.12991,1413
1,0,4,2,3,0.21015,908
1,0,4,2,4,-1.06936,567
1,0,4,3,0,-1.00009,141
1,0,4,3,1,-0.96101,341
1,0,4,3,2,-0.99763,1699
1,0,4,3,3,-0.70778,1381
1,0,4,3,4,-0.94087,669
1,0,4,4,0,-1.22913,55
1,0,4,4,1,-0.97112,129
1,0,4,4,2,-1.14686,816
1,0,4,4,3,0.18885,468
1,0,4,4,4,-0.68603,318
1,1,0,0,0,0.58765,0
1,1,0,0,1,0.65451,0
1,1,0,0,2,0.48025,0
1,1,0,0,3,0.96521,0
1,1,0,0,4,0.68513,0
1,1,0,1,0,0.37957,0
1,1,0,1,1,0.30029,0
1,1,0,1,2,0.34025,66
1,1,0,1,3,2.73616,2535
1,1,0,1,4,0.17682,2
1,1,0,2,0,0.54774,22
1,1,0,2,1,-0.97668,62
1,1,0,2,2,-0.67001,82
1,1,0,2,3,0.99499,20089
1,1,0,2,4,1.80206,13
1,1,0,3,0,1.03621,82
1,1,0,3,1,-0.14484,43
1,1,0,3,2,-0.37151,39
1,1,0,3,3,0.89137,21645
1,1,0,3,4,-0.41333,8
1,1,0,4,0,1.94591,63
1,1,0,4,1,0.88729,156
1,1,0,4,2,0.90269,12
1,1,0,4,3,1.29415,4217
1,1,0,4,4,0.55341,0
1,1,1,0,0,-1.08490,147
1,1,1,0,1,1.89530,117
1,1,1,0,2,-1.25115,61
1,1,1,0,3,-1.18711,364
1,1,1,0,4,-1.12587,106
1,1,1,1,0,1.50763,6415
1,1,1,1,1,-0.64662,6927
1,1,1,1,2,2.76205,379
1,1,1,1,3,2.11363,39986
1,1,1,1,4,-0.75511,12113
1,1,1,2,0,-0.76476,25640
1,1,1,2,1,-0.94797,29281
1,1,1,2,2,-0.68571,1516
1,1,1,2,3,-0.37299,195460
1,1,1,2,4,-1.08175,41818
1,1,1,3,0,-0.94178,33800
1,1,1,3,1,-0.99511,34377
1,1,1,3,2,-0.94362,1998
1,1,1,3,3,0.29471,245391
1,1,1,3,4,-0.24415,46187
1,1,1,4,0,-0.13812,10284
1,1,1,4,1,-0.65908,9178
1,1,1,4,2,-0.29503,890
1,1,1,4,3,-0.54717,64128
1,1,1,4,4,-0.56963,17472
1,1,2,0,0,-0.98522,78
1,1,2,0,1,-1.10005,81
1,1,2,0,2,-1.08993,34
1,1,2,0,3,-0.31431,74
1,1,2,0,4,-1.00787,25
1,1,2,1,0,-0.15821,2714
1,1,2,1,1,-0.22783,7795
1,1,2,1,2,0.38207,1952
1,1,2,1,3,0.31003,10323
1,1,2,1,4,-0.92476,3504
1,1,2,2,0,-0.58285,13076
1,1,2,2,1,-0.65614,50573
1,1,2,2,2,-0.66072,9035
1,1,2,2,3,0.35805,52318
1,1,2,2,4,-0.13320,11922
1,1,2,3,0,-0.98022,15578
1,1,2,3,1,-0.95673,60798
1,1,2,3,2,-0.96168,9408
1,1,2,3,3,-0.19058,62235
1,1,2,3,4,0.51920,13383
1,1,2,4,0,-0.70450,4685
1,1,2,4,1,-0.75097,13558
1,1,2,4,2,-0.77435,2452
1,1,2,4,3,0.89065,15029
1,1,2,4,4,-0.50725,4078
1,1,3,0,0,-1.12474,49
1,1,3,0,1,-1.05117,35
1,1,3,0,2,-1.16790,37
1,1,3,0,3,-1.04794,95
1,1,3,0,4,-1.06427,37
1,1,3,1,0,-1.14512,1897
1,1,3,1,1,-1.14692,970
1,1,3,1,2,-1.19804,3622
1,1,3,1,3,-0.40013,4802
1,1,3,1,4,-1.12672,598
1,1,3,2,0,-0.06528,11000
1,1,3,2,1,-0.70424,5252
1,1,3,2,2,-0.21574,17018
1,1,3,2,3,0.13196,29504
1,1,3,2,4,-1.01800,2493
1,1,3,3,0,0.23686,14495
1,1,3,3,1,-0.62643,6908
1,1,3,3,2,-0.06870,20658
1,1,3,3,3,0.10051,36473
1,1,3,3,4,-0.03085,2699
1,1,3,4,0,-0.37338,3689
1,1,3,4,1,-1.09088,2040
1,1,3,4,2,-0.78056,5794
1,1,3,4,3,-0.82427,9076
1,1,3,4,4,-0.54175,788
1,1,4,0,0,-0.89258,28
1,1,4,0,1,0.26090,6
1,1,4,0,2,-0.52563,16
1,1,4,0,3,0.22437,24
1,1,4,0,4,0.18252,0
1,1,4,1,0,-1.15126,1433
1,1,4,1,1,-1.20228,527
1,1,4,1,2,-1.15151,783
1,1,4,1,3,0.13994,2693
1,1,4,1,4,-1.20916,827
1,1,4,2,0,-0.99904,7246
1,1,4,2,1,-0.99906,2252
1,1,4,2,2,-0.99894,3322
1,1,4,2,3,-1.15218,19318
1,1,4,2,4,-0.99907,2198
1,1,4,3,0,-0.15236,8692
1,1,4,3,1,0.09420,2135
1,1,4,3,2,-0.68217,3967
1,1,4,3,3,1.10684,22785
1,1,4,3,4,-0.34560,2269
1,1,4,4,0,0.65758,2207
1,1,4,4,1,-0.99170,548
1,1,4,4,2,-0.40394,885
1,1,4,4,3,-0.36079,5310
1,1,4,4,4,-0.99102,1082
1,2,0,0,0,-0.84436,77
1,2,0,0,1,-0.82412,95
1,2,0,0,2,0.86863,16
1,2,0,0,3,-0.84553,18
1,2,0,0,4,-0.84706,13
1,2,0,1,0,-0.61628,12
1,2,0,1,1,0.71760,5202
1,2,0,1,2,1.91636,191
1,2,0,1,3,2.69195,3184
1,2,0,1,4,2.30397,16
1,2,0,2,0,2.19935,17
1,2,0,2,1,1.25543,30451
1,2,0,2,2,0.55892,2478
1,2,0,2,3,-0.59896,10152
1,2,0,2,4,-0.83819,24
1,2,0,3,0,-0.35293,34
1,2,0,3,1,0.17991,35655
1,2,0,3,2,-0.24437,2340
1,2,0,3,3,-0.06052,12937
1,2,0,3,4,1.31022,24
1,2,0,4,0,1.58733,116
1,2,0,4,1,1.41014,6976
1,2,0,4,2,1.23369,184
1,2,0,4,3,1.19477,3041
1,2,0,4,4,1.00474,92
1,2,1,0,0,-1.25078,141
1,2,1,0,1,-0.57807,284
1,2,1,0,2,-1.37129,42
1,2,1,0,3,-1.18809,209
1,2,1,0,4,-1.24096,287
1,2,1,1,0,-1.01335,7848
1,2,1,1,1,-0.84683,16241
1,2,1,1,2,-1.06663,766
1,2,1,1,3,-0.69751,8607
1,2,1,1,4,-0.38501,4320
1,2,1,2,0,-0.91808,28079
1,2,1,2,1,0.42045,74864
1,2,1,2,2,-0.43727,3206
1,2,1,2,3,-0.90707,23155
1,2,1,2,4,-0.89119,12549
1,2,1,3,0,-1.00081,37180
1,2,1,3,1,-0.79904,86880
1,2,1,3,2,-0.99035,3468
1,2,1,3,3,-0.96643,26933
1,2,1,3,4,-0.99573,9742
1,2,1,4,0,-0.69367,12540
1,2,1,4,1,-0.17663,21786
1,2,1,4,2,0.32349,922
1,2,1,4,3,-0.77025,7788
1,2,1,4,4,0.34330,3344
1,2,2,0,0,-1.17363,63
1,2,2,0,1,-1.22397,86
1,2,2,0,2,-0.80599,137
1,2,2,0,3,-1.13022,61
1,2,2,0,4,-1.13021,71
1,2,2,1,0,-0.48825,1837
1,2,2,1,1,-0.61618,3011
1,2,2,1,2,-0.68488,9194
1,2,2,1,3,-0.79564,804
1,2,2,1,4,-0.79834,3344
1,2,2,2,0,-0.58123,5909
1,2,2,2,1,-0.65821,12681
1,2,2,2,2,-0.68706,47019
1,2,2,2,3,-0.46419,2146
1,2,2,2,4,0.78499,7244
1,2,2,3,0,-0.99949,7946
1,2,2,3,1,-0.99961,14400
1,2,2,3,2,-0.99960,54870
1,2,2,3,3,-0.98742,2968
1,2,2,3,4,-0.40383,7770
1,2,2,4,0,-0.72458,2466
1,2,2,4,1,-0.51987,4022
1,2,2,4,2,0.00575,14391
1,2,2,4,3,-0.79344,952
1,2,2,4,4,-0.03631,2768
1,2,3,0,0,-1.12151,183
1,2,3,0,1,-1.12740,80
1,2,3,0,2,-0.98535,63
1,2,3,0,3,-1.11922,120
1,2,3,0,4,-1.25059,176
1,2,3,1,0,-1.11605,4587
1,2,3,1,1,-1.09731,1796
1,2,3,1,2,-1.09794,2305
1,2,3,1,3,-1.12928,1536
1,2,3,1,4,-1.12928,4212
1,2,3,2,0,-0.98170,12030
1,2,3,2,1,-0.77942,6156
1,2,3,2,2,-0.62248,8145
1,2,3,2,3,-0.04242,5130
1,2,3,2,4,0.35283,11352
1,2,3,3,0,-1.15730,13836
1,2,3,3,1,0.32114,7431
1,2,3,3,2,-1.11798,8766
1,2,3,3,3,-1.11286,5056
1,2,3,3,4,0.09381,12348
1,2,3,4,0,-1.17103,5561
1,2,3,4,1,-0.99891,1922
1,2,3,4,2,-1.10597,2708
1,2,3,4,3,0.11756,2204
1,2,3,4,4,-0.99163,5496
1,2,4,0,0,-1.04257,110
1,2,4,0,1,-1.14560,46
1,2,4,0,2,-0.14574,5
1,2,4,0,3,-1.21946,138
1,2,4,0,4,-0.77843,13
1,2,4,1,0,-1.20367,3226
1,2,4,1,1,-1.15498,779
1,2,4,1,2,-0.88704,685
1,2,4,1,3,-1.18828,1359
1,2,4,1,4,-1.36816,676
1,2,4,2,0,0.12116,10481
1,2,4,2,1,-0.13592,2804
1,2,4,2,2,-0.53666,2688
1,2,4,2,3,-0.89984,7808
1,2,4,2,4,-0.06048,2903
1,2,4,3,0,-1.00330,14415
1,2,4,3,1,-0.93454,4250
1,2,4,3,2,-0.11804,2596
1,2,4,3,3,-1.08225,8459
1,2,4,3,4,-1.00280,2806
1,2,4,4,0,-1.00898,5321
1,2,4,4,1,-1.00235,1107
1,2,4,4,2,-0.99891,753
1,2,4,4,3,-1.05870,2799
1,2,4,4,4,-1.06907,769
1,3,0,0,0,-0.88654,89
1,3,0,0,1,-0.95748,19
1,3,0,0,2,-0.88850,33
1,3,0,0,3,-0.88899,32
1,3,0,0,4,-0.87746,21
1,3,0,1,0,-0.81135,711
1,3,0,1,1,0.67533,41
1,3,0,1,2,0.02699,3594
1,3,0,1,3,-0.95091,244
1,3,0,1,4,2.50650,2030
1,3,0,2,0,-0.93314,1274
1,3,0,2,1,0.11200,121
1,3,0,2,2,2.08400,11257
1,3,0,2,3,0.24488,480
1,3,0,2,4,-0.52184,5437
1,3,0,3,0,-0.15992,1481
1,3,0,3,1,-0.16818,254
1,3,0,3,2,0.39009,16136
1,3,0,3,3,1.09454,708
1,3,0,3,4,-0.17904,5589
1,3,0,4,0,-0.94718,574
1,3,0,4,1,1.44208,56
1,3,0,4,2,-0.93211,5073
1,3,0,4,3,-0.98554,129
1,3,0,4,4,0.94905,2367
1,3,1,0,0,-1.10071,115
1,3,1,0,1,-0.99262,57
1,3,1,0,2,-1.20040,85
1,3,1,0,3,-1.20053,174
1,3,1,0,4,-1.13365,125
1,3,1,1,0,-0.95288,4801
1,3,1,1,1,-1.00317,1687
1,3,1,1,2,-0.52849,2075
1,3,1,1,3,-0.83261,10277
1,3,1,1,4,-0.56485,867
1,3,1,2,0,-0.94401,5815
1,3,1,2,1,-0.21550,2513
1,3,1,2,2,-0.75685,5230
1,3,1,2,3,-1.10787,22798
1,3,1,2,4,-0.51505,481
1,3,1,3,0,-1.00387,8317
1,3,1,3,1,0.74683,3442
1,3,1,3,2,-0.77642,6159
1,3,1,3,3,-1.05059,32419
1,3,1,3,4,0.31733,623
1,3,1,4,0,-1.11351,5757
1,3,1,4,1,-0.80725,2039
1,3,1,4,2,-1.00732,1918
1,3,1,4,3,-0.96524,17284
1,3,1,4,4,-0.91734,723
1,3,2,0,0,-1.09237,99
1,3,2,0,1,-1.01897,52
1,3,2,0,2,-1.11299,74
1,3,2,0,3,-1.02341,56
1,3,2,0,4,-1.00746,34
1,3,2,1,0,-0.46682,1246
1,3,2,1,1,-0.60011,1713
1,3,2,1,2,-0.64408,2916
1,3,2,1,3,-0.60011,515
1,3,2,1,4,-0.90470,2064
1,3,2,2,0,-0.54460,1456
1,3,2,2,1,0.27905,1897
1,3,2,2,2,0.34890,4240
1,3,2,2,3,-0.65751,513
1,3,2,2,4,-0.46398,3299
1,3,2,3,0,-0.43609,2457
1,3,2,3,1,0.50877,2339
1,3,2,3,2,-0.57715,7086
1,3,2,3,3,-0.75229,759
1,3,2,3,4,-0.70225,4280
1,3,2,4,0,0.23242,1976
1,3,2,4,1,-0.07565,1812
1,3,2,4,2,-0.97147,3778
1,3,2,4,3,-0.07568,460
1,3,2,4,4,2.30719,1775
1,3,3,0,0,-1.16788,170
1,3,3,0,1,-1.13397,95
1,3,3,0,2,-1.13121,51
1,3,3,0,3,-1.12530,66
1,3,3,0,4,-1.11883,201
1,3,3,1,0,-1.18202,5168
1,3,3,1,1,-0.94711,1804
1,3,3,1,2,-1.14251,761
1,3,3,1,3,-1.38394,864
1,3,3,1,4,-1.09301,1286
1,3,3,2,0,-0.89341,6197
1,3,3,2,1,-0.60138,2161
1,3,3,2,2,-1.09928,981
1,3,3,2,3,-0.66350,539
1,3,3,2,4,-0.87847,1653
1,3,3,3,0,-0.99225,7158
1,3,3,3,1,-1.10996,3300
1,3,3,3,2,-0.99706,959
1,3,3,3,3,-1.40712,1150
1,3,3,3,4,-0.67529,1980
1,3,3,4,0,-0.99997,5280
1,3,3,4,1,-0.99455,2093
1,3,3,4,2,-0.99994,591
1,3,3,4,3,-0.37499,519
1,3,3,4,4,-1.00809,857
1,3,4,0,0,-1.15846,83
1,3,4,0,1,-1.05515,58
1,3,4,0,2,-1.18704,72
1,3,4,0,3,-0.94860,63
1,3,4,0,4,-0.94313,390
1,3,4,1,0,-1.26181,1309
1,3,4,1,1,-1.20280,505
1,3,4,1,2,-1.15685,479
1,3,4,1,3,-1.33712,719
1,3,4,1,4,-1.25211,464
1,3,4,2,0,-1.01621,1646
1,3,4,2,1,-0.83066,632
1,3,4,2,2,-0.88277,692
1,3,4,2,3,-0.45027,672
1,3,4,2,4,-1.05174,760
1,3,4,3,0,-1.00777,2277
1,3,4,3,1,-1.00452,803
1,3,4,3,2,-1.00248,1282
1,3,4,3,3,0.17427,702
1,3,4,3,4,-0.98036,1341
1,3,4,4,0,-1.01459,1649
1,3,4,4,1,-1.00954,493
1,3,4,4,2,-1.00616,1058
1,3,4,4,3,-1.01353,513
1,3,4,4,4,-0.94439,617
1,4,0,0,0,-0.13092,4
1,4,0,0,1,-0.24800,3
1,4,0,0,2,-0.13474,5
1,4,0,0,3,1.81419,9
1,4,0,0,4,-0.33981,4
1,4,0,1,0,-0.16973,4
1,4,0,1,1,0.97222,2
1,4,0,1,2,-0.14109,130
1,4,0,1,3,0.01878,202
1,4,0,1,4,0.46186,3
1,4,0,2,0,0.41684,0
1,4,0,2,1,1.20305,4
1,4,0,2,2,2.13833,114
1,4,0,2,3,0.65229,844
1,4,0,2,4,1.97881,3
1,4,0,3,0,0.61438,0
1,4,0,3,1,0.50830,1
1,4,0,3,2,-0.06553,126
1,4,0,3,3,1.44394,502
1,4,0,3,4,0.86666,0
1,4,0,4,0,0.05269,0
1,4,0,4,1,5.88640,56
1,4,0,4,2,-0.59374,133
1,4,0,4,3,2.91594,544
1,4,0,4,4,0.86833,0
1,4,1,0,0,-0.69529,8
1,4,1,0,1,-0.68102,16
1,4,1,0,2,-0.76209,7
1,4,1,0,3,-0.34406,103
1,4,1,0,4,-0.69334,67
1,4,1,1,0,0.10086,0
1,4,1,1,1,-0.18267,95
1,4,1,1,2,0.76323,0
1,4,1,1,3,-0.68827,1301
1,4,1,1,4,-0.70434,19
1,4,1,2,0,0.81344,0
1,4,1,2,1,0.20359,88
1,4,1,2,2,0.41933,2
1,4,1,2,3,0.24569,693
1,4,1,2,4,-0.24783,7
1,4,1,3,0,-0.10086,2
1,4,1,3,1,0.14574,98
1,4,1,3,2,-0.02275,6
1,4,1,3,3,-1.09970,1370
1,4,1,3,4,0.37775,82
1,4,1,4,0,0.13267,4
1,4,1,4,1,0.00764,43
1,4,1,4,2,0.56756,0
1,4,1,4,3,-1.05593,1781
1,4,1,4,4,-0.38985,156
1,4,2,0,0,-0.79526,55
1,4,2,0,1,-0.74975,22
1,4,2,0,2,-0.78267,17
1,4,2,0,3,-0.94002,22
1,4,2,0,4,-0.79076,17
1,4,2,1,0,-0.16940,770
1,4,2,1,1,-0.58617,250
1,4,2,1,2,0.28232,62
1,4,2,1,3,-0.36336,124
1,4,2,1,4,-0.42959,219
1,4,2,2,0,1.28282,354
1,4,2,2,1,1.29156,151
1,4,2,2,2,0.85130,7
1,4,2,2,3,0.71559,143
1,4,2,2,4,-0.34159,55
1,4,2,3,0,-0.99697,994
1,4,2,3,1,0.35312,287
1,4,2,3,2,-0.39138,43
1,4,2,3,3,-0.99369,160
1,4,2,3,4,2.25132,111
1,4,2,4,0,0.41853,856
1,4,2,4,1,0.99968,304
1,4,2,4,2,0.44287,31
1,4,2,4,3,1.30352,134
1,4,2,4,4,0.44078,140
1,4,3,0,0,-0.97083,11
1,4,3,0,1,-0.93827,6
1,4,3,0,2,-0.99732,13
1,4,3,0,3,-0.99583,13
1,4,3,0,4,-0.96974,12
1,4,3,1,0,-1.00907,13
1,4,3,1,1,-1.12841,48
1,4,3,1,2,-0.86889,5
1,4,3,1,3,-1.28146,181
1,4,3,1,4,-0.97992,306
1,4,3,2,0,-0.58356,7
1,4,3,2,1,-0.86797,113
1,4,3,2,2,-0.74677,22
1,4,3,2,3,-0.68237,17
1,4,3,2,4,-0.98687,123
1,4,3,3,0,-0.22342,3
1,4,3,3,1,-0.83937,70
1,4,3,3,2,0.93724,34
1,4,3,3,3,-0.13059,157
1,4,3,3,4,0.42743,317
1,4,3,4,0,1.10541,13
1,4,3,4,1,-0.21978,80
1,4,3,4,2,0.39155,45
1,4,3,4,3,1.18460,63
1,4,3,4,4,0.60750,299
1,4,4,0,0,0.58636,0
1,4,4,0,1,0.27386,0
1,4,4,0,2,-0.57650,20
1,4,4,0,3,0.18059,28
1,4,4,0,4,0.58607,125
1,4,4,1,0,-0.99266,42
1,4,4,1,1,-1.18344,44
1,4,4,1,2,-1.05525,24
1,4,4,1,3,-1.11200,55
1,4,4,1,4,-0.99007,63
1,4,4,2,0,-0.47862,18
1,4,4,2,1,-0.11709,7
1,4,4,2,2,-0.82146,24
1,4,4,2,3,-0.49750,5
1,4,4,2,4,-1.00765,8
1,4,4,3,0,0.74563,115
1,4,4,3,1,0.60105,19
1,4,4,3,2,0.49285,0
1,4,4,3,3,1.55441,67
1,4,4,3,4,-0.92207,348
1,4,4,4,0,1.09079,67
1,4,4,4,1,1.62059,4
1,4,4,4,2,0.34405,0
1,4,4,4,3,0.57297,90
1,4,4,4,4,-0.91225,204
2,0,0,0,0,0.14258,0
2,0,0,0,1,0.01851,0
2,0,0,0,2,0.80410,0
2,0,0,0,3,0.27520,0
2,0,0,0,4,0.20064,0
2,0,0,1,0,0.94084,0
2,0,0,1,1,7.99764,60
2,0,0,1,2,3.66036,284
2,0,0,1,3,1.66593,71
2,0,0,1,4,0.18396,0
2,0,0,2,0,0.14463,1
2,0,0,2,1,7.99999,177
2,0,0,2,2,2.30367,1497
2,0,0,2,3,3.99987,120
2,0,0,2,4,0.95104,0
2,0,0,3,0,0.21574,0
2,0,0,3,1,0.68470,279
2,0,0,3,2,2.63161,2151
2,0,0,3,3,2.51353,167
2,0,0,3,4,0.98644,0
2,0,0,4,0,0.00080,0
2,0,0,4,1,7.95776,166
2,0,0,4,2,7.96832,880
2,0,0,4,3,3.47312,64
2,0,0,4,4,0.27167,0
2,0,1,0,0,0.27320,0
2,0,1,0,1,0.31594,0
2,0,1,0,2,0.02680,7
2,0,1,0,3,1.20490,137
2,0,1,0,4,0.20288,0
2,0,1,1,0,2.34960,685
2,0,1,1,1,2.41845,5810
2,0,1,1,2,2.76220,7154
2,0,1,1,3,1.78260,40809
2,0,1,1,4,2.76220,314
2,0,1,2,0,3.99983,940
2,0,1,2,1,3.53112,21734
2,0,1,2,2,3.99987,24222
2,0,1,2,3,2.74987,114798
2,0,1,2,4,3.99987,1132
2,0,1,3,0,3.99960,1862
2,0,1,3,1,1.66301,27870
2,0,1,3,2,2.74970,29967
2,0,1,3,3,1.17852,163321
2,0,1,3,4,2.78853,1396
2,0,1,4,0,3.99872,432
2,0,1,4,1,0.63168,10333
2,0,1,4,2,3.06154,11545
2,0,1,4,3,1.05389,63656
2,0,1,4,4,-0.82415,499
2,0,2,0,0,-0.19371,1
2,0,2,0,1,0.15294,9
2,0,2,0,2,-0.30591,3
2,0,2,0,3,0.53281,12
2,0,2,0,4,-0.36965,9
2,0,2,1,0,-0.08092,14
2,0,2,1,1,-0.32182,668
2,0,2,1,2,-0.24651,629
2,0,2,1,3,0.59037,2602
2,0,2,1,4,-0.09919,1515
2,0,2,2,0,0.56511,163
2,0,2,2,1,-0.57189,2268
2,0,2,2,2,1.30417,1365
2,0,2,2,3,-0.09005,8004
2,0,2,2,4,1.67633,3704
2,0,2,3,0,0.84030,172
2,0,2,3,1,0.66149,3130
2,0,2,3,2,1.02462,2155
2,0,2,3,3,1.86347,10951
2,0,2,3,4,-0.56054,5004
2,0,2,4,0,-0.18011,84
2,0,2,4,1,1.16843,727
2,0,2,4,2,3.00119,775
2,0,2,4,3,0.32441,4322
2,0,2,4,4,-0.62750,2556
2,0,3,0,0,0.35388,0
2,0,3,0,1,0.89599,0
2,0,3,0,2,0.78306,0
2,0,3,0,3,0.92078,9
2,0,3,0,4,0.19153,0
2,0,3,1,0,-0.99007,57
2,0,3,1,1,-0.99042,290
2,0,3,1,2,-0.28909,244
2,0,3,1,3,0.00608,1157
2,0,3,1,4,-0.98073,119
2,0,3,2,0,-0.99733,245
2,0,3,2,1,-0.70216,854
2,0,3,2,2,-0.95405,866
2,0,3,2,3,0.04459,4276
2,0,3,2,4,-0.70398,448
2,0,3,3,0,0.60250,311
2,0,3,3,1,-0.63731,1131
2,0,3,3,2,0.20072,1080
2,0,3,3,3,1.14993,5974
2,0,3,3,4,-0.44371,473
2,0,3,4,0,-0.91771,144
2,0,3,4,1,-0.77532,356
2,0,3,4,2,-0.19052,447
2,0,3,4,3,0.55073,1916
2,0,3,4,4,-0.97540,139
2,0,4,0,0,0.57943,0
2,0,4,0,1,0.18386,0
2,0,4,0,2,0.36836,0
2,0,4,0,3,0.77532,0
2,0,4,0,4,0.78764,0
2,0,4,1,0,-1.11466,160
2,0,4,1,1,-1.14871,259
2,0,4,1,2,-1.07624,741
2,0,4,1,3,-0.02743,785
2,0,4,1,4,-1.11136,203
2,0,4,2,0,-1.00007,542
2,0,4,2,1,-0.91930,820
2,0,4,2,2,-0.99917,3697
2,0,4,2,3,0.29704,2630
2,0,4,2,4,-0.88305,652
2,0,4,3,0,0.45050,514
2,0,4,3,1,0.07194,1194
2,0,4,3,2,0.40321,4848
2,0,4,3,3,0.83262,3801
2,0,4,3,4,0.23097,904
2,0,4,4,0,0.17488,175
2,0,4,4,1,-0.17112,356
2,0,4,4,2,-0.04527,1421
2,0,4,4,3,1.86528,1143
2,0,4,4,4,0.03806,202
2,1,0,0,0,-0.66623,7
2,1,0,0,1,-0.35261,4
2,1,0,0,2,0.00276,0
2,1,0,0,3,-0.09700,5
2,1,0,0,4,-0.63581,4
2,1,0,1,0,-0.23960,6
2,1,0,1,1,-0.87276,1859
2,1,0,1,2,0.34543,4412
2,1,0,1,3,-0.90313,1960
2,1,0,1,4,0.49291,3
2,1,0,2,0,-0.30296,99
2,1,0,2,1,-0.68152,14326
2,1,0,2,2,0.69735,34294
2,1,0,2,3,-0.76112,12488
2,1,0,2,4,-0.95591,53
2,1,0,3,0,-0.56390,100
2,1,0,3,1,1.39278,14739
2,1,0,3,2,3.04458,41685
2,1,0,3,3,2.04428,14650
2,1,0,3,4,-0.59407,250
2,1,0,4,0,0.67077,11
2,1,0,4,1,-0.38787,2349
2,1,0,4,2,1.70909,9863
2,1,0,4,3,-0.54091,3884
2,1,0,4,4,-0.08965,7
2,1,1,0,0,-1.12693,339
2,1,1,0,1,-1.09519,173
2,1,1,0,2,-0.88011,196
2,1,1,0,3,-1.13199,341
2,1,1,0,4,-1.12983,96
2,1,1,1,0,-0.82163,5529
2,1,1,1,1,-0.81598,31713
2,1,1,1,2,0.38378,18359
2,1,1,1,3,-0.55862,35275
2,1,1,1,4,-0.95251,4572
2,1,1,2,0,-0.69504,29265
2,1,1,2,1,-0.57665,225490
2,1,1,2,2,0.47872,80506
2,1,1,2,3,0.47872,227236
2,1,1,2,4,-0.77130,13974
2,1,1,3,0,-0.39854,35048
2,1,1,3,1,-0.54890,275826
2,1,1,3,2,0.34695,99543
2,1,1,3,3,0.69164,274031
2,1,1,3,4,-0.47078,15391
2,1,1,4,0,-0.93834,10346
2,1,1,4,1,-0.01626,56917
2,1,1,4,2,-0.62474,27417
2,1,1,4,3,0.29619,68191
2,1,1,4,4,-0.92742,5855
2,1,2,0,0,-0.99565,33
2,1,2,0,1,-0.99611,227
2,1,2,0,2,-0.99936,64
2,1,2,0,3,-0.57838,113
2,1,2,0,4,-0.99632,81
2,1,2,1,0,-0.35861,257
2,1,2,1,1,-0.20908,27453
2,1,2,1,2,-0.51546,1904
2,1,2,1,3,0.55399,9147
2,1,2,1,4,0.16023,3939
2,1,2,2,0,-0.94989,1053
2,1,2,2,1,-0.71960,189708
2,1,2,2,2,-0.94388,8457
2,1,2,2,3,-0.86685,73309
2,1,2,2,4,0.01162,10175
2,1,2,3,0,0.82705,1202
2,1,2,3,1,0.30550,228812
2,1,2,3,2,0.48289,9561
2,1,2,3,3,0.53569,89422
2,1,2,3,4,0.45555,11770
2,1,2,4,0,-0.88464,390
2,1,2,4,1,-0.64927,46139
2,1,2,4,2,-0.91026,2523
2,1,2,4,3,0.00388,18416
2,1,2,4,4,-0.80172,3870
2,1,3,0,0,-1.09105,125
2,1,3,0,1,-1.07951,54
2,1,3,0,2,-1.06756,61
2,1,3,0,3,0.25065,140
2,1,3,0,4,-1.06707,31
2,1,3,1,0,-0.24766,6039
2,1,3,1,1,-1.02353,2380
2,1,3,1,2,-1.03355,1846
2,1,3,1,3,-0.58569,6101
2,1,3,1,4,-1.11803,3466
2,1,3,2,0,0.81360,41160
2,1,3,2,1,0.85836,15383
2,1,3,2,2,0.08666,9141
2,1,3,2,3,0.29434,45638
2,1,3,2,4,0.34995,13859
2,1,3,3,0,-0.55073,50482
2,1,3,3,1,-0.93322,19990
2,1,3,3,2,2.15523,11536
2,1,3,3,3,1.03950,54009
2,1,3,3,4,0.28895,15137
2,1,3,4,0,1.26296,13638
2,1,3,4,1,-0.76396,4539
2,1,3,4,2,0.90962,3086
2,1,3,4,3,0.34180,11941
2,1,3,4,4,0.38696,4608
2,1,4,0,0,-0.98422,44
2,1,4,0,1,-0.83913,32
2,1,4,0,2,-0.81942,9
2,1,4,0,3,-0.68212,74
2,1,4,0,4,-0.68196,18
2,1,4,1,0,-1.10044,1955
2,1,4,1,1,-1.11327,2150
2,1,4,1,2,-1.11456,3660
2,1,4,1,3,-0.45529,4093
2,1,4,1,4,-1.16035,1221
2,1,4,2,0,-0.99559,9132
2,1,4,2,1,0.47651,14298
2,1,4,2,2,0.28367,24173
2,1,4,2,3,0.55214,44711
2,1,4,2,4,0.55273,4853
2,1,4,3,0,-0.44210,11960
2,1,4,3,1,-0.33546,15886
2,1,4,3,2,-0.20353,32890
2,1,4,3,3,2.64597,53731
2,1,4,3,4,-0.39837,5491
2,1,4,4,0,0.04203,2975
2,1,4,4,1,-0.98173,4091
2,1,4,4,2,-0.94064,7889
2,1,4,4,3,0.82751,10245
2,1,4,4,4,-0.96271,2026
2,2,0,0,0,-0.90359,194
2,2,0,0,1,-0.89136,40
2,2,0,0,2,-0.84105,23
2,2,0,0,3,-0.83312,20
2,2,0,0,4,-0.91473,309
2,2,0,1,0,-0.31426,3619
2,2,0,1,1,-0.46914,651
2,2,0,1,2,-0.45520,1851
2,2,0,1,3,0.57020,4996
2,2,0,1,4,-0.78391,7646
2,2,0,2,0,0.38584,13379
2,2,0,2,1,-0.57999,3282
2,2,0,2,2,-0.67757,12543
2,2,0,2,3,0.56501,28694
2,2,0,2,4,-0.63291,26611
2,2,0,3,0,-0.59473,17266
2,2,0,3,1,-0.85825,4111
2,2,0,3,2,-0.83331,15049
2,2,0,3,3,0.35631,41080
2,2,0,3,4,-0.91473,22774
2,2,0,4,0,-0.93818,5309
2,2,0,4,1,-0.26770,971
2,2,0,4,2,-0.17637,3530
2,2,0,4,3,-0.60075,8386
2,2,0,4,4,0.14879,5698
2,2,1,0,0,-1.17619,143
2,2,1,0,1,-1.13215,382
2,2,1,0,2,-1.13458,141
2,2,1,0,3,-1.13215,106
2,2,1,0,4,-1.03856,305
2,2,1,1,0,-0.89793,4597
2,2,1,1,1,-0.92433,43101
2,2,1,1,2,0.24964,8006
2,2,1,1,3,0.47383,3967
2,2,1,1,4,-0.86762,9843
2,2,1,2,0,-0.98702,15819
2,2,1,2,1,-0.99009,298193
2,2,1,2,2,0.18188,38042
2,2,1,2,3,-0.98923,11131
2,2,1,2,4,-0.92762,29374
2,2,1,3,0,-0.99826,23155
2,2,1,3,1,-0.99828,384811
2,2,1,3,2,-0.99869,48575
2,2,1,3,3,-0.98351,16904
2,2,1,3,4,-0.94947,26817
2,2,1,4,0,-0.96580,7181
2,2,1,4,1,-0.97263,79563
2,2,1,4,2,0.12796,11495
2,2,1,4,3,-0.92536,4611
2,2,1,4,4,0.75646,9844
2,2,2,0,0,-1.03358,73
2,2,2,0,1,-1.02537,283
2,2,2,0,2,-0.66931,210
2,2,2,0,3,-1.03289,118
2,2,2,0,4,-1.12413,124
2,2,2,1,0,-0.55724,450
2,2,2,1,1,-0.66702,31058
2,2,2,1,2,-0.92984,7639
2,2,2,1,3,-0.41412,1403
2,2,2,1,4,1.20515,3240
2,2,2,2,0,-0.92973,1660
2,2,2,2,1,-0.94730,189692
2,2,2,2,2,0.04068,41368
2,2,2,2,3,0.32184,5041
2,2,2,2,4,-0.89739,8951
2,2,2,3,0,-0.76029,2545
2,2,2,3,1,-0.82022,226395
2,2,2,3,2,0.88972,49365
2,2,2,3,3,-0.80948,5529
2,2,2,3,4,-0.66635,10359
2,2,2,4,0,1.67162,681
2,2,2,4,1,1.03844,49653
2,2,2,4,2,-0.31860,12014
2,2,2,4,3,0.99894,1656
2,2,2,4,4,-0.10450,4317
2,2,3,0,0,0.22260,184
2,2,3,0,1,-1.05211,205
2,2,3,0,2,-1.10951,219
2,2,3,0,3,-1.08525,204
2,2,3,0,4,-1.08124,277
2,2,3,1,0,-0.80633,6057
2,2,3,1,1,-1.06170,6061
2,2,3,1,2,-1.08777,3086
2,2,3,1,3,-1.08442,2902
2,2,3,1,4,-1.03208,4813
2,2,3,2,0,-0.59208,21934
2,2,3,2,1,-0.71046,21929
2,2,3,2,2,-0.76521,12070
2,2,3,2,3,-0.73929,9224
2,2,3,2,4,0.66181,16465
2,2,3,3,0,0.42864,30174
2,2,3,3,1,1.15495,27266
2,2,3,3,2,-0.49154,14877
2,2,3,3,3,-0.79329,11979
2,2,3,3,4,-1.00845,15909
2,2,3,4,0,-1.06930,9404
2,2,3,4,1,-0.31442,8159
2,2,3,4,2,-0.86105,4729
2,2,3,4,3,0.74257,4821
2,2,3,4,4,-0.94918,5875
2,2,4,0,0,-1.04762,61
2,2,4,0,1,-1.11157,72
2,2,4,0,2,-1.06400,172
2,2,4,0,3,-1.06014,163
2,2,4,0,4,-0.58521,162
2,2,4,1,0,-1.09913,1828
2,2,4,1,1,-1.11097,1566
2,2,4,1,2,-1.01438,3116
2,2,4,1,3,-1.15036,2232
2,2,4,1,4,-1.13513,1196
2,2,4,2,0,-0.58328,8481
2,2,4,2,1,-1.05602,6364
2,2,4,2,2,-0.95807,20203
2,2,4,2,3,-0.05631,12261
2,2,4,2,4,-0.05874,4805
2,2,4,3,0,1.06902,12414
2,2,4,3,1,-0.99827,8202
2,2,4,3,2,0.50859,23160
2,2,4,3,3,-0.95525,13360
2,2,4,3,4,-0.94573,6521
2,2,4,4,0,-0.99997,3030
2,2,4,4,1,-0.99985,1672
2,2,4,4,2,-0.87686,5717
2,2,4,4,3,-0.93450,3597
2,2,4,4,4,-1.01990,2002
2,3,0,0,0,-0.83895,16
2,3,0,0,1,-0.86697,55
2,3,0,0,2,-0.71640,40
2,3,0,0,3,-0.72440,21
2,3,0,0,4,-0.74593,79
2,3,0,1,0,-0.83811,1683
2,3,0,1,1,-0.02430,1554
2,3,0,1,2,2.20353,540
2,3,0,1,3,1.34233,3337
2,3,0,1,4,-0.52280,153
2,3,0,2,0,-0.58855,3474
2,3,0,2,1,3.74217,3775
2,3,0,2,2,0.93582,2355
2,3,0,2,3,2.59562,7312
2,3,0,2,4,-0.62633,29
2,3,0,3,0,5.47527,4860
2,3,0,3,1,1.77237,3112
2,3,0,3,2,1.07927,3328
2,3,0,3,3,1.08168,10561
2,3,0,3,4,1.10434,38
2,3,0,4,0,0.38333,2336
2,3,0,4,1,-0.89580,1297
2,3,0,4,2,0.32815,1209
2,3,0,4,3,0.30866,5821
2,3,0,4,4,-0.60630,73
2,3,1,0,0,-1.12545,68
2,3,1,0,1,-1.08520,221
2,3,1,0,2,-1.14107,132
2,3,1,0,3,-1.10297,56
2,3,1,0,4,-1.12976,132
2,3,1,1,0,-0.90896,3413
2,3,1,1,1,-0.84323,6910
2,3,1,1,2,-0.84323,14750
2,3,1,1,3,0.31584,4186
2,3,1,1,4,-0.93075,2093
2,3,1,2,0,-0.78310,5157
2,3,1,2,1,-0.98074,17447
2,3,1,2,2,-0.98967,38868
2,3,1,2,3,-0.83733,5339
2,3,1,2,4,-0.55383,3559
2,3,1,3,0,-0.42387,6441
2,3,1,3,1,0.27822,28535
2,3,1,3,2,-0.54046,56399
2,3,1,3,3,-0.26164,8932
2,3,1,3,4,-0.93197,4603
2,3,1,4,0,1.11656,4608
2,3,1,4,1,-0.89957,12188
2,3,1,4,2,-0.12825,18489
2,3,1,4,3,0.81481,4917
2,3,1,4,4,-0.85148,2222
2,3,2,0,0,-1.02414,103
2,3,2,0,1,-1.02088,122
2,3,2,0,2,0.03217,88
2,3,2,0,3,-1.02287,56
2,3,2,0,4,-1.04607,32
2,3,2,1,0,-1.00946,3945
2,3,2,1,1,-1.00709,9787
2,3,2,1,2,-0.66857,2894
2,3,2,1,3,-1.01205,4727
2,3,2,1,4,-0.92228,649
2,3,2,2,0,0.99301,5831
2,3,2,2,1,1.04163,18804
2,3,2,2,2,-0.85719,7785
2,3,2,2,3,0.49690,6418
2,3,2,2,4,0.49448,542
2,3,2,3,0,0.37707,5979
2,3,2,3,1,1.85810,25531
2,3,2,3,2,-0.81867,10323
2,3,2,3,3,0.76191,11383
2,3,2,3,4,0.76148,821
2,3,2,4,0,2.43883,4146
2,3,2,4,1,2.67129,13924
2,3,2,4,2,-0.52035,4315
2,3,2,4,3,0.75254,6014
2,3,2,4,4,1.14669,365
2,3,3,0,0,0.07358,108
2,3,3,0,1,-1.03832,90
2,3,3,0,2,-1.07739,115
2,3,3,0,3,-1.07594,201
2,3,3,0,4,-1.11966,428
2,3,3,1,0,0.58477,909
2,3,3,1,1,0.02241,2722
2,3,3,1,2,-1.08985,1562
2,3,3,1,3,-1.02798,1735
2,3,3,1,4,-1.13360,4830
2,3,3,2,0,0.32714,1040
2,3,3,2,1,-0.78600,3833
2,3,3,2,2,-0.81667,2170
2,3,3,2,3,-0.89906,1756
2,3,3,2,4,-1.07086,6810
2,3,3,3,0,3.74893,1434
2,3,3,3,1,-0.98490,5123
2,3,3,3,2,0.49803,2820
2,3,3,3,3,-0.99407,3030
2,3,3,3,4,-0.79914,7821
2,3,3,4,0,-0.97705,933
2,3,3,4,1,0.59748,3205
2,3,3,4,2,0.50426,1343
2,3,3,4,3,0.30181,1502
2,3,3,4,4,-0.89707,5165
2,3,4,0,0,-1.03010,182
2,3,4,0,1,-1.12354,59
2,3,4,0,2,-1.08763,74
2,3,4,0,3,0.06161,263
2,3,4,0,4,-0.83028,169
2,3,4,1,0,-1.11701,1269
2,3,4,1,1,-1.18907,717
2,3,4,1,2,-0.99966,922
2,3,4,1,3,-1.19554,1177
2,3,4,1,4,-1.18907,813
2,3,4,2,0,-0.99780,1385
2,3,4,2,1,-0.78509,727
2,3,4,2,2,-1.00105,1322
2,3,4,2,3,-0.67355,2038
2,3,4,2,4,-1.12899,654
2,3,4,3,0,1.07063,2254
2,3,4,3,1,0.35971,1462
2,3,4,3,2,-0.90394,2332
2,3,4,3,3,-0.96022,2613
2,3,4,3,4,-1.00013,915
2,3,4,4,0,-1.01060,1670
2,3,4,4,1,-1.06039,1286
2,3,4,4,2,-1.00027,1167
2,3,4,4,3,-0.80839,1941
2,3,4,4,4,-1.01154,729
2,4,0,0,0,0.03626,0
2,4,0,0,1,0.95491,0
2,4,0,0,2,0.78144,0
2,4,0,0,3,0.71663,0
2,4,0,0,4,0.24828,0
2,4,0,1,0,-0.73365,3
2,4,0,1,1,4.33447,227
2,4,0,1,2,0.12293,0
2,4,0,1,3,0.40830,0
2,4,0,1,4,0.58760,0
2,4,0,2,0,0.94474,0
2,4,0,2,1,2.47146,219
2,4,0,2,2,0.10851,0
2,4,0,2,3,0.65511,0
2,4,0,2,4,0.37596,0
2,4,0,3,0,0.01780,0
2,4,0,3,1,0.95732,262
2,4,0,3,2,0.61127,0
2,4,0,3,3,0.66810,0
2,4,0,3,4,0.03672,0
2,4,0,4,0,0.07910,0
2,4,0,4,1,-0.77218,85
2,4,0,4,2,0.39800,0
2,4,0,4,3,0.96482,0
2,4,0,4,4,0.71357,0
2,4,1,0,0,-0.94813,38
2,4,1,0,1,-0.69834,18
2,4,1,0,2,-0.86315,79
2,4,1,0,3,-1.04901,11
2,4,1,0,4,-0.72267,50
2,4,1,1,0,-0.18871,847
2,4,1,1,1,-0.86623,172
2,4,1,1,2,4.96313,331
2,4,1,1,3,-0.38224,434
2,4,1,1,4,0.20061,111
2,4,1,2,0,0.32725,369
2,4,1,2,1,-0.79091,188
2,4,1,2,2,0.34567,203
2,4,1,2,3,0.61312,193
2,4,1,2,4,-0.85519,104
2,4,1,3,0,0.41267,954
2,4,1,3,1,-0.53332,215
2,4,1,3,2,-0.16053,646
2,4,1,3,3,0.14480,723
2,4,1,3,4,0.03658,149
2,4,1,4,0,1.99051,654
2,4,1,4,1,0.91208,472
2,4,1,4,2,0.99090,931
2,4,1,4,3,1.45046,467
2,4,1,4,4,-0.43576,113
2,4,2,0,0,-0.63959,12
2,4,2,0,1,-0.58711,12
2,4,2,0,2,-0.87315,31
2,4,2,0,3,-0.55147,42
2,4,2,0,4,-0.58661,8
2,4,2,1,0,-0.68443,638
2,4,2,1,1,-0.95163,108
2,4,2,1,2,1.94177,71
2,4,2,1,3,-0.84504,581
2,4,2,1,4,-0.55269,508
2,4,2,2,0,2.01566,388
2,4,2,2,1,0.57927,162
2,4,2,2,2,0.93289,23
2,4,2,2,3,0.98693,699
2,4,2,2,4,-0.10059,235
2,4,2,3,0,-0.81081,691
2,4,2,3,1,-0.07240,242
2,4,2,3,2,0.64387,46
2,4,2,3,3,-0.02286,1260
2,4,2,3,4,1.14299,582
2,4,2,4,0,1.08913,1023
2,4,2,4,1,0.55665,135
2,4,2,4,2,0.33138,29
2,4,2,4,3,0.90487,1061
2,4,2,4,4,0.00793,526
2,4,3,0,0,-0.59504,3
2,4,3,0,1,-0.74263,16
2,4,3,0,2,0.52641,22
2,4,3,0,3,-0.78437,9
2,4,3,0,4,0.08805,3
2,4,3,1,0,-0.99113,24
2,4,3,1,1,-0.85931,37
2,4,3,1,2,-0.35155,94
2,4,3,1,3,-0.75191,209
2,4,3,1,4,-0.82084,144
2,4,3,2,0,-0.17897,18
2,4,3,2,1,-0.49424,53
2,4,3,2,2,-0.74164,66
2,4,3,2,3,0.76859,84
2,4,3,2,4,-0.07585,184
2,4,3,3,0,0.25541,102
2,4,3,3,1,0.48151,67
2,4,3,3,2,0.46018,74
2,4,3,3,3,-0.96769,147
2,4,3,3,4,0.41370,310
2,4,3,4,0,-0.75083,51
2,4,3,4,1,-0.26277,65
2,4,3,4,2,0.28712,80
2,4,3,4,3,0.41748,231
2,4,3,4,4,2.10518,263
2,4,4,0,0,-0.86818,34
2,4,4,0,1,0.30568,0
2,4,4,0,2,0.23891,15
2,4,4,0,3,-0.35569,59
2,4,4,0,4,0.76635,0
2,4,4,1,0,-1.13697,87
2,4,4,1,1,-1.10271,78
2,4,4,1,2,-1.13150,59
2,4,4,1,3,-0.99875,112
2,4,4,1,4,-1.10266,76
2,4,4,2,0,-0.12066,26
2,4,4,2,1,-0.66079,4
2,4,4,2,2,-0.04220,3
2,4,4,2,3,-0.25142,10
2,4,4,2,4,-0.53241,4
2,4,4,3,0,0.23212,102
2,4,4,3,1,-0.94344,42
2,4,4,3,2,-0.90857,49
2,4,4,3,3,0.31129,151
2,4,4,3,4,0.27949,0
2,4,4,4,0,0.37295,200
2,4,4,4,1,-0.99670,78
2,4,4,4,2,0.61664,45
2,4,4,4,3,0.29890,139
2,4,4,4,4,0.09408,41
3,0,0,0,0,0.69993,0
3,0,0,0,1,0.10154,0
3,0,0,0,2,0.16661,0
3,0,0,0,3,0.99984,0
3,0,0,0,4,0.73009,0
3,0,0,1,0,0.38640,0
3,0,0,1,1,7.06035,61
3,0,0,1,2,2.46612,63
3,0,0,1,3,6.29526,267
3,0,0,1,4,0.44114,0
3,0,0,2,0,0.75204,0
3,0,0,2,1,8.00000,178
3,0,0,2,2,1.87521,190
3,0,0,2,3,8.00000,1073
3,0,0,2,4,0.97608,0
3,0,0,3,0,0.52915,0
3,0,0,3,1,1.70489,489
3,0,0,3,2,1.99361,216
3,0,0,3,3,-0.03417,1230
3,0,0,3,4,0.72831,0
3,0,0,4,0,-0.21686,2
3,0,0,4,1,0.67010,0
3,0,0,4,2,2.88740,121
3,0,0,4,3,2.88740,396
3,0,0,4,4,0.44407,0
3,0,1,0,0,0.62613,17
3,0,1,0,1,0.22062,8
3,0,1,0,2,0.89879,6
3,0,1,0,3,0.12886,0
3,0,1,0,4,0.40511,0
3,0,1,1,0,0.39253,5516
3,0,1,1,1,0.04440,6495
3,0,1,1,2,0.12017,6022
3,0,1,1,3,2.29440,1414
3,0,1,1,4,0.04474,301
3,0,1,2,0,-0.87145,19418
3,0,1,2,1,-0.34109,21253
3,0,1,2,2,-0.90359,17479
3,0,1,2,3,0.33787,4033
3,0,1,2,4,-0.90350,728
3,0,1,3,0,-0.33579,26918
3,0,1,3,1,1.99361,27363
3,0,1,3,2,-0.50184,22892
3,0,1,3,3,1.00783,4585
3,0,1,3,4,-0.47094,1324
3,0,1,4,0,1.18320,10016
3,0,1,4,1,0.63747,9455
3,0,1,4,2,0.63476,8752
3,0,1,4,3,1.61421,2311
3,0,1,4,4,0.63740,415
3,0,2,0,0,-0.43876,7
3,0,2,0,1,-0.15248,2
3,0,2,0,2,0.04553,15
3,0,2,0,3,0.20054,15
3,0,2,0,4,-0.35788,7
3,0,2,1,0,-0.95632,491
3,0,2,1,1,-0.92642,930
3,0,2,1,2,-0.87746,7781
3,0,2,1,3,0.55563,815
3,0,2,1,4,-0.93481,2570
3,0,2,2,0,-0.56255,1449
3,0,2,2,1,-0.33247,1551
3,0,2,2,2,0.06871,17733
3,0,2,2,3,0.29615,2314
3,0,2,2,4,-0.98918,7474
3,0,2,3,0,1.37667,2030
3,0,2,3,1,0.75077,2451
3,0,2,3,2,1.01404,25703
3,0,2,3,3,0.10956,3453
3,0,2,3,4,-0.98223,10266
3,0,2,4,0,0.54279,967
3,0,2,4,1,0.93461,1384
3,0,2,4,2,0.47774,13577
3,0,2,4,3,0.03343,1281
3,0,2,4,4,-0.78229,3527
3,0,3,0,0,0.20877,11
3,0,3,0,1,0.29060,0
3,0,3,0,2,0.37754,3
3,0,3,0,3,-0.31078,2
3,0,3,0,4,0.10309,2
3,0,3,1,0,-0.99980,241
3,0,3,1,1,-0.99646,187
3,0,3,1,2,-0.99985,3892
3,0,3,1,3,-0.92233,560
3,0,3,1,4,-0.99867,129
3,0,3,2,0,-0.86528,754
3,0,3,2,1,-0.76765,629
3,0,3,2,2,-0.89897,11462
3,0,3,2,3,-0.66203,2146
3,0,3,2,4,-0.58538,486
3,0,3,3,0,1.75515,1357
3,0,3,3,1,-0.05688,756
3,0,3,3,2,1.06637,15687
3,0,3,3,3,1.27520,3383
3,0,3,3,4,-0.74963,641
3,0,3,4,0,-0.32358,337
3,0,3,4,1,-0.18119,252
3,0,3,4,2,-0.49267,6349
3,0,3,4,3,1.49283,1084
3,0,3,4,4,-0.92570,246
3,0,4,0,0,0.41955,0
3,0,4,0,1,0.93767,0
3,0,4,0,2,0.07567,2
3,0,4,0,3,0.63587,5
3,0,4,0,4,-0.39970,3
3,0,4,1,0,-1.06853,117
3,0,4,1,1,-1.05648,200
3,0,4,1,2,-1.04459,1069
3,0,4,1,3,-0.03562,1790
3,0,4,1,4,-1.06862,195
3,0,4,2,0,-0.99490,563
3,0,4,2,1,-0.67391,933
3,0,4,2,2,-0.90833,4884
3,0,4,2,3,1.20720,6152
3,0,4,2,4,0.08964,841
3,0,4,3,0,-0.43675,728
3,0,4,3,1,-0.52386,1048
3,0,4,3,2,-0.49408,7137
3,0,4,3,3,0.42819,8771
3,0,4,3,4,-0.55153,1068
3,0,4,4,0,0.17110,242
3,0,4,4,1,-0.09632,371
3,0,4,4,2,0.95406,2867
3,0,4,4,3,0.93311,3358
3,0,4,4,4,-0.27525,436
3,1,0,0,0,0.28874,0
3,1,0,0,1,0.43728,75
3,1,0,0,2,0.59142,0
3,1,0,0,3,1.32796,66
3,1,0,0,4,0.23095,12
3,1,0,1,0,5.18984,22
3,1,0,1,1,2.98768,3674
3,1,0,1,2,-0.68739,11
3,1,0,1,3,1.78476,1540
3,1,0,1,4,1.85013,599
3,1,0,2,0,1.05908,96
3,1,0,2,1,0.86156,24083
3,1,0,2,2,0.51498,131
3,1,0,2,3,1.64617,15950
3,1,0,2,4,3.12078,1948
3,1,0,3,0,1.02365,199
3,1,0,3,1,-0.05072,32437
3,1,0,3,2,0.05718,124
3,1,0,3,3,0.96196,15700
3,1,0,3,4,2.05999,2106
3,1,0,4,0,0.82454,10
3,1,0,4,1,2.63355,5012
3,1,0,4,2,2.59664,77
3,1,0,4,3,-0.02663,3609
3,1,0,4,4,-0.87997,638
3,1,1,0,0,-1.04292,371
3,1,1,0,1,-1.05071,447
3,1,1,0,2,-1.03213,96
3,1,1,0,3,-1.06815,441
3,1,1,0,4,-1.05436,51
3,1,1,1,0,-0.26266,19861
3,1,1,1,1,-0.39453,50765
3,1,1,1,2,-0.95063,12453
3,1,1,1,3,2.53476,39208
3,1,1,1,4,-0.01182,1738
3,1,1,2,0,-0.97946,104072
3,1,1,2,1,-0.98117,343047
3,1,1,2,2,-0.98191,68553
3,1,1,2,3,0.27306,270142
3,1,1,2,4,-0.91571,5530
3,1,1,3,0,-0.62518,127849
3,1,1,3,1,-0.71383,419904
3,1,1,3,2,-0.88332,87673
3,1,1,3,3,0.66950,331470
3,1,1,3,4,-0.99103,5654
3,1,1,4,0,-0.85904,33928
3,1,1,4,1,-0.89422,88999
3,1,1,4,2,-0.91682,22965
3,1,1,4,3,0.35572,66650
3,1,1,4,4,-0.82239,2519
3,1,2,0,0,0.64965,307
3,1,2,0,1,-0.99528,60
3,1,2,0,2,-0.99438,79
3,1,2,0,3,-0.99489,241
3,1,2,0,4,-0.99568,95
3,1,2,1,0,0.96261,14054
3,1,2,1,1,-0.26114,6865
3,1,2,1,2,0.14921,3868
3,1,2,1,3,-0.62686,20600
3,1,2,1,4,-0.64928,8014
3,1,2,2,0,-0.93271,69047
3,1,2,2,1,1.17890,51416
3,1,2,2,2,1.61341,18086
3,1,2,2,3,0.72978,197033
3,1,2,2,4,0.19184,17030
3,1,2,3,0,-0.92166,85873
3,1,2,3,1,-0.56775,67963
3,1,2,3,2,-0.66794,22648
3,1,2,3,3,-0.00749,232850
3,1,2,3,4,1.60278,16918
3,1,2,4,0,-0.38498,23876
3,1,2,4,1,1.21556,12192
3,1,2,4,2,1.92099,6354
3,1,2,4,3,-0.91495,42182
3,1,2,4,4,2.55850,5519
3,1,3,0,0,-0.96433,171
3,1,3,0,1,-0.96876,70
3,1,3,0,2,0.14725,95
3,1,3,0,3,-1.05440,250
3,1,3,0,4,-1.04289,83
3,1,3,1,0,0.62564,8021
3,1,3,1,1,-0.97560,4392
3,1,3,1,2,0.18744,3861
3,1,3,1,3,1.43234,8750
3,1,3,1,4,-1.01981,2707
3,1,3,2,0,0.54118,43342
3,1,3,2,1,1.08189,34643
3,1,3,2,2,0.15642,22426
3,1,3,2,3,-0.09023,92728
3,1,3,2,4,2.35780,11100
3,1,3,3,0,2.36235,54585
3,1,3,3,1,1.87160,47350
3,1,3,3,2,3.54227,31176
3,1,3,3,3,1.90280,109838
3,1,3,3,4,0.58151,11612
3,1,3,4,0,0.18795,14719
3,1,3,4,1,-0.68046,8782
3,1,3,4,2,1.95635,7015
3,1,3,4,3,0.04722,20637
3,1,3,4,4,-0.52553,3922
3,1,4,0,0,0.71164,31
3,1,4,0,1,-1.03836,75
3,1,4,0,2,-0.97040,81
3,1,4,0,3,0.82928,286
3,1,4,0,4,-0.84974,67
3,1,4,1,0,-1.07060,1817
3,1,4,1,1,-1.07634,4008
3,1,4,1,2,-1.04130,4625
3,1,4,1,3,0.10517,9080
3,1,4,1,4,-1.09420,1579
3,1,4,2,0,1.04762,9543
3,1,4,2,1,-0.25866,32461
3,1,4,2,2,0.52073,28024
3,1,4,2,3,-0.90092,127472
3,1,4,2,4,-0.70992,7137
3,1,4,3,0,-0.35746,11779
3,1,4,3,1,-0.33346,37346
3,1,4,3,2,0.65487,38188
3,1,4,3,3,-0.54983,153176
3,1,4,3,4,0.86948,8601
3,1,4,4,0,0.10616,2874
3,1,4,4,1,-0.47497,6582
3,1,4,4,2,-0.17276,9369
3,1,4,4,3,0.48537,26067
3,1,4,4,4,0.23838,2210
3,2,0,0,0,-0.83488,89
3,2,0,0,1,0.47500,19
3,2,0,0,2,-0.73070,13
3,2,0,0,3,-0.73836,81
3,2,0,0,4,-0.83056,83
3,2,0,1,0,0.70552,3525
3,2,0,1,1,-0.27852,2210
3,2,0,1,2,-0.25412,19
3,2,0,1,3,3.94873,5302
3,2,0,1,4,1.40305,2577
3,2,0,2,0,1.32135,15178
3,2,0,2,1,0.52340,8160
3,2,0,2,2,0.57179,56
3,2,0,2,3,0.77487,34360
3,2,0,2,4,5.34641,2253
3,2,0,3,0,-0.57394,17592
3,2,0,3,1,-0.49700,10831
3,2,0,3,2,2.42011,78
3,2,0,3,3,1.35497,44041
3,2,0,3,4,5.46235,4143
3,2,0,4,0,0.34483,5768
3,2,0,4,1,-0.39575,2637
3,2,0,4,2,0.31068,99
3,2,0,4,3,3.65241,10410
3,2,0,4,4,-0.26303,2014
3,2,1,0,0,-0.28814,189
3,2,1,0,1,-0.99997,255
3,2,1,0,2,0.01810,472
3,2,1,0,3,-1.00466,288
3,2,1,0,4,-0.99923,250
3,2,1,1,0,0.37494,3950
3,2,1,1,1,0.03082,15483
3,2,1,1,2,1.28120,30077
3,2,1,1,3,0.45955,12104
3,2,1,1,4,-0.21024,2617
3,2,1,2,0,-0.74237,15430
3,2,1,2,1,-0.80571,99659
3,2,1,2,2,-0.72987,201439
3,2,1,2,3,0.44355,51845
3,2,1,2,4,0.57907,6095
3,2,1,3,0,3.99821,20811
3,2,1,3,1,2.33925,127852
3,2,1,3,2,1.01409,237988
3,2,1,3,3,-0.65453,59711
3,2,1,3,4,1.00580,6905
3,2,1,4,0,-0.28242,7644
3,2,1,4,1,-0.46149,28342
3,2,1,4,2,2.37087,54389
3,2,1,4,3,0.83316,18776
3,2,1,4,4,0.06369,3024
3,2,2,0,0,-1.01643,199
3,2,2,0,1,-0.07477,418
3,2,2,0,2,-1.01225,83
3,2,2,0,3,-1.01218,108
3,2,2,0,4,-1.01217,89
3,2,2,1,0,0.23562,4106
3,2,2,1,1,-0.07923,27314
3,2,2,1,2,-0.88750,2679
3,2,2,1,3,0.35847,2676
3,2,2,1,4,0.08783,3183
3,2,2,2,0,-0.23557,15539
3,2,2,2,1,-0.58741,166973
3,2,2,2,2,0.52635,15680
3,2,2,2,3,0.98431,9884
3,2,2,2,4,-0.65134,8631
3,2,2,3,0,-0.28589,21712
3,2,2,3,1,-0.43002,209696
3,2,2,3,2,-0.80326,17942
3,2,2,3,3,-0.16296,11950
3,2,2,3,4,0.50166,9227
3,2,2,4,0,-0.01324,6669
3,2,2,4,1,-0.54050,48807
3,2,2,4,2,-0.88741,4216
3,2,2,4,3,0.26961,3397
3,2,2,4,4,0.27039,3433
3,2,3,0,0,-0.79723,448
3,2,3,0,1,-0.89896,214
3,2,3,0,2,-1.06715,204
3,2,3,0,3,-0.84177,282
3,2,3,0,4,-1.07023,374
3,2,3,1,0,0.61682,10330
3,2,3,1,1,-1.08536,8587
3,2,3,1,2,-1.06035,3193
3,2,3,1,3,-1.05312,3488
3,2,3,1,4,-1.07021,2079
3,2,3,2,0,2.95059,38708
3,2,3,2,1,2.53101,51106
3,2,3,2,2,2.33323,14635
3,2,3,2,3,1.77249,11313
3,2,3,2,4,-0.92700,6113
3,2,3,3,0,2.81957,53002
3,2,3,3,1,-0.23496,67258
3,2,3,3,2,2.28468,16495
3,2,3,3,3,2.15661,14495
3,2,3,3,4,0.15451,5504
3,2,3,4,0,1.70835,16504
3,2,3,4,1,1.75895,15597
3,2,3,4,2,-0.67916,5306
3,2,3,4,3,0.61056,5691
3,2,3,4,4,-0.16679,2437
3,2,4,0,0,-0.99954,59
3,2,4,0,1,-1.05312,89
3,2,4,0,2,-1.04050,153
3,2,4,0,3,0.24592,127
3,2,4,0,4,-0.97799,106
3,2,4,1,0,-1.10387,2983
3,2,4,1,1,-1.09579,4097
3,2,4,1,2,-1.04979,4504
3,2,4,1,3,-1.11434,4102
3,2,4,1,4,-1.11172,2589
3,2,4,2,0,0.61463,10075
3,2,4,2,1,-1.04003,29281
3,2,4,2,2,-0.05509,41350
3,2,4,2,3,0.21204,39443
3,2,4,2,4,-1.02585,10371
3,2,4,3,0,-0.09487,12638
3,2,4,3,1,-0.32115,43502
3,2,4,3,2,-0.35216,50119
3,2,4,3,3,-0.32115,47489
3,2,4,3,4,0.34295,10419
3,2,4,4,0,-0.91834,4208
3,2,4,4,1,-0.89984,8246
3,2,4,4,2,-0.39828,10899
3,2,4,4,3,0.01584,11233
3,2,4,4,4,-0.99974,4535
3,3,0,0,0,-0.12041,29
3,3,0,0,1,-0.15179,10
3,3,0,0,2,-0.14652,4
3,3,0,0,3,1.28807,15
3,3,0,0,4,-0.45772,3
3,3,0,1,0,0.48522,3128
3,3,0,1,1,-0.59991,521
3,3,0,1,2,2.54437,65
3,3,0,1,3,0.98093,4758
3,3,0,1,4,0.04622,0
3,3,0,2,0,1.58558,5675
3,3,0,2,1,0.16349,868
3,3,0,2,2,2.36744,6
3,3,0,2,3,1.12262,9206
3,3,0,2,4,0.94240,0
3,3,0,3,0,1.85286,8205
3,3,0,3,1,3.35859,1396
3,3,0,3,2,-0.32281,6
3,3,0,3,3,1.67295,15880
3,3,0,3,4,0.40400,4
3,3,0,4,0,0.21260,4757
3,3,0,4,1,1.52990,759
3,3,0,4,2,0.46403,7
3,3,0,4,3,2.14742,8905
3,3,0,4,4,0.40745,0
3,3,1,0,0,3.99931,140
3,3,1,0,1,-1.09371,65
3,3,1,0,2,-0.99925,57
3,3,1,0,3,-0.99921,91
3,3,1,0,4,-0.99913,50
3,3,1,1,0,-0.02188,2793
3,3,1,1,1,-0.10937,2962
3,3,1,1,2,1.02333,2376
3,3,1,1,3,1.45800,8205
3,3,1,1,4,-0.92824,2136
3,3,1,2,0,3.99884,4621
3,3,1,2,1,0.00311,7654
3,3,1,2,2,-0.99806,5690
3,3,1,2,3,-0.37878,12538
3,3,1,2,4,-0.87058,2183
3,3,1,3,0,3.99892,6844
3,3,1,3,1,-0.34590,10603
3,3,1,3,2,-0.41437,9485
3,3,1,3,3,1.64985,22267
3,3,1,3,4,0.01510,3318
3,3,1,4,0,2.52235,4418
3,3,1,4,1,-0.81911,5569
3,3,1,4,2,-0.61345,3547
3,3,1,4,3,-0.71954,13303
3,3,1,4,4,1.21348,1124
3,3,2,0,0,-1.01496,106
3,3,2,0,1,-0.89293,86
3,3,2,0,2,-1.01063,30
3,3,2,0,3,-1.01134,69
3,3,2,0,4,-1.01029,92
3,3,2,1,0,-0.84693,3370
3,3,2,1,1,-0.12411,12883
3,3,2,1,2,-0.69506,618
3,3,2,1,3,-0.89013,2503
3,3,2,1,4,-1.00014,5881
3,3,2,2,0,-0.81770,4729
3,3,2,2,1,-0.85682,27906
3,3,2,2,2,-0.76632,912
3,3,2,2,3,-0.87402,4067
3,3,2,2,4,-0.98532,7801
3,3,2,3,0,-0.99788,6356
3,3,2,3,1,-0.24963,33192
3,3,2,3,2,-0.67933,987
3,3,2,3,3,-0.97549,6795
3,3,2,3,4,-0.95985,9077
3,3,2,4,0,0.69783,4445
3,3,2,4,1,0.36957,18206
3,3,2,4,2,-0.08624,424
3,3,2,4,3,0.27349,3384
3,3,2,4,4,1.15555,6196
3,3,3,0,0,-0.98880,130
3,3,3,0,1,0.47113,52
3,3,3,0,2,-1.05423,90
3,3,3,0,3,-1.03809,108
3,3,3,0,4,-0.99885,153
3,3,3,1,0,-1.08667,1850
3,3,3,1,1,-0.98761,2011
3,3,3,1,2,-1.06427,2028
3,3,3,1,3,-1.00566,1799
3,3,3,1,4,-1.06428,2112
3,3,3,2,0,-0.98404,2736
3,3,3,2,1,0.25938,3884
3,3,3,2,2,-0.90168,4152
3,3,3,2,3,1.05990,2491
3,3,3,2,4,-1.05977,2855
3,3,3,3,0,1.53011,3979
3,3,3,3,1,0.21960,6003
3,3,3,3,2,-0.99028,6290
3,3,3,3,3,-0.97147,3607
3,3,3,3,4,-0.60935,4096
3,3,3,4,0,-0.20669,2077
3,3,3,4,1,-0.95150,3434
3,3,3,4,2,1.17971,3196
3,3,3,4,3,-0.85930,1718
3,3,3,4,4,0.47251,1832
3,3,4,0,0,-0.99852,201
3,3,4,0,1,-1.02141,126
3,3,4,0,2,-1.06789,176
3,3,4,0,3,-1.00103,211
3,3,4,0,4,-0.96129,420
3,3,4,1,0,-1.13100,2397
3,3,4,1,1,-1.09826,1610
3,3,4,1,2,-1.04731,2805
3,3,4,1,3,-1.09825,2190
3,3,4,1,4,-1.13289,1534
3,3,4,2,0,-0.87184,2445
3,3,4,2,1,-0.90400,1610
3,3,4,2,2,0.07164,5713
3,3,4,2,3,-0.86490,2821
3,3,4,2,4,0.16734,1766
3,3,4,3,0,-0.99927,4047
3,3,4,3,1,-0.40566,2270
3,3,4,3,2,-0.65985,10320
3,3,4,3,3,0.23109,3995
3,3,4,3,4,-0.99906,2751
3,3,4,4,0,1.08062,3514
3,3,4,4,1,0.56046,2179
3,3,4,4,2,0.61092,5626
3,3,4,4,3,1.73112,3242
3,3,4,4,4,-0.98277,1885
3,4,0,0,0,0.46345,0
3,4,0,0,1,0.50181,0
3,4,0,0,2,0.28156,1
3,4,0,0,3,1.37636,97
3,4,0,0,4,0.17931,0
3,4,0,1,0,0.80523,0
3,4,0,1,1,-0.13926,2
3,4,0,1,2,3.57609,157
3,4,0,1,3,0.02931,0
3,4,0,1,4,0.96612,0
3,4,0,2,0,0.58837,0
3,4,0,2,1,1.13401,3
3,4,0,2,2,1.87173,76
3,4,0,2,3,-0.08299,13
3,4,0,2,4,0.21450,0
3,4,0,3,0,-0.14625,4
3,4,0,3,1,1.03301,2
3,4,0,3,2,2.53276,44
3,4,0,3,3,1.71799,87
3,4,0,3,4,0.50111,0
3,4,0,4,0,0.56679,0
3,4,0,4,1,-0.31632,4
3,4,0,4,2,-0.61337,194
3,4,0,4,3,-0.25954,29
3,4,0,4,4,0.09241,0
3,4,1,0,0,-0.57365,14
3,4,1,0,1,-0.01622,14
3,4,1,0,2,-0.44831,4
3,4,1,0,3,-0.52077,12
3,4,1,0,4,-0.81465,4
3,4,1,1,0,0.31358,172
3,4,1,1,1,-0.28326,384
3,4,1,1,2,1.30923,28
3,4,1,1,3,0.35037,92
3,4,1,1,4,0.07175,0
3,4,1,2,0,-0.53067,126
3,4,1,2,1,-0.14890,365
3,4,1,2,2,1.52509,35
3,4,1,2,3,0.40279,39
3,4,1,2,4,0.45237,0
3,4,1,3,0,0.51274,209
3,4,1,3,1,0.14432,479
3,4,1,3,2,1.17521,28
3,4,1,3,3,1.31684,89
3,4,1,3,4,0.02085,2
3,4,1,4,0,0.29089,97
3,4,1,4,1,-0.20874,746
3,4,1,4,2,0.88387,94
3,4,1,4,3,0.20209,269
3,4,1,4,4,0.37185,3
3,4,2,0,0,-0.77594,14
3,4,2,0,1,-0.92627,19
3,4,2,0,2,-0.73750,8
3,4,2,0,3,-0.35573,19
3,4,2,0,4,-0.71343,17
3,4,2,1,0,0.21394,115
3,4,2,1,1,-0.10399,233
3,4,2,1,2,0.01827,143
3,4,2,1,3,-0.99752,332
3,4,2,1,4,-0.42737,727
3,4,2,2,0,-0.39795,115
3,4,2,2,1,0.41830,214
3,4,2,2,2,1.90932,78
3,4,2,2,3,0.33707,340
3,4,2,2,4,0.23102,693
3,4,2,3,0,-0.93913,119
3,4,2,3,1,1.59604,239
3,4,2,3,2,0.33558,103
3,4,2,3,3,-0.88215,568
3,4,2,3,4,3.23917,1177
3,4,2,4,0,1.78364,112
3,4,2,4,1,1.02374,227
3,4,2,4,2,1.67202,166
3,4,2,4,3,2.07698,755
3,4,2,4,4,-0.46292,1219
3,4,3,0,0,-0.96815,15
3,4,3,0,1,-0.62192,20
3,4,3,0,2,-0.97129,11
3,4,3,0,3,-0.62256,16
3,4,3,0,4,-0.82935,17
3,4,3,1,0,-0.99835,35
3,4,3,1,1,-1.06163,98
3,4,3,1,2,-0.99502,31
3,4,3,1,3,-0.80705,178
3,4,3,1,4,-0.95766,23
3,4,3,2,0,-0.35445,22
3,4,3,2,1,-0.78725,51
3,4,3,2,2,1.23152,60
3,4,3,2,3,1.80554,74
3,4,3,2,4,-0.94363,29
3,4,3,3,0,-0.70155,87
3,4,3,3,1,-0.53586,59
3,4,3,3,2,-0.14964,85
3,4,3,3,3,-0.44215,176
3,4,3,3,4,-0.98284,100
3,4,3,4,0,-0.97176,88
3,4,3,4,1,0.57317,63
3,4,3,4,2,-0.98399,17
3,4,3,4,3,-0.81076,132
3,4,3,4,4,-0.86509,40
3,4,4,0,0,-0.95420,35
3,4,4,0,1,0.52691,6
3,4,4,0,2,-0.16381,7
3,4,4,0,3,0.93848,0
3,4,4,0,4,-0.15380,101
3,4,4,1,0,-1.09630,225
3,4,4,1,1,-1.09557,108
3,4,4,1,2,-1.09964,63
3,4,4,1,3,-1.09964,127
3,4,4,1,4,-1.09786,377
3,4,4,2,0,-0.99257,87
3,4,4,2,1,-0.81861,78
3,4,4,2,2,-0.83885,33
3,4,4,2,3,-0.89088,15
3,4,4,2,4,-0.76513,66
3,4,4,3,0,-0.96168,209
3,4,4,3,1,-0.99153,168
3,4,4,3,2,-0.91190,96
3,4,4,3,3,-0.20211,33
3,4,4,3,4,-0.99584,64
3,4,4,4,0,-0.97850,551
3,4,4,4,1,-0.74776,400
3,4,4,4,2,-0.95681,96
3,4,4,4,3,1.11902,104
3,4,4,4,4,0.46432,1011
4,0,0,0,0,0.21868,0
4,0,0,0,1,0.01920,0
4,0,0,0,2,0.31057,0
4,0,0,0,3,0.71611,0
4,0,0,0,4,0.95310,0
4,0,0,1,0,0.70751,0
4,0,0,1,1,2.92002,195
4,0,0,1,2,0.47729,0
4,0,0,1,3,0.25008,125
4,0,0,1,4,7.99842,284
4,0,0,2,0,2.05679,65
4,0,0,2,1,2.01721,586
4,0,0,2,2,2.20653,259
4,0,0,2,3,2.97752,396
4,0,0,2,4,3.04603,1964
4,0,0,3,0,0.75730,0
4,0,0,3,1,3.84905,865
4,0,0,3,2,5.10809,255
4,0,0,3,3,0.28249,263
4,0,0,3,4,4.88679,2384
4,0,0,4,0,1.00702,4
4,0,0,4,1,3.29560,190
4,0,0,4,2,1.06325,66
4,0,0,4,3,0.25006,59
4,0,0,4,4,2.51515,773
4,0,1,0,0,-0.18394,7
4,0,1,0,1,0.17447,7
4,0,1,0,2,-0.07545,69
4,0,1,0,3,-0.09283,334
4,0,1,0,4,0.35735,4
4,0,1,1,0,7.99790,1770
4,0,1,1,1,5.50183,11334
4,0,1,1,2,-0.99992,7214
4,0,1,1,3,6.94718,27183
4,0,1,1,4,1.39210,8173
4,0,1,2,0,2.51836,8116
4,0,1,2,1,2.87046,39089
4,0,1,2,2,-0.94531,20184
4,0,1,2,3,1.73252,93396
4,0,1,2,4,1.85593,30487
4,0,1,3,0,0.25460,9745
4,0,1,3,1,2.19095,52700
4,0,1,3,2,1.78683,29645
4,0,1,3,3,1.19065,129231
4,0,1,3,4,2.85422,39338
4,0,1,4,0,0.07965,2641
4,0,1,4,1,2.05974,15797
4,0,1,4,2,-0.16722,10578
4,0,1,4,3,-0.01759,45991
4,0,1,4,4,1.81265,12377
4,0,2,0,0,0.03553,4
4,0,2,0,1,-0.15380,11
4,0,2,0,2,0.06725,9
4,0,2,0,3,0.94009,17
4,0,2,0,4,-0.14034,18
4,0,2,1,0,0.00275,85
4,0,2,1,1,0.29426,629
4,0,2,1,2,-0.38967,9703
4,0,2,1,3,3.46298,2498
4,0,2,1,4,1.75154,11471
4,0,2,2,0,0.38864,381
4,0,2,2,1,0.04252,1178
4,0,2,2,2,0.28389,30421
4,0,2,2,3,1.49330,8441
4,0,2,2,4,0.04148,33935
4,0,2,3,0,-0.44201,518
4,0,2,3,1,0.16712,1921
4,0,2,3,2,2.62236,42654
4,0,2,3,3,2.23679,11078
4,0,2,3,4,1.35754,43831
4,0,2,4,0,0.27026,115
4,0,2,4,1,0.73002,753
4,0,2,4,2,0.61352,17013
4,0,2,4,3,2.59539,4053
4,0,2,4,4,-0.00810,14866
4,0,3,0,0,0.28504,8
4,0,3,0,1,0.93034,1
4,0,3,0,2,0.04190,24
4,0,3,0,3,1.08354,23
4,0,3,0,4,0.93596,0
4,0,3,1,0,-1.00027,2280
4,0,3,1,1,-0.71895,749
4,0,3,1,2,-1.10323,6531
4,0,3,1,3,-0.97039,6620
4,0,3,1,4,-1.00023,450
4,0,3,2,0,1.65072,8284
4,0,3,2,1,2.23389,1433
4,0,3,2,2,0.98850,25831
4,0,3,2,3,2.23582,23933
4,0,3,2,4,0.20706,1460
4,0,3,3,0,2.40401,11612
4,0,3,3,1,0.64356,1566
4,0,3,3,2,0.62300,32622
4,0,3,3,3,0.52713,29762
4,0,3,3,4,-0.09309,2286
4,0,3,4,0,-0.01886,3996
4,0,3,4,1,0.74942,716
4,0,3,4,2,0.96389,12184
4,0,3,4,3,3.45905,9593
4,0,3,4,4,0.49975,715
4,0,4,0,0,-0.45396,9
4,0,4,0,1,0.32937,0
4,0,4,0,2,0.54401,29
4,0,4,0,3,-0.20865,16
4,0,4,0,4,-0.01817,3
4,0,4,1,0,-1.01073,1170
4,0,4,1,1,-1.05725,513
4,0,4,1,2,-0.92873,7891
4,0,4,1,3,-0.39354,18030
4,0,4,1,4,-1.05041,591
4,0,4,2,0,-0.29480,4572
4,0,4,2,1,-0.29021,1514
4,0,4,2,2,0.13059,34038
4,0,4,2,3,1.43030,76987
4,0,4,2,4,1.61270,2831
4,0,4,3,0,-0.67494,6291
4,0,4,3,1,-0.48887,2152
4,0,4,3,2,0.20333,45676
4,0,4,3,3,-0.25156,96679
4,0,4,3,4,-0.56919,3617
4,0,4,4,0,-0.41800,1636
4,0,4,4,1,-0.86869,564
4,0,4,4,2,-0.03253,14696
4,0,4,4,3,0.93561,26002
4,0,4,4,4,-0.85689,1042
4,1,0,0,0,-0.23550,4
4,1,0,0,1,-0.27528,75
4,1,0,0,2,-0.28136,7
4,1,0,0,3,-0.19070,3
4,1,0,0,4,-0.25924,15
4,1,0,1,0,-0.08720,17
4,1,0,1,1,-0.30915,13452
4,1,0,1,2,2.56252,168
4,1,0,1,3,0.76814,1112
4,1,0,1,4,1.86653,749
4,1,0,2,0,2.62532,233
4,1,0,2,1,1.56667,112385
4,1,0,2,2,5.19954,489
4,1,0,2,3,2.17500,11937
4,1,0,2,4,-0.17056,1374
4,1,0,3,0,2.07090,67
4,1,0,3,1,-0.39057,132126
4,1,0,3,2,4.34274,689
4,1,0,3,3,0.70707,14054
4,1,0,3,4,0.01745,1573
4,1,0,4,0,1.46811,11
4,1,0,4,1,0.26715,22263
4,1,0,4,2,0.51480,137
4,1,0,4,3,0.32872,1097
4,1,0,4,4,1.59556,914
4,1,1,0,0,-0.88158,661
4,1,1,0,1,-0.85921,216
4,1,1,0,2,-0.99574,231
4,1,1,0,3,-0.99563,851
4,1,1,0,4,-0.99567,161
4,1,1,1,0,-0.73687,19813
4,1,1,1,1,1.70508,75135
4,1,1,1,2,0.34209,25681
4,1,1,1,3,0.43969,83989
4,1,1,1,4,-0.08625,5793
4,1,1,2,0,2.84929,98466
4,1,1,2,1,0.29359,625332
4,1,1,2,2,0.69379,147864
4,1,1,2,3,1.96510,618850
4,1,1,2,4,3.05861,20593
4,1,1,3,0,2.48655,122571
4,1,1,3,1,-0.68540,739699
4,1,1,3,2,1.21762,187111
4,1,1,3,3,2.86491,735589
4,1,1,3,4,1.61491,17476
4,1,1,4,0,2.92693,34084
4,1,1,4,1,-0.18612,121980
4,1,1,4,2,-0.06358,47293
4,1,1,4,3,3.19497,144304
4,1,1,4,4,2.08192,6093
4,1,2,0,0,-0.99965,340
4,1,2,0,1,-0.99263,78
4,1,2,0,2,-0.99972,188
4,1,2,0,3,0.40388,597
4,1,2,0,4,-0.99974,157
4,1,2,1,0,3.48712,15518
4,1,2,1,1,2.69784,5978
4,1,2,1,2,2.54742,19205
4,1,2,1,3,0.52681,59394
4,1,2,1,4,2.40891,30661
4,1,2,2,0,0.74732,85659
4,1,2,2,1,0.85609,61691
4,1,2,2,2,1.55479,119869
4,1,2,2,3,3.12343,640879
4,1,2,2,4,1.29662,78726
4,1,2,3,0,3.54152,107557
4,1,2,3,1,3.40224,73100
4,1,2,3,2,3.54816,146856
4,1,2,3,3,2.98702,743155
4,1,2,3,4,1.97676,74461
4,1,2,4,0,2.38303,29199
4,1,2,4,1,1.90130,10956
4,1,2,4,2,2.56555,33213
4,1,2,4,3,2.11508,116145
4,1,2,4,4,-0.63679,25653
4,1,3,0,0,-0.87239,1144
4,1,3,0,1,-0.95155,64
4,1,3,0,2,-0.85709,233
4,1,3,0,3,0.34561,624
4,1,3,0,4,-0.99506,62
4,1,3,1,0,-1.00780,31546
4,1,3,1,1,-1.01255,6076
4,1,3,1,2,-1.00585,19000
4,1,3,1,3,-1.00585,81136
4,1,3,1,4,-1.03485,3628
4,1,3,2,0,-0.94852,173153
4,1,3,2,1,1.13865,51979
4,1,3,2,2,-0.99641,107877
4,1,3,2,3,0.15189,1043666
4,1,3,2,4,1.40833,14550
4,1,3,3,0,-0.03341,230374
4,1,3,3,1,1.26220,65860
4,1,3,3,2,-0.61462,135638
4,1,3,3,3,3.44950,1240698
4,1,3,3,4,-0.13717,15918
4,1,3,4,0,3.33256,65141
4,1,3,4,1,-0.61564,11812
4,1,3,4,2,3.44291,30987
4,1,3,4,3,0.03837,171426
4,1,3,4,4,-0.63179,5056
4,1,4,0,0,-0.53603,285
4,1,4,0,1,-1.03720,86
4,1,4,0,2,-0.69437,403
4,1,4,0,3,-0.92596,457
4,1,4,0,4,-0.85894,284
4,1,4,1,0,-1.02481,13423
4,1,4,1,1,-1.05133,6773
4,1,4,1,2,-1.01801,55036
4,1,4,1,3,-0.93232,147817
4,1,4,1,4,-1.06169,5111
4,1,4,2,0,-0.78810,79568
4,1,4,2,1,0.97845,41113
4,1,4,2,2,-1.00699,417128
4,1,4,2,3,0.34877,1881353
4,1,4,2,4,-0.80221,20692
4,1,4,3,0,0.00423,102432
4,1,4,3,1,-0.68230,49201
4,1,4,3,2,-0.09772,516771
4,1,4,3,3,0.96816,2241072
4,1,4,3,4,-0.96649,23190
4,1,4,4,0,-0.11034,26666
4,1,4,4,1,0.01974,9019
4,1,4,4,2,0.92231,104291
4,1,4,4,3,0.24265,296634
4,1,4,4,4,0.19574,6209
4,2,0,0,0,-0.67708,10
4,2,0,0,1,1.79556,78
4,2,0,0,2,-0.89256,26
4,2,0,0,3,-0.80157,19
4,2,0,0,4,-0.73329,206
4,2,0,1,0,3.65627,20
4,2,0,1,1,1.28485,16615
4,2,0,1,2,2.87381,2322
4,2,0,1,3,1.96498,3633
4,2,0,1,4,-0.67737,7956
4,2,0,2,0,4.20474,62
4,2,0,2,1,7.99749,146454
4,2,0,2,2,3.12808,16370
4,2,0,2,3,-0.76815,29146
4,2,0,2,4,-0.08429,22585
4,2,0,3,0,-0.52396,151
4,2,0,3,1,-0.57881,178888
4,2,0,3,2,-0.54334,19763
4,2,0,3,3,-0.62824,34013
4,2,0,3,4,0.66566,20167
4,2,0,4,0,5.26251,40
4,2,0,4,1,-0.22050,28474
4,2,0,4,2,0.80827,3417
4,2,0,4,3,-0.58741,6235
4,2,0,4,4,-0.71656,5377
4,2,1,0,0,-0.83081,689
4,2,1,0,1,1.49128,472
4,2,1,0,2,-0.99975,348
4,2,1,0,3,-0.99978,125
4,2,1,0,4,-0.99977,91
4,2,1,1,0,2.06903,20754
4,2,1,1,1,-0.38341,68156
4,2,1,1,2,1.99410,25907
4,2,1,1,3,2.53827,6925
4,2,1,1,4,-0.12667,3203
4,2,1,2,0,3.05641,86056
4,2,1,2,1,1.89646,537836
4,2,1,2,2,2.03827,235972
4,2,1,2,3,3.29184,43444
4,2,1,2,4,0.30085,8434
4,2,1,3,0,-0.07067,119162
4,2,1,3,1,1.49504,661688
4,2,1,3,2,-0.30300,272772
4,2,1,3,3,-0.30292,55162
4,2,1,3,4,-0.93232,8501
4,2,1,4,0,0.15419,35734
4,2,1,4,1,-0.28194,103630
4,2,1,4,2,-0.13062,54336
4,2,1,4,3,1.11496,10565
4,2,1,4,4,-0.54441,2923
4,2,2,0,0,-0.99922,137
4,2,2,0,1,0.42735,432
4,2,2,0,2,-0.99928,194
4,2,2,0,3,-1.00091,169
4,2,2,0,4,-0.99936,152
4,2,2,1,0,1.01031,1528
4,2,2,1,1,1.28471,40433
4,2,2,1,2,0.66748,2962
4,2,2,1,3,1.73881,7817
4,2,2,1,4,1.38975,1990
4,2,2,2,0,1.45401,5934
4,2,2,2,1,0.84051,262128
4,2,2,2,2,2.77935,15206
4,2,2,2,3,0.99676,37206
4,2,2,2,4,2.38113,4759
4,2,2,3,0,3.15203,8029
4,2,2,3,1,3.23464,309659
4,2,2,3,2,2.42898,17752
4,2,2,3,3,2.12134,44042
4,2,2,3,4,1.37125,5333
4,2,2,4,0,2.70784,3247
4,2,2,4,1,2.19092,56790
4,2,2,4,2,1.77889,5260
4,2,2,4,3,3.03088,12368
4,2,2,4,4,1.37638,1346
4,2,3,0,0,-1.00062,1223
4,2,3,0,1,-1.02107,316
4,2,3,0,2,-1.02608,104
4,2,3,0,3,-1.00032,345
4,2,3,0,4,-1.00039,386
4,2,3,1,0,-1.02103,31594
4,2,3,1,1,-1.04914,14592
4,2,3,1,2,-0.96437,3141
4,2,3,1,3,-1.03877,10665
4,2,3,1,4,-1.05025,3635
4,2,3,2,0,1.80367,117367
4,2,3,2,1,2.48291,89468
4,2,3,2,2,-0.39087,15721
4,2,3,2,3,1.61000,67016
4,2,3,2,4,1.28761,13293
4,2,3,3,0,1.20863,157807
4,2,3,3,1,0.08912,118122
4,2,3,3,2,0.97245,18949
4,2,3,3,3,0.65707,82021
4,2,3,3,4,1.08223,15731
4,2,3,4,0,1.48314,53867
4,2,3,4,1,0.70265,27225
4,2,3,4,2,0.92256,5159
4,2,3,4,3,0.82016,23199
4,2,3,4,4,-0.08157,5147
4,2,4,0,0,-0.90199,532
4,2,4,0,1,-1.03408,261
4,2,4,0,2,-0.78096,348
4,2,4,0,3,-0.96479,656
4,2,4,0,4,-0.92548,101
4,2,4,1,0,-1.05302,15928
4,2,4,1,1,-1.07119,12104
4,2,4,1,2,-0.00306,72565
4,2,4,1,3,-1.03976,35386
4,2,4,1,4,-1.07126,6042
4,2,4,2,0,-0.00000,303050
4,2,4,2,1,-0.26095,69266
4,2,4,2,2,-0.17644,460500
4,2,4,2,3,-0.18299,794732
4,2,4,2,4,-0.36686,25172
4,2,4,3,0,-0.25094,85378
4,2,4,3,1,0.69819,84177
4,2,4,3,2,-0.02213,585049
4,2,4,3,3,-0.18820,375675
4,2,4,3,4,-0.90694,20777
4,2,4,4,0,1.34067,28342
4,2,4,4,1,0.11300,18656
4,2,4,4,2,0.00345,112845
4,2,4,4,3,1.00535,83173
4,2,4,4,4,0.02096,5857
4,3,0,0,0,-0.51545,119
4,3,0,0,1,-0.19621,26
4,3,0,0,2,-0.52180,13
4,3,0,0,3,-0.55562,29
4,3,0,0,4,-0.49645,6
4,3,0,1,0,-0.19882,2581
4,3,0,1,1,3.15385,3756
4,3,0,1,2,0.25385,4851
4,3,0,1,3,-0.60373,3882
4,3,0,1,4,0.74526,7
4,3,0,2,0,0.03565,4393
4,3,0,2,1,3.59468,11351
4,3,0,2,2,0.16513,15322
4,3,0,2,3,1.78859,6716
4,3,0,2,4,0.09042,70
4,3,0,3,0,1.41580,6910
4,3,0,3,1,-0.95651,16009
4,3,0,3,2,0.42226,22592
4,3,0,3,3,1.23389,11582
4,3,0,3,4,1.21855,14
4,3,0,4,0,0.69479,4858
4,3,0,4,1,-0.84459,6876
4,3,0,4,2,-0.77724,7787
4,3,0,4,3,0.15773,5035
4,3,0,4,4,2.01437,4
4,3,1,0,0,-0.99460,74
4,3,1,0,1,-0.99826,96
4,3,1,0,2,-0.99383,109
4,3,1,0,3,0.85715,69
4,3,1,0,4,-0.99308,122
4,3,1,1,0,1.64066,1148
4,3,1,1,1,1.21487,10926
4,3,1,1,2,-0.87205,9419
4,3,1,1,3,0.38412,3994
4,3,1,1,4,0.66905,7243
4,3,1,2,0,0.61850,3102
4,3,1,2,1,0.77987,29343
4,3,1,2,2,1.81414,27697
4,3,1,2,3,-0.08135,10130
4,3,1,2,4,0.09843,10847
4,3,1,3,0,1.29558,4360
4,3,1,3,1,0.72168,39453
4,3,1,3,2,-0.17492,35863
4,3,1,3,3,1.17882,16880
4,3,1,3,4,1.70962,15001
4,3,1,4,0,-0.12177,2442
4,3,1,4,1,-0.34133,17583
4,3,1,4,2,-0.23721,13005
4,3,1,4,3,0.33402,6657
4,3,1,4,4,0.67730,7018
4,3,2,0,0,-0.98098,27
4,3,2,0,1,1.27165,173
4,3,2,0,2,-0.97255,52
4,3,2,0,3,-0.97005,29
4,3,2,0,4,-0.97035,109
4,3,2,1,0,2.19081,108
4,3,2,1,1,-0.76227,23845
4,3,2,1,2,1.50938,4298
4,3,2,1,3,0.97659,462
4,3,2,1,4,0.01036,2491
4,3,2,2,0,-0.02829,225
4,3,2,2,1,3.06958,57407
4,3,2,2,2,-0.54562,11441
4,3,2,2,3,-0.27120,883
4,3,2,2,4,-0.19214,2945
4,3,2,3,0,3.57464,201
4,3,2,3,1,0.82855,65236
4,3,2,3,2,3.52473,12493
4,3,2,3,3,2.42853,1306
4,3,2,3,4,1.27787,4297
4,3,2,4,0,3.00311,47
4,3,2,4,1,1.79472,34348
4,3,2,4,2,3.11687,5678
4,3,2,4,3,2.00294,627
4,3,2,4,4,2.02833,1704
4,3,3,0,0,-1.00023,174
4,3,3,0,1,-0.99677,50
4,3,3,0,2,-0.99800,66
4,3,3,0,3,-1.00049,178
4,3,3,0,4,-0.99905,218
4,3,3,1,0,-1.02354,2852
4,3,3,1,1,-0.38876,1502
4,3,3,1,2,-0.96723,4414
4,3,3,1,3,-0.37617,5130
4,3,3,1,4,-1.01616,3461
4,3,3,2,0,-0.95355,4311
4,3,3,2,1,0.28442,4153
4,3,3,2,2,0.28484,11768
4,3,3,2,3,0.26553,9786
4,3,3,2,4,0.28470,5079
4,3,3,3,0,0.30618,6288
4,3,3,3,1,1.29926,5270
4,3,3,3,2,0.26985,16587
4,3,3,3,3,1.21673,14409
4,3,3,3,4,0.60468,4448
4,3,3,4,0,-0.92859,4879
4,3,3,4,1,3.22680,3556
4,3,3,4,2,0.30356,7401
4,3,3,4,3,0.30356,8040
4,3,3,4,4,1.77792,3142
4,3,4,0,0,-0.02287,400
4,3,4,0,1,-0.12577,277
4,3,4,0,2,-0.78037,395
4,3,4,0,3,0.25096,432
4,3,4,0,4,0.90560,578
4,3,4,1,0,-1.09201,12270
4,3,4,1,1,-1.07352,13215
4,3,4,1,2,-0.18414,43174
4,3,4,1,3,-0.81901,14877
4,3,4,1,4,-1.09408,4580
4,3,4,2,0,-0.24394,15732
4,3,4,2,1,-0.80022,18431
4,3,4,2,2,-0.00572,90339
4,3,4,2,3,-0.18295,29489
4,3,4,2,4,-0.80883,7217
4,3,4,3,0,0.00006,23326
4,3,4,3,1,-0.45059,26386
4,3,4,3,2,-0.17644,127335
4,3,4,3,3,0.00005,41328
4,3,4,3,4,-0.40436,8201
4,3,4,4,0,-0.73575,20969
4,3,4,4,1,-0.42250,19913
4,3,4,4,2,-0.18747,64882
4,3,4,4,3,-0.55181,30390
4,3,4,4,4,-0.48290,5586
4,4,0,0,0,0.15251,10
4,4,0,0,1,-0.05126,5
4,4,0,0,2,0.21970,0
4,4,0,0,3,0.07750,0
4,4,0,0,4,0.25207,4
4,4,0,1,0,-0.24912,5
4,4,0,1,1,0.10457,410
4,4,0,1,2,0.46273,0
4,4,0,1,3,0.16309,0
4,4,0,1,4,2.07843,201
4,4,0,2,0,-0.64518,6
4,4,0,2,1,1.20859,449
4,4,0,2,2,0.06685,0
4,4,0,2,3,0.72076,0
4,4,0,2,4,0.21628,212
4,4,0,3,0,0.01133,0
4,4,0,3,1,0.41635,364
4,4,0,3,2,0.14676,0
4,4,0,3,3,0.44190,0
4,4,0,3,4,2.31226,1141
4,4,0,4,0,1.81867,2
4,4,0,4,1,-0.95326,502
4,4,0,4,2,-0.44027,2
4,4,0,4,3,0.28242,0
4,4,0,4,4,0.21511,521
4,4,1,0,0,-0.60258,11
4,4,1,0,1,-0.64870,16
4,4,1,0,2,-0.04505,10
4,4,1,0,3,-0.23792,7
4,4,1,0,4,-0.16411,3
4,4,1,1,0,0.27535,14
4,4,1,1,1,1.05590,712
4,4,1,1,2,0.05612,1172
4,4,1,1,3,1.52281,67
4,4,1,1,4,-0.06694,20
4,4,1,2,0,0.77205,29
4,4,1,2,1,0.18437,424
4,4,1,2,2,0.73484,839
4,4,1,2,3,0.33700,3
4,4,1,2,4,-0.32908,54
4,4,1,3,0,1.05506,70
4,4,1,3,1,-0.83369,393
4,4,1,3,2,0.69879,1443
4,4,1,3,3,0.40555,4
4,4,1,3,4,0.54130,37
4,4,1,4,0,-0.70406,60
4,4,1,4,1,-0.56110,746
4,4,1,4,2,-0.33723,1957
4,4,1,4,3,1.37727,4
4,4,1,4,4,0.06271,22
4,4,2,0,0,-0.67123,9
4,4,2,0,1,0.01514,34
4,4,2,0,2,-0.87428,17
4,4,2,0,3,-0.74133,49
4,4,2,0,4,-0.62273,43
4,4,2,1,0,0.36890,0
4,4,2,1,1,1.31339,809
4,4,2,1,2,1.09802,266
4,4,2,1,3,0.14804,443
4,4,2,1,4,-0.59028,201
4,4,2,2,0,0.82480,0
4,4,2,2,1,0.98875,443
4,4,2,2,2,0.82755,133
4,4,2,2,3,0.44636,329
4,4,2,2,4,-0.11443,51
4,4,2,3,0,0.23314,0
4,4,2,3,1,3.35124,517
4,4,2,3,2,-0.15396,193
4,4,2,3,3,1.15456,775
4,4,2,3,4,1.10363,187
4,4,2,4,0,2.02390,4
4,4,2,4,1,3.20676,1294
4,4,2,4,2,1.35399,157
4,4,2,4,3,1.09899,821
4,4,2,4,4,1.95912,53
4,4,3,0,0,-0.94260,5
4,4,3,0,1,-0.27487,12
4,4,3,0,2,0.02327,0
4,4,3,0,3,-0.98067,15
4,4,3,0,4,-0.90927,47
4,4,3,1,0,1.34918,66
4,4,3,1,1,-1.01437,117
4,4,3,1,2,-0.85011,86
4,4,3,1,3,-0.99077,183
4,4,3,1,4,-0.98798,380
4,4,3,2,0,0.68896,20
4,4,3,2,1,0.34996,57
4,4,3,2,2,-0.81114,83
4,4,3,2,3,1.50331,37
4,4,3,2,4,0.42826,218
4,4,3,3,0,1.48254,34
4,4,3,3,1,1.73649,88
4,4,3,3,2,0.03456,95
4,4,3,3,3,0.77689,92
4,4,3,3,4,3.33070,460
4,4,3,4,0,0.56471,67
4,4,3,4,1,2.71120,147
4,4,3,4,2,2.39202,229
4,4,3,4,3,-0.49234,50
4,4,3,4,4,1.68083,226
4,4,4,0,0,-0.22552,79
4,4,4,0,1,-0.77517,88
4,4,4,0,2,-0.71545,35
4,4,4,0,3,0.31516,114
4,4,4,0,4,0.48530,37
4,4,4,1,0,-0.77017,954
4,4,4,1,1,-1.07192,1195
4,4,4,1,2,-1.06989,739
4,4,4,1,3,-1.06630,1260
4,4,4,1,4,-1.06880,678
4,4,4,2,0,-0.17735,467
4,4,4,2,1,-0.63704,711
4,4,4,2,2,-0.66067,448
4,4,4,2,3,0.09181,732
4,4,4,2,4,-0.98949,204
4,4,4,3,0,-0.90328,1400
4,4,4,3,1,-0.46271,1552
4,4,4,3,2,-0.66319,768
4,4,4,3,3,-0.69102,1192
4,4,4,3,4,-0.92396,295
4,4,4,4,0,-0.52010,2822
4,4,4,4,1,-0.58755,1832
4,4,4,4,2,-0.43832,1537
4,4,4,4,3,0.23235,2319
4,4,4,4,4,-0.24948,1535
