3125
5
0,0,0,0,0,0.51749,0
0,0,0,0,1,0.32273,0
0,0,0,0,2,0.17195,0
0,0,0,0,3,0.87769,0
0,0,0,0,4,0.88755,0
0,0,0,1,0,0.19465,0
0,0,0,1,1,0.24281,0
0,0,0,1,2,0.12764,0
0,0,0,1,3,0.58173,0
0,0,0,1,4,0.08110,0
0,0,0,2,0,0.49430,0
0,0,0,2,1,0.05690,0
0,0,0,2,2,0.14661,0
0,0,0,2,3,0.16812,0
0,0,0,2,4,0.21972,0
0,0,0,3,0,0.95377,0
0,0,0,3,1,0.83439,0
0,0,0,3,2,0.24619,0
0,0,0,3,3,0.19062,0
0,0,0,3,4,0.42971,0
0,0,0,4,0,0.20554,0
0,0,0,4,1,0.50680,0
0,0,0,4,2,0.92666,0
0,0,0,4,3,0.16826,0
0,0,0,4,4,0.18048,0
0,0,1,0,0,0.89975,0
0,0,1,0,1,0.80504,0
0,0,1,0,2,0.29080,0
0,0,1,0,3,0.94286,0
0,0,1,0,4,0.02884,0
0,0,1,1,0,-0.70814,3
0,0,1,1,1,-3.32648,78
0,0,1,1,2,-2.54297,7
0,0,1,1,3,-3.10301,243
0,0,1,1,4,-2.76831,1
0,0,1,2,0,-2.92800,3
0,0,1,2,1,-3.17573,220
0,0,1,2,2,-3.26302,7
0,0,1,2,3,-0.57641,791
0,0,1,2,4,-2.16400,4
0,0,1,3,0,-3.03940,9
0,0,1,3,1,-2.69453,234
0,0,1,3,2,-3.54170,23
0,0,1,3,3,-2.47255,913
0,0,1,3,4,-3.14536,6
0,0,1,4,0,-2.07727,8
0,0,1,4,1,-3.21334,109
0,0,1,4,2,-3.10927,8
0,0,1,4,3,-3.12590,462
0,0,1,4,4,-2.70090,6
0,0,2,0,0,0.17422,0
0,0,2,0,1,0.50808,0
0,0,2,0,2,0.73042,0
0,0,2,0,3,0.42835,0
0,0,2,0,4,0.76545,0
0,0,2,1,0,0.68571,9
0,0,2,1,1,-0.71446,114
0,0,2,1,2,0.68598,53
0,0,2,1,3,-0.51578,10
0,0,2,1,4,-0.93923,509
0,0,2,2,0,1.08011,20
0,0,2,2,1,1.10261,291
0,0,2,2,2,1.32761,188
0,0,2,2,3,1.75290,25
0,0,2,2,4,-1.38701,1412
0,0,2,3,0,-2.60764,28
0,0,2,3,1,-2.37267,465
0,0,2,3,2,-2.62017,241
0,0,2,3,3,-2.39338,28
0,0,2,3,4,1.97021,2505
0,0,2,4,0,-2.11923,17
0,0,2,4,1,-2.14173,190
0,0,2,4,2,-2.12170,61
0,0,2,4,3,-1.82692,7
0,0,2,4,4,-1.34037,820
0,0,3,0,0,0.61577,0
0,0,3,0,1,0.55490,0
0,0,3,0,2,0.57380,0
0,0,3,0,3,0.56992,0
0,0,3,0,4,0.27146,0
0,0,3,1,0,-3.08380,152
0,0,3,1,1,-3.11387,79
0,0,3,1,2,-3.09040,44
0,0,3,1,3,-2.77424,41
0,0,3,1,4,-3.11290,25
0,0,3,2,0,1.24081,466
0,0,3,2,1,-1.97572,197
0,0,3,2,2,-2.81461,73
0,0,3,2,3,-2.28069,99
0,0,3,2,4,-1.22665,80
0,0,3,3,0,4.37154,552
0,0,3,3,1,-0.67767,306
0,0,3,3,2,-3.29845,128
0,0,3,3,3,-1.38085,121
0,0,3,3,4,1.50406,36
0,0,3,4,0,-2.69904,235
0,0,3,4,1,-3.10626,118
0,0,3,4,2,-2.00113,66
0,0,3,4,3,-2.89862,37
0,0,3,4,4,-1.15900,9
0,0,4,0,0,0.75860,0
0,0,4,0,1,0.51421,0
0,0,4,0,2,0.27628,0
0,0,4,0,3,0.43508,0
0,0,4,0,4,0.12694,0
0,0,4,1,0,-3.40652,44
0,0,4,1,1,-3.74055,66
0,0,4,1,2,-3.42902,28
0,0,4,1,3,-3.60339,76
0,0,4,1,4,-3.49304,54
0,0,4,2,0,-3.15145,136
0,0,4,2,1,-3.15145,223
0,0,4,2,2,-2.71061,36
0,0,4,2,3,-2.97384,139
0,0,4,2,4,-3.01442,147
0,0,4,3,0,-1.15739,83
0,0,4,3,1,-0.73359,337
0,0,4,3,2,-3.20770,49
0,0,4,3,3,-1.01431,259
0,0,4,3,4,-0.77513,167
0,0,4,4,0,-1.93535,52
0,0,4,4,1,-1.91178,132
0,0,4,4,2,-3.30671,24
0,0,4,4,3,-1.59625,141
0,0,4,4,4,-1.93597,88
0,1,0,0,0,-2.46652,38
0,1,0,0,1,-2.46654,40
0,1,0,0,2,-2.46654,48
0,1,0,0,3,-2.46652,46
0,1,0,0,4,-2.90173,51
0,1,0,1,0,3.57925,2739
0,1,0,1,1,7.11570,46
0,1,0,1,2,3.55675,1178
0,1,0,1,3,3.80425,248
0,1,0,1,4,4.50472,36
0,1,0,2,0,-1.02099,25476
0,1,0,2,1,0.43189,0
0,1,0,2,2,-1.02099,2158
0,1,0,2,3,0.47651,2924
0,1,0,2,4,-0.58165,3
0,1,0,3,0,6.46331,32429
0,1,0,3,1,8.98568,48
0,1,0,3,2,4.96581,2276
0,1,0,3,3,4.98956,3758
0,1,0,3,4,6.07035,26
0,1,0,4,0,-0.27385,5811
0,1,0,4,1,-1.20464,19
0,1,0,4,2,-1.74885,3008
0,1,0,4,3,-1.52385,527
0,1,0,4,4,-1.41539,11
0,1,1,0,0,-2.23856,12
0,1,1,0,1,-2.23857,10
0,1,1,0,2,-2.46169,9
0,1,1,0,3,-2.20955,16
0,1,1,0,4,-2.23857,10
0,1,1,1,0,-3.17145,188
0,1,1,1,1,-3.20046,221
0,1,1,1,2,-3.06041,580
0,1,1,1,3,-3.27415,588
0,1,1,1,4,-2.43200,53
0,1,1,2,0,-2.21347,571
0,1,1,2,1,-3.26013,779
0,1,1,2,2,-3.10024,1267
0,1,1,2,3,-3.12719,1648
0,1,1,2,4,-2.06507,103
0,1,1,3,0,-2.82424,612
0,1,1,3,1,-2.87059,846
0,1,1,3,2,-2.53500,1638
0,1,1,3,3,-3.14784,1858
0,1,1,3,4,-3.28826,169
0,1,1,4,0,-2.90153,520
0,1,1,4,1,-2.07563,371
0,1,1,4,2,-3.21930,882
0,1,1,4,3,-3.06697,1026
0,1,1,4,4,-2.75100,81
0,1,2,0,0,-2.58232,38
0,1,2,0,1,-2.58232,22
0,1,2,0,2,-2.33858,17
0,1,2,0,3,-2.79145,20
0,1,2,0,4,-2.33359,17
0,1,2,1,0,-1.62434,274
0,1,2,1,1,0.88440,671
0,1,2,1,2,-1.37684,95
0,1,2,1,3,1.26044,120
0,1,2,1,4,0.63690,773
0,1,2,2,0,-1.38728,800
0,1,2,2,1,-1.38730,1450
0,1,2,2,2,-1.38655,478
0,1,2,2,3,-1.26364,322
0,1,2,2,4,-1.61228,2080
0,1,2,3,0,2.01130,1289
0,1,2,3,1,2.01383,2145
0,1,2,3,2,-0.97563,734
0,1,2,3,3,2.51564,404
0,1,2,3,4,1.76658,2919
0,1,2,4,0,-1.52631,630
0,1,2,4,1,-1.27904,753
0,1,2,4,2,-1.27658,241
0,1,2,4,3,-1.14312,148
0,1,2,4,4,-1.27883,1350
0,1,3,0,0,0.79765,0
0,1,3,0,1,0.99112,9
0,1,3,0,2,-0.20962,3
0,1,3,0,3,-1.13807,6
0,1,3,0,4,0.20557,0
0,1,3,1,0,-3.09517,71
0,1,3,1,1,-3.30609,850
0,1,3,1,2,-3.47975,51
0,1,3,1,3,-3.12066,312
0,1,3,1,4,-3.14341,93
0,1,3,2,0,0.99367,527
0,1,3,2,1,-1.63475,4059
0,1,3,2,2,-2.65752,57
0,1,3,2,3,1.65685,1529
0,1,3,2,4,-2.66085,296
0,1,3,3,0,4.12462,578
0,1,3,3,1,4.14712,4621
0,1,3,3,2,-3.37466,65
0,1,3,3,3,5.13569,1708
0,1,3,3,4,-2.43959,471
0,1,3,4,0,-1.04434,190
0,1,3,4,1,-1.84528,1360
0,1,3,4,2,-2.92063,18
0,1,3,4,3,-1.52253,463
0,1,3,4,4,-1.04434,77
0,1,4,0,0,0.07660,1
0,1,4,0,1,0.98773,0
0,1,4,0,2,0.97518,0
0,1,4,0,3,-2.52721,13
0,1,4,0,4,0.20731,0
0,1,4,1,0,-3.64191,104
0,1,4,1,1,-3.64190,100
0,1,4,1,2,-3.64218,67
0,1,4,1,3,-3.39722,329
0,1,4,1,4,-3.64190,84
0,1,4,2,0,-2.97384,356
0,1,4,2,1,-2.72636,176
0,1,4,2,2,-2.95134,311
0,1,4,2,3,-3.06830,2052
0,1,4,2,4,-2.72654,158
0,1,4,3,0,-0.73655,547
0,1,4,3,1,-0.51397,234
0,1,4,3,2,0.11358,508
0,1,4,3,3,-1.77954,2317
0,1,4,3,4,-1.13813,244
0,1,4,4,0,-3.18384,212
0,1,4,4,1,-1.23746,148
0,1,4,4,2,-1.46229,187
0,1,4,4,3,-1.09699,743
0,1,4,4,4,-3.18384,54
0,2,0,0,0,0.12985,0
0,2,0,0,1,0.06441,0
0,2,0,0,2,0.02294,4
0,2,0,0,3,0.02285,5
0,2,0,0,4,9.97084,63
0,2,0,1,0,-1.08502,6
0,2,0,1,1,-1.13427,1
0,2,0,1,2,1.12792,6
0,2,0,1,3,0.16277,381
0,2,0,1,4,-2.72500,1275
0,2,0,2,0,9.81902,125
0,2,0,2,1,-2.69106,52
0,2,0,2,2,-2.69015,55
0,2,0,2,3,-2.94999,2631
0,2,0,2,4,-3.15186,3965
0,2,0,3,0,-2.69066,40
0,2,0,3,1,-2.87476,29
0,2,0,3,2,-1.08641,29
0,2,0,3,3,-2.82887,1553
0,2,0,3,4,-3.10281,4677
0,2,0,4,0,0.47263,0
0,2,0,4,1,0.02830,0
0,2,0,4,2,-3.00916,3
0,2,0,4,3,1.74693,567
0,2,0,4,4,-2.72500,3213
0,2,1,0,0,-1.98915,18
0,2,1,0,1,-2.37469,31
0,2,1,0,2,-2.60764,12
0,2,1,0,3,-2.11077,34
0,2,1,0,4,-1.98915,17
0,2,1,1,0,-0.80680,1732
0,2,1,1,1,-0.55930,151
0,2,1,1,2,-0.56188,330
0,2,1,1,3,-0.34366,152
0,2,1,1,4,-2.94208,896
0,2,1,2,0,-3.13708,3082
0,2,1,2,1,-2.54907,183
0,2,1,2,2,-2.77407,934
0,2,1,2,3,-2.55452,376
0,2,1,2,4,-2.78509,1898
0,2,1,3,0,-2.86005,4001
0,2,1,3,1,-2.61255,148
0,2,1,3,2,-2.59420,1401
0,2,1,3,3,-2.62505,589
0,2,1,3,4,-2.75813,2320
0,2,1,4,0,-3.12800,3928
0,2,1,4,1,-2.90301,164
0,2,1,4,2,-2.91882,467
0,2,1,4,3,-2.94777,200
0,2,1,4,4,-2.93967,1554
0,2,2,0,0,-2.66724,51
0,2,2,0,1,-2.43477,33
0,2,2,0,2,-2.38296,26
0,2,2,0,3,-2.41082,25
0,2,2,0,4,-2.60743,24
0,2,2,1,0,-1.82659,325
0,2,2,1,1,-2.63412,248
0,2,2,1,2,-3.36419,455
0,2,2,1,3,-3.18521,694
0,2,2,1,4,-2.75622,1711
0,2,2,2,0,-1.29472,218
0,2,2,2,1,-2.74933,987
0,2,2,2,2,-2.97433,739
0,2,2,2,3,-2.77703,1781
0,2,2,2,4,-3.00076,5801
0,2,2,3,0,-2.94277,466
0,2,2,3,1,-1.10278,1177
0,2,2,3,2,-2.00205,1023
0,2,2,3,3,-1.69672,2397
0,2,2,3,4,-2.91382,8163
0,2,2,4,0,-2.88261,383
0,2,2,4,1,-2.47442,376
0,2,2,4,2,-2.69942,671
0,2,2,4,3,-2.47158,1051
0,2,2,4,4,-2.86948,3301
0,2,3,0,0,-2.78610,36
0,2,3,0,1,0.01251,58
0,2,3,0,2,-2.78279,3
0,2,3,0,3,-2.76008,17
0,2,3,0,4,-2.78610,7
0,2,3,1,0,-3.57972,101
0,2,3,1,1,-3.08102,1064
0,2,3,1,2,-3.49321,86
0,2,3,1,3,-2.87057,519
0,2,3,1,4,-3.57972,114
0,2,3,2,0,-2.05773,323
0,2,3,2,1,-3.04713,3598
0,2,3,2,2,-2.78208,388
0,2,3,2,3,-2.85792,2025
0,2,3,2,4,-2.58705,241
0,2,3,3,0,-2.94452,264
0,2,3,3,1,-3.17111,3461
0,2,3,3,2,-3.22057,313
0,2,3,3,3,-2.99568,2275
0,2,3,3,4,-3.04211,302
0,2,3,4,0,-2.56054,89
0,2,3,4,1,-2.47450,1498
0,2,3,4,2,-2.49191,178
0,2,3,4,3,-3.04366,812
0,2,3,4,4,-2.45592,150
0,2,4,0,0,0.85216,0
0,2,4,0,1,-3.08962,55
0,2,4,0,2,0.38396,0
0,2,4,0,3,-2.93023,67
0,2,4,0,4,0.39905,0
0,2,4,1,0,-3.44975,97
0,2,4,1,1,-3.36212,252
0,2,4,1,2,-3.47225,98
0,2,4,1,3,-2.92293,1003
0,2,4,1,4,-3.45762,66
0,2,4,2,0,-3.19500,132
0,2,4,2,1,-3.29506,429
0,2,4,2,2,-2.30795,357
0,2,4,2,3,-2.91072,2482
0,2,4,2,4,-2.30672,78
0,2,4,3,0,-3.21563,314
0,2,4,3,1,-3.11214,517
0,2,4,3,2,-2.93538,302
0,2,4,3,3,-2.81563,3043
0,2,4,3,4,-2.40516,67
0,2,4,4,0,-2.91583,160
0,2,4,4,1,-1.78303,308
0,2,4,4,2,-2.69126,78
0,2,4,4,3,-3.13396,1895
0,2,4,4,4,-1.23679,71
0,3,0,0,0,0.24782,0
0,3,0,0,1,0.58497,0
0,3,0,0,2,0.69546,0
0,3,0,0,3,0.07635,94
0,3,0,0,4,0.62372,0
0,3,0,1,0,0.01330,0
0,3,0,1,1,0.29774,0
0,3,0,1,2,8.45371,899
0,3,0,1,3,8.47621,265
0,3,0,1,4,9.94579,53
0,3,0,2,0,-0.50159,9
0,3,0,2,1,0.73861,2
0,3,0,2,2,-0.75222,576
0,3,0,2,3,-0.50494,509
0,3,0,2,4,-0.28302,13
0,3,0,3,0,-0.11848,11
0,3,0,3,1,0.62403,0
0,3,0,3,2,-0.34348,1576
0,3,0,3,3,-0.11848,834
0,3,0,3,4,0.14613,0
0,3,0,4,0,0.42962,0
0,3,0,4,1,0.59736,3
0,3,0,4,2,0.35022,1908
0,3,0,4,3,0.59772,801
0,3,0,4,4,0.94191,0
0,3,1,0,0,-2.39498,20
0,3,1,0,1,-2.64220,17
0,3,1,0,2,-2.39498,18
0,3,1,0,3,-2.38335,21
0,3,1,0,4,-2.39501,25
0,3,1,1,0,0.80228,1838
0,3,1,1,1,-2.97386,207
0,3,1,1,2,1.05291,137
0,3,1,1,3,-2.73910,677
0,3,1,1,4,1.83978,56
0,3,1,2,0,8.48070,2009
0,3,1,2,1,-2.66092,260
0,3,1,2,2,-1.01410,40
0,3,1,2,3,-2.97073,832
0,3,1,2,4,8.71856,52
0,3,1,3,0,-2.60491,3882
0,3,1,3,1,2.93196,538
0,3,1,3,2,-2.55688,59
0,3,1,3,3,-2.85026,1289
0,3,1,3,4,-2.63838,45
0,3,1,4,0,-2.82553,2583
0,3,1,4,1,-1.83114,423
0,3,1,4,2,-2.82862,27
0,3,1,4,3,0.25952,1124
0,3,1,4,4,-1.39713,22
0,3,2,0,0,-0.89406,36
0,3,2,0,1,-2.60038,25
0,3,2,0,2,-2.35110,26
0,3,2,0,3,-2.61156,41
0,3,2,0,4,-2.55332,15
0,3,2,1,0,-2.37751,1020
0,3,2,1,1,-3.10075,718
0,3,2,1,2,-2.87574,18
0,3,2,1,3,-2.91749,328
0,3,2,1,4,-2.07020,11
0,3,2,2,0,-2.23999,1063
0,3,2,2,1,-3.08317,636
0,3,2,2,2,-2.73714,28
0,3,2,2,3,-2.87297,423
0,3,2,2,4,0.91750,0
0,3,2,3,0,-3.03060,1865
0,3,2,3,1,-2.99004,1567
0,3,2,3,2,-2.88991,60
0,3,2,3,3,-2.93337,659
0,3,2,3,4,-2.49535,26
0,3,2,4,0,-1.78342,1368
0,3,2,4,1,-2.78300,984
0,3,2,4,2,-1.06318,3
0,3,2,4,3,-2.56444,632
0,3,2,4,4,-1.06360,11
0,3,3,0,0,-2.60012,7
0,3,3,0,1,-0.86280,19
0,3,3,0,2,-1.35372,5
0,3,3,0,3,-0.96525,12
0,3,3,0,4,-1.36622,12
0,3,3,1,0,-3.44969,130
0,3,3,1,1,-2.89564,133
0,3,3,1,2,-3.42719,306
0,3,3,1,3,-2.68960,615
0,3,3,1,4,-3.12375,123
0,3,3,2,0,-2.48796,186
0,3,3,2,1,4.20989,52
0,3,3,2,2,-2.48796,393
0,3,3,2,3,-2.21162,766
0,3,3,2,4,-2.46546,133
0,3,3,3,0,-2.72182,261
0,3,3,3,1,-2.94681,162
0,3,3,3,2,-2.87876,583
0,3,3,3,3,-2.74645,1297
0,3,3,3,4,-3.11155,198
0,3,3,4,0,0.83582,212
0,3,3,4,1,-2.27795,257
0,3,3,4,2,-2.55745,540
0,3,3,4,3,-1.97827,627
0,3,3,4,4,0.59214,167
0,3,4,0,0,0.92453,0
0,3,4,0,1,0.61508,0
0,3,4,0,2,-2.93773,33
0,3,4,0,3,-1.99986,66
0,3,4,0,4,0.28304,0
0,3,4,1,0,-3.65062,60
0,3,4,1,1,-3.44877,199
0,3,4,1,2,-3.67312,169
0,3,4,1,3,-2.90172,1092
0,3,4,1,4,-3.67312,89
0,3,4,2,0,-2.34717,33
0,3,4,2,1,-3.25774,194
0,3,4,2,2,-2.75510,146
0,3,4,2,3,-3.04986,728
0,3,4,2,4,-2.35927,89
0,3,4,3,0,-2.86150,17
0,3,4,3,1,-2.91798,385
0,3,4,3,2,-3.00525,304
0,3,4,3,3,-3.05925,1444
0,3,4,3,4,-2.99379,52
0,3,4,4,0,-3.03036,74
0,3,4,4,1,-3.23635,409
0,3,4,4,2,-2.88778,142
0,3,4,4,3,-2.90671,1549
0,3,4,4,4,1.66336,46
0,4,0,0,0,0.21820,0
0,4,0,0,1,0.28876,0
0,4,0,0,2,0.42562,0
0,4,0,0,3,0.18714,0
0,4,0,0,4,0.08192,0
0,4,0,1,0,-2.28415,14
0,4,0,1,1,-2.03655,8
0,4,0,1,2,-2.28415,604
0,4,0,1,3,0.39575,0
0,4,0,1,4,-2.60848,25
0,4,0,2,0,0.33075,0
0,4,0,2,1,0.27165,0
0,4,0,2,2,0.40268,0
0,4,0,2,3,0.67269,0
0,4,0,2,4,0.90992,0
0,4,0,3,0,0.69564,0
0,4,0,3,1,0.82749,0
0,4,0,3,2,-0.21295,298
0,4,0,3,3,0.39043,0
0,4,0,3,4,0.29117,0
0,4,0,4,0,0.29239,0
0,4,0,4,1,0.77899,0
0,4,0,4,2,0.10090,283
0,4,0,4,3,0.52130,0
0,4,0,4,4,0.63992,0
0,4,1,0,0,0.84138,0
0,4,1,0,1,0.40890,0
0,4,1,0,2,0.52586,0
0,4,1,0,3,0.18751,0
0,4,1,0,4,0.90593,0
0,4,1,1,0,0.19109,0
0,4,1,1,1,0.60916,0
0,4,1,1,2,4.87421,3
0,4,1,1,3,-2.80515,27
0,4,1,1,4,-2.99997,546
0,4,1,2,0,0.94115,0
0,4,1,2,1,-2.11320,6
0,4,1,2,2,0.74572,0
0,4,1,2,3,1.72204,25
0,4,1,2,4,2.54984,210
0,4,1,3,0,-2.14618,3
0,4,1,3,1,0.89437,0
0,4,1,3,2,-0.43556,3
0,4,1,3,3,-2.59381,50
0,4,1,3,4,-2.80943,597
0,4,1,4,0,0.46663,0
0,4,1,4,1,-1.74635,3
0,4,1,4,2,0.97841,0
0,4,1,4,3,-2.44835,30
0,4,1,4,4,-1.20351,804
0,4,2,0,0,-1.14141,6
0,4,2,0,1,0.14035,2
0,4,2,0,2,-1.10584,2
0,4,2,0,3,-0.71546,4
0,4,2,0,4,0.13740,11
0,4,2,1,0,-2.87555,91
0,4,2,1,1,0.46611,0
0,4,2,1,2,-0.87268,79
0,4,2,1,3,-0.69187,7
0,4,2,1,4,0.08104,0
0,4,2,2,0,-0.16870,49
0,4,2,2,1,0.07883,4
0,4,2,2,2,-0.16870,17
0,4,2,2,3,0.36533,0
0,4,2,2,4,0.07880,12
0,4,2,3,0,4.31854,33
0,4,2,3,1,0.17036,0
0,4,2,3,2,-0.49888,76
0,4,2,3,3,5.32616,7
0,4,2,3,4,0.58262,0
0,4,2,4,0,-1.90420,111
0,4,2,4,1,0.94500,0
0,4,2,4,2,-1.66636,239
0,4,2,4,3,-2.45480,18
0,4,2,4,4,0.61413,0
0,4,3,0,0,-1.05772,7
0,4,3,0,1,-1.34162,46
0,4,3,0,2,-0.81072,5
0,4,3,0,3,-1.21291,9
0,4,3,0,4,-1.57662,12
0,4,3,1,0,-3.37937,14
0,4,3,1,1,-3.20212,34
0,4,3,1,2,-3.35691,43
0,4,3,1,3,-3.20212,39
0,4,3,1,4,-3.37941,51
0,4,3,2,0,-1.85387,9
0,4,3,2,1,-1.65060,33
0,4,3,2,2,-1.67310,7
0,4,3,2,3,-1.30622,17
0,4,3,2,4,-2.24046,29
0,4,3,3,0,0.77423,0
0,4,3,3,1,0.08326,62
0,4,3,3,2,0.88128,0
0,4,3,3,3,-0.71389,6
0,4,3,3,4,-0.89240,69
0,4,3,4,0,5.52520,45
0,4,3,4,1,5.52520,29
0,4,3,4,2,0.71941,17
0,4,3,4,3,1.30571,13
0,4,3,4,4,2.85179,45
0,4,4,0,0,-0.16732,50
0,4,4,0,1,0.28074,0
0,4,4,0,2,-0.18982,58
0,4,4,0,3,-0.55119,4
0,4,4,0,4,-0.97107,12
0,4,4,1,0,-3.00076,65
0,4,4,1,1,-2.97588,42
0,4,4,1,2,-3.35244,17
0,4,4,1,3,-3.02875,56
0,4,4,1,4,-3.19582,21
0,4,4,2,0,-2.24044,40
0,4,4,2,1,-2.85309,6
0,4,4,2,2,0.14149,26
0,4,4,2,3,-2.89555,47
0,4,4,2,4,-2.65661,33
0,4,4,3,0,-3.21372,35
0,4,4,3,1,-2.91225,37
0,4,4,3,2,-3.23622,55
0,4,4,3,3,-2.90921,12
0,4,4,3,4,-3.21372,57
0,4,4,4,0,-1.72197,87
0,4,4,4,1,-2.98264,46
0,4,4,4,2,-1.72197,183
0,4,4,4,3,-2.91407,48
0,4,4,4,4,-3.00150,73
1,0,0,0,0,0.81472,0
1,0,0,0,1,0.03996,0
1,0,0,0,2,0.79505,0
1,0,0,0,3,0.93820,0
1,0,0,0,4,0.67423,0
1,0,0,1,0,2.84900,53
1,0,0,1,1,0.88668,0
1,0,0,1,2,0.89641,0
1,0,0,1,3,9.95541,57
1,0,0,1,4,0.95980,0
1,0,0,2,0,-0.18860,3
1,0,0,2,1,-1.67864,3
1,0,0,2,2,0.21046,0
1,0,0,2,3,-2.21438,66
1,0,0,2,4,2.42767,113
1,0,0,3,0,-0.45232,54
1,0,0,3,1,8.45837,2
1,0,0,3,2,4.36245,48
1,0,0,3,3,10.02242,247
1,0,0,3,4,8.72141,234
1,0,0,4,0,0.44906,0
1,0,0,4,1,0.43931,0
1,0,0,4,2,0.35389,0
1,0,0,4,3,-2.28965,63
1,0,0,4,4,3.56127,3
1,0,1,0,0,0.52963,0
1,0,1,0,1,19.93146,68
1,0,1,0,2,0.20769,0
1,0,1,0,3,-1.41880,1
1,0,1,0,4,0.34442,0
1,0,1,1,0,-2.49874,477
1,0,1,1,1,19.92575,7103
1,0,1,1,2,-2.83128,61
1,0,1,1,3,-1.71133,944
1,0,1,1,4,14.96062,693
1,0,1,2,0,-2.74852,1099
1,0,1,2,1,19.92555,21856
1,0,1,2,2,17.63767,604
1,0,1,2,3,9.94578,2518
1,0,1,2,4,10.90265,1136
1,0,1,3,0,-2.47444,1947
1,0,1,3,1,-1.94817,30055
1,0,1,3,2,-2.27255,631
1,0,1,3,3,-2.49743,4402
1,0,1,3,4,-2.47657,2022
1,0,1,4,0,-2.82730,573
1,0,1,4,1,-2.26507,9845
1,0,1,4,2,-1.78289,150
1,0,1,4,3,-1.29787,1005
1,0,1,4,4,-2.03565,544
1,0,2,0,0,-0.31171,7
1,0,2,0,1,-0.31414,8
1,0,2,0,2,-0.84720,5
1,0,2,0,3,-2.30662,9
1,0,2,0,4,-0.31411,5
1,0,2,1,0,-2.43520,713
1,0,2,1,1,-1.37060,873
1,0,2,1,2,-1.58346,2715
1,0,2,1,3,-0.46493,144
1,0,2,1,4,-1.00609,408
1,0,2,2,0,-1.16083,3080
1,0,2,2,1,-2.33772,3380
1,0,2,2,2,-1.70530,9826
1,0,2,2,3,-1.62355,427
1,0,2,2,4,-2.36108,1108
1,0,2,3,0,-1.34884,3776
1,0,2,3,1,-1.23625,4473
1,0,2,3,2,-2.38822,13483
1,0,2,3,3,-1.20016,471
1,0,2,3,4,-2.67673,1889
1,0,2,4,0,-2.02106,1444
1,0,2,4,1,-0.75643,1278
1,0,2,4,2,-2.32221,4326
1,0,2,4,3,2.43284,185
1,0,2,4,4,-2.82659,626
1,0,3,0,0,0.74489,0
1,0,3,0,1,0.18072,3
1,0,3,0,2,0.74492,0
1,0,3,0,3,0.74733,5
1,0,3,0,4,0.18781,1
1,0,3,1,0,-3.19217,57
1,0,3,1,1,-2.68328,581
1,0,3,1,2,-2.96503,448
1,0,3,1,3,-0.71005,331
1,0,3,1,4,-2.81878,101
1,0,3,2,0,-2.81474,231
1,0,3,2,1,-2.46615,2376
1,0,3,2,2,-1.71593,1511
1,0,3,2,3,-1.24050,1314
1,0,3,2,4,-0.45642,719
1,0,3,3,0,-1.60378,247
1,0,3,3,1,-1.49455,3048
1,0,3,3,2,-0.35910,1899
1,0,3,3,3,-1.56904,1859
1,0,3,3,4,-2.33048,1008
1,0,3,4,0,-2.44783,86
1,0,3,4,1,-1.71940,1042
1,0,3,4,2,-2.59413,630
1,0,3,4,3,2.93703,641
1,0,3,4,4,-2.19827,253
1,0,4,0,0,0.55083,0
1,0,4,0,1,0.35051,0
1,0,4,0,2,0.69178,0
1,0,4,0,3,-1.19561,16
1,0,4,0,4,0.99815,0
1,0,4,1,0,-3.31630,212
1,0,4,1,1,-2.58345,420
1,0,4,1,2,-2.52537,690
1,0,4,1,3,-1.65883,803
1,0,4,1,4,-3.53656,233
1,0,4,2,0,-3.09587,807
1,0,4,2,1,-2.86906,1890
1,0,4,2,2,-2.82090,2414
1,0,4,2,3,-2.54228,3032
1,0,4,2,4,-2.91330,898
1,0,4,3,0,-0.69845,1434
1,0,4,3,1,0.17321,2469
1,0,4,3,2,-0.09400,3045
1,0,4,3,3,4.99204,3561
1,0,4,3,4,-0.89482,924
1,0,4,4,0,-2.50964,444
1,0,4,4,1,-2.35704,747
1,0,4,4,2,-2.24746,1708
1,0,4,4,3,-0.67553,1468
1,0,4,4,4,-1.62687,396
1,1,0,0,0,-0.74961,4
1,1,0,0,1,-0.83661,6
1,1,0,0,2,-0.83661,7
1,1,0,0,3,-0.65179,4
1,1,0,0,4,-2.03058,264
1,1,0,1,0,-0.83652,1345
1,1,0,1,1,8.49242,22
1,1,0,1,2,-0.37924,11
1,1,0,1,3,9.96719,4202
1,1,0,1,4,-0.07347,3722
1,1,0,2,0,-2.48201,8516
1,1,0,2,1,7.61816,119
1,1,0,2,2,8.68500,283
1,1,0,2,3,-0.77349,40258
1,1,0,2,4,8.74971,11804
1,1,0,3,0,9.16323,11136
1,1,0,3,1,8.72371,132
1,1,0,3,2,9.85007,462
1,1,0,3,3,7.83424,49589
1,1,0,3,4,9.16323,11042
1,1,0,4,0,-1.52334,2807
1,1,0,4,1,-1.59721,24
1,1,0,4,2,-2.49079,39
1,1,0,4,3,9.95617,7744
1,1,0,4,4,3.56344,3810
1,1,1,0,0,-2.92467,151
1,1,1,0,1,-1.26640,110
1,1,1,0,2,-2.95712,60
1,1,1,0,3,-2.95710,41
1,1,1,0,4,-2.97962,51
1,1,1,1,0,-2.29245,7805
1,1,1,1,1,-2.47036,22533
1,1,1,1,2,-2.55413,1424
1,1,1,1,3,8.70826,2586
1,1,1,1,4,12.55777,2803
1,1,1,2,0,-2.50013,40413
1,1,1,2,1,9.96686,199263
1,1,1,2,2,7.50230,7800
1,1,1,2,3,3.39938,16335
1,1,1,2,4,-2.70136,10560
1,1,1,3,0,0.30813,53675
1,1,1,3,1,-2.50002,232059
1,1,1,3,2,-2.50015,11113
1,1,1,3,3,3.63087,20427
1,1,1,3,4,-2.49861,12437
1,1,1,4,0,-2.53892,13977
1,1,1,4,1,2.11643,41780
1,1,1,4,2,-1.15977,2977
1,1,1,4,3,-2.66586,5572
1,1,1,4,4,-2.58083,2504
1,1,2,0,0,-2.55117,134
1,1,2,0,1,-0.23494,258
1,1,2,0,2,-2.56111,54
1,1,2,0,3,-2.57843,70
1,1,2,0,4,-2.56111,77
1,1,2,1,0,-2.28879,5674
1,1,2,1,1,-2.24568,25947
1,1,2,1,2,-1.64110,3088
1,1,2,1,3,-1.05880,2335
1,1,2,1,4,-1.24505,3627
1,1,2,2,0,-2.49544,35276
1,1,2,2,1,-2.36410,189202
1,1,2,2,2,-2.37775,18066
1,1,2,2,3,-1.14019,12037
1,1,2,2,4,-1.05022,12646
1,1,2,3,0,-1.48526,42086
1,1,2,3,1,-2.71317,231404
1,1,2,3,2,-2.41550,23308
1,1,2,3,3,1.33608,13502
1,1,2,3,4,-2.46573,14836
1,1,2,4,0,5.38999,10301
1,1,2,4,1,8.28354,44834
1,1,2,4,2,-1.36465,6142
1,1,2,4,3,-0.13181,3805
1,1,2,4,4,-2.50648,4047
1,1,3,0,0,-3.26785,25
1,1,3,0,1,0.06529,64
1,1,3,0,2,-3.07124,64
1,1,3,0,3,-2.06707,116
1,1,3,0,4,-3.07950,99
1,1,3,1,0,-2.47647,1376
1,1,3,1,1,9.38722,5146
1,1,3,1,2,-3.14099,1394
1,1,3,1,3,3.28534,7762
1,1,3,1,4,-3.08175,4941
1,1,3,2,0,1.42001,6637
1,1,3,2,1,-2.78148,32432
1,1,3,2,2,-2.78314,7971
1,1,3,2,3,1.43627,47590
1,1,3,2,4,1.55056,18056
1,1,3,3,0,-0.49783,9851
1,1,3,3,1,-0.29902,37699
1,1,3,3,2,-2.49362,10310
1,1,3,3,3,-1.56679,56395
1,1,3,3,4,3.52300,19557
1,1,3,4,0,0.73713,2994
1,1,3,4,1,-2.52187,8157
1,1,3,4,2,-2.69800,2640
1,1,3,4,3,-2.57856,11825
1,1,3,4,4,6.18500,5853
1,1,4,0,0,-2.77441,119
1,1,4,0,1,-1.80111,68
1,1,4,0,2,-3.46236,23
1,1,4,0,3,-1.40636,57
1,1,4,0,4,0.15940,10
1,1,4,1,0,-3.61385,3017
1,1,4,1,1,-2.57140,7139
1,1,4,1,2,-3.01171,2571
1,1,4,1,3,6.03309,4867
1,1,4,1,4,-3.40363,921
1,1,4,2,0,-2.09936,18072
1,1,4,2,1,-2.51123,57340
1,1,4,2,2,-2.79825,15436
1,1,4,2,3,-1.66946,32091
1,1,4,2,4,-0.36816,3194
1,1,4,3,0,-2.79670,24765
1,1,4,3,1,-2.45309,71768
1,1,4,3,2,-2.45749,19710
1,1,4,3,3,0.26489,37002
1,1,4,3,4,-0.45875,2892
1,1,4,4,0,-2.50201,6807
1,1,4,4,1,-1.48313,13163
1,1,4,4,2,-0.33933,4866
1,1,4,4,3,-1.80982,8990
1,1,4,4,4,-0.17863,1142
1,2,0,0,0,-1.41990,22
1,2,0,0,1,-2.65271,5
1,2,0,0,2,4.42525,15
1,2,0,0,3,-2.66990,23
1,2,0,0,4,-2.66971,69
1,2,0,1,0,-2.66977,24
1,2,0,1,1,-1.42115,838
1,2,0,1,2,-2.23904,1609
1,2,0,1,3,-2.68877,1280
1,2,0,1,4,-2.66990,279
1,2,0,2,0,-1.42610,94
1,2,0,2,1,-2.23903,5181
1,2,0,2,2,-2.23903,15170
1,2,0,2,3,-2.21004,2901
1,2,0,2,4,2.35680,668
1,2,0,3,0,-2.38402,292
1,2,0,3,1,-0.54049,6082
1,2,0,3,2,-0.75504,19406
1,2,0,3,3,-0.32276,3552
1,2,0,3,4,4.19418,402
1,2,0,4,0,-2.06342,34
1,2,0,4,1,-2.06467,994
1,2,0,4,2,8.90046,3630
1,2,0,4,3,-2.01630,905
1,2,0,4,4,-2.06441,106
1,2,1,0,0,-2.95239,17
1,2,1,0,1,-2.49940,216
1,2,1,0,2,-2.49755,47
1,2,1,0,3,-2.71708,127
1,2,1,0,4,-2.92989,248
1,2,1,1,0,-0.01523,774
1,2,1,1,1,-2.50002,50370
1,2,1,1,2,-2.50015,3521
1,2,1,1,3,-0.26370,4129
1,2,1,1,4,0.65978,1718
1,2,1,2,0,1.09598,3802
1,2,1,2,1,-1.18184,344371
1,2,1,2,2,-2.49990,16796
1,2,1,2,3,0.73638,14736
1,2,1,2,4,-2.15730,4129
1,2,1,3,0,4.53343,5441
1,2,1,3,1,-2.50003,415510
1,2,1,3,2,-2.74752,21448
1,2,1,3,3,3.83008,16540
1,2,1,3,4,-0.00640,3939
1,2,1,4,0,0.35993,1500
1,2,1,4,1,-2.11603,76523
1,2,1,4,2,-2.50000,5445
1,2,1,4,3,0.07394,5562
1,2,1,4,4,2.95260,2060
1,2,2,0,0,-2.81540,44
1,2,2,0,1,-3.08095,130
1,2,2,0,2,-2.67653,132
1,2,2,0,3,-2.80929,122
1,2,2,0,4,-2.80929,146
1,2,2,1,0,0.67762,829
1,2,2,1,1,-1.75302,30069
1,2,2,1,2,-3.11656,9866
1,2,2,1,3,-1.17650,8820
1,2,2,1,4,0.35714,4697
1,2,2,2,0,-0.25206,2974
1,2,2,2,1,-2.34898,183004
1,2,2,2,2,-2.37769,54785
1,2,2,2,3,-1.31064,41111
1,2,2,2,4,0.18474,12637
1,2,2,3,0,-2.49861,4000
1,2,2,3,1,-2.44592,210021
1,2,2,3,2,-2.44187,67628
1,2,2,3,3,-2.38641,51551
1,2,2,3,4,-1.24738,15552
1,2,2,4,0,0.50862,1053
1,2,2,4,1,1.80689,42842
1,2,2,4,2,-2.43503,14427
1,2,2,4,3,0.54303,14374
1,2,2,4,4,0.20544,5979
1,2,3,0,0,-3.31021,31
1,2,3,0,1,5.04612,119
1,2,3,0,2,-3.09776,56
1,2,3,0,3,-2.31331,137
1,2,3,0,4,-3.16408,17
1,2,3,1,0,-2.44247,1511
1,2,3,1,1,7.73029,11054
1,2,3,1,2,-3.29145,4358
1,2,3,1,3,-2.84237,6584
1,2,3,1,4,-3.06833,827
1,2,3,2,0,-2.29572,6090
1,2,3,2,1,-1.30559,51280
1,2,3,2,2,-0.45419,19512
1,2,3,2,3,0.49454,30602
1,2,3,2,4,4.13346,2904
1,2,3,3,0,-2.74072,7659
1,2,3,3,1,-2.94598,62018
1,2,3,3,2,-0.31228,21696
1,2,3,3,3,0.21118,35488
1,2,3,3,4,-1.85688,3503
1,2,3,4,0,0.50248,1984
1,2,3,4,1,-0.71714,16143
1,2,3,4,2,4.03393,5514
1,2,3,4,3,-0.67940,9889
1,2,3,4,4,-1.51264,912
1,2,4,0,0,-3.25526,146
1,2,4,0,1,-2.82244,70
1,2,4,0,2,-3.40823,112
1,2,4,0,3,-2.99614,143
1,2,4,0,4,-2.78913,107
1,2,4,1,0,-3.48073,5605
1,2,4,1,1,-2.70149,15718
1,2,4,1,2,-3.40262,1583
1,2,4,1,3,-3.25925,2913
1,2,4,1,4,-3.48669,739
1,2,4,2,0,0.58600,19490
1,2,4,2,1,-2.51011,87906
1,2,4,2,2,-2.49865,7472
1,2,4,2,3,-2.98562,12459
1,2,4,2,4,-2.50205,1506
1,2,4,3,0,-2.53387,25094
1,2,4,3,1,-2.81916,107823
1,2,4,3,2,-2.39665,8207
1,2,4,3,3,-1.38465,14811
1,2,4,3,4,-2.92588,1428
1,2,4,4,0,-2.49397,8822
1,2,4,4,1,-2.90507,25367
1,2,4,4,2,-2.48662,2463
1,2,4,4,3,-2.53888,4630
1,2,4,4,4,-2.98550,380
1,3,0,0,0,-0.79887,15
1,3,0,0,1,0.45107,58
1,3,0,0,2,-0.74322,4
1,3,0,0,3,-0.60992,3
1,3,0,0,4,-0.74327,4
1,3,0,1,0,8.70079,887
1,3,0,1,1,8.75197,1416
1,3,0,1,2,4.55604,18
1,3,0,1,3,5.34004,8
1,3,0,1,4,-0.16817,3
1,3,0,2,0,-1.13396,1101
1,3,0,2,1,-2.23793,3580
1,3,0,2,2,8.75229,16
1,3,0,2,3,10.00254,35
1,3,0,2,4,4.63495,3
1,3,0,3,0,-0.11794,1810
1,3,0,3,1,-0.53990,4832
1,3,0,3,2,5.35783,25
1,3,0,3,3,6.23093,71
1,3,0,3,4,0.49031,4
1,3,0,4,0,5.35773,1351
1,3,0,4,1,5.35782,2198
1,3,0,4,2,0.02417,0
1,3,0,4,3,5.11312,14
1,3,0,4,4,4.34702,8
1,3,1,0,0,-2.88669,131
1,3,1,0,1,-2.84802,225
1,3,1,0,2,-2.25029,174
1,3,1,0,3,-2.88669,63
1,3,1,0,4,-2.88669,101
1,3,1,1,0,-2.88366,2691
1,3,1,1,1,-1.25837,6848
1,3,1,1,2,-1.38251,10450
1,3,1,1,3,-2.84529,1204
1,3,1,1,4,-1.79976,1444
1,3,1,2,0,-1.81091,4630
1,3,1,2,1,-1.27242,17028
1,3,1,2,2,-1.31242,33972
1,3,1,2,3,-0.14518,2765
1,3,1,2,4,-2.00910,2223
1,3,1,3,0,-2.46192,7255
1,3,1,3,1,-2.48158,21875
1,3,1,3,2,-2.50007,43214
1,3,1,3,3,-2.46572,3366
1,3,1,3,4,-1.95482,2563
1,3,1,4,0,-2.37406,4316
1,3,1,4,1,0.30405,9548
1,3,1,4,2,-2.23398,15608
1,3,1,4,3,0.02365,1893
1,3,1,4,4,-1.13518,1148
1,3,2,0,0,-2.92066,126
1,3,2,0,1,-2.55163,43
1,3,2,0,2,-2.30523,60
1,3,2,0,3,-2.55737,49
1,3,2,0,4,-2.56179,46
1,3,2,1,0,-2.96749,4939
1,3,2,1,1,-2.28363,2225
1,3,2,1,2,-2.36408,7472
1,3,2,1,3,-2.92074,780
1,3,2,1,4,-2.29789,2361
1,3,2,2,0,0.18183,8162
1,3,2,2,1,-1.18867,4115
1,3,2,2,2,1.20894,16534
1,3,2,2,3,-0.08635,1742
1,3,2,2,4,-1.31911,3246
1,3,2,3,0,-2.49889,11061
1,3,2,3,1,-0.67236,6251
1,3,2,3,2,-1.15566,26248
1,3,2,3,3,-1.25025,2196
1,3,2,3,4,-0.31723,6200
1,3,2,4,0,-1.91561,6193
1,3,2,4,1,-1.85088,3126
1,3,2,4,2,-1.91582,9274
1,3,2,4,3,-0.28800,1211
1,3,2,4,4,-0.67666,2059
1,3,3,0,0,-1.11893,81
1,3,3,0,1,-3.24880,49
1,3,3,0,2,-3.20704,49
1,3,3,0,3,-3.17379,91
1,3,3,0,4,-3.17381,40
1,3,3,1,0,-1.63065,1649
1,3,3,1,1,-0.60459,1309
1,3,3,1,2,-3.13187,1292
1,3,3,1,3,-3.20199,2979
1,3,3,1,4,-3.24882,808
1,3,3,2,0,2.14724,2687
1,3,3,2,1,0.30454,3111
1,3,3,2,2,-2.48291,2582
1,3,3,2,3,-1.85074,6384
1,3,3,2,4,-2.70893,1024
1,3,3,3,0,-2.45503,3847
1,3,3,3,1,0.21777,3686
1,3,3,3,2,-0.17470,3502
1,3,3,3,3,-2.32750,8100
1,3,3,3,4,-0.25760,1535
1,3,3,4,0,-2.03027,2703
1,3,3,4,1,-0.00043,1864
1,3,3,4,2,4.75087,1570
1,3,3,4,3,0.27714,5046
1,3,3,4,4,-3.01462,964
1,3,4,0,0,-3.07106,95
1,3,4,0,1,-1.16699,95
1,3,4,0,2,-2.94534,53
1,3,4,0,3,-2.35758,180
1,3,4,0,4,0.52383,0
1,3,4,1,0,-3.43204,1689
1,3,4,1,1,-2.50876,8811
1,3,4,1,2,-3.30887,1502
1,3,4,1,3,-3.60943,1268
1,3,4,1,4,-3.58049,518
1,3,4,2,0,-2.59932,1865
1,3,4,2,1,-2.51046,17964
1,3,4,2,2,-2.42840,2861
1,3,4,2,3,-2.69303,1749
1,3,4,2,4,0.36624,538
1,3,4,3,0,-2.51205,2549
1,3,4,3,1,-2.44484,20813
1,3,4,3,2,-2.45052,2718
1,3,4,3,3,-2.44273,2572
1,3,4,3,4,-2.72531,636
1,3,4,4,0,-2.85817,2782
1,3,4,4,1,-1.58388,12684
1,3,4,4,2,-2.47403,1665
1,3,4,4,3,-1.93020,1992
1,3,4,4,4,-2.65971,381
1,4,0,0,0,0.44388,0
1,4,0,0,1,0.14932,3
1,4,0,0,2,0.27179,0
1,4,0,0,3,0.44313,0
1,4,0,0,4,4.55568,4
1,4,0,1,0,0.11791,11
1,4,0,1,1,4.34773,13
1,4,0,1,2,0.11791,9
1,4,0,1,3,5.10858,21
1,4,0,1,4,6.59773,1318
1,4,0,2,0,0.22991,0
1,4,0,2,1,0.52815,0
1,4,0,2,2,0.50433,0
1,4,0,2,3,-2.33196,68
1,4,0,2,4,-0.09876,485
1,4,0,3,0,0.40717,0
1,4,0,3,1,-0.15231,9
1,4,0,3,2,0.50475,0
1,4,0,3,3,0.10854,0
1,4,0,3,4,2.09769,1776
1,4,0,4,0,0.67352,0
1,4,0,4,1,-0.08032,3
1,4,0,4,2,0.93104,0
1,4,0,4,3,0.18763,0
1,4,0,4,4,5.60137,1253
1,4,1,0,0,0.93878,0
1,4,1,0,1,0.63155,0
1,4,1,0,2,0.40245,0
1,4,1,0,3,1.56769,3
1,4,1,0,4,0.42490,0
1,4,1,1,0,0.07482,6
1,4,1,1,1,-0.18212,5
1,4,1,1,2,0.99740,0
1,4,1,1,3,-1.47220,860
1,4,1,1,4,1.31835,3
1,4,1,2,0,0.57764,26
1,4,1,2,1,-0.20417,16
1,4,1,2,2,1.12383,5
1,4,1,2,3,0.27660,678
1,4,1,2,4,0.10088,0
1,4,1,3,0,0.50905,58
1,4,1,3,1,0.27928,1
1,4,1,3,2,0.57752,4
1,4,1,3,3,-2.49908,1191
1,4,1,3,4,0.47756,32
1,4,1,4,0,-0.14085,2
1,4,1,4,1,-2.49530,9
1,4,1,4,2,0.23773,0
1,4,1,4,3,1.27365,1809
1,4,1,4,4,0.84414,0
1,4,2,0,0,-2.53222,11
1,4,2,0,1,-1.89816,14
1,4,2,0,2,-2.52899,19
1,4,2,0,3,-2.52900,37
1,4,2,0,4,-2.92028,19
1,4,2,1,0,-1.75341,54
1,4,2,1,1,-3.10980,45
1,4,2,1,2,0.09135,4
1,4,2,1,3,-2.52893,344
1,4,2,1,4,-2.52893,698
1,4,2,2,0,-0.50356,24
1,4,2,2,1,-0.53562,53
1,4,2,2,2,1.22984,9
1,4,2,2,3,0.07880,122
1,4,2,2,4,-0.47733,707
1,4,2,3,0,-0.25503,20
1,4,2,3,1,-1.13791,99
1,4,2,3,2,0.01070,6
1,4,2,3,3,-1.15339,320
1,4,2,3,4,-0.00518,1089
1,4,2,4,0,-1.41805,20
1,4,2,4,1,-1.10794,81
1,4,2,4,2,-0.70502,11
1,4,2,4,3,1.21226,333
1,4,2,4,4,-1.77375,361
1,4,3,0,0,-1.85170,24
1,4,3,0,1,-2.81556,5
1,4,3,0,2,-0.49808,14
1,4,3,0,3,0.20423,0
1,4,3,0,4,-2.13193,10
1,4,3,1,0,-3.10429,22
1,4,3,1,1,-3.03280,50
1,4,3,1,2,-3.13189,81
1,4,3,1,3,-1.83554,209
1,4,3,1,4,-3.11667,40
1,4,3,2,0,-0.25234,45
1,4,3,2,1,-2.66933,55
1,4,3,2,2,-2.50376,17
1,4,3,2,3,-2.26357,244
1,4,3,2,4,-2.75056,26
1,4,3,3,0,0.33058,50
1,4,3,3,1,-0.72423,45
1,4,3,3,2,-2.39109,69
1,4,3,3,3,-2.65115,151
1,4,3,3,4,0.04609,46
1,4,3,4,0,-1.81273,89
1,4,3,4,1,-2.68672,71
1,4,3,4,2,0.34668,53
1,4,3,4,3,3.19431,216
1,4,3,4,4,-1.85762,137
1,4,4,0,0,-3.24614,44
1,4,4,0,1,-2.63132,12
1,4,4,0,2,-3.01401,23
1,4,4,0,3,0.05768,44
1,4,4,0,4,-0.37835,174
1,4,4,1,0,-3.11325,199
1,4,4,1,1,-2.54527,261
1,4,4,1,2,-3.33295,76
1,4,4,1,3,-3.49694,106
1,4,4,1,4,-3.43289,291
1,4,4,2,0,-2.86319,131
1,4,4,2,1,-2.85566,220
1,4,4,2,2,-2.12660,54
1,4,4,2,3,0.36649,45
1,4,4,2,4,-2.49897,331
1,4,4,3,0,-1.86619,140
1,4,4,3,1,8.46629,107
1,4,4,3,2,-2.98673,45
1,4,4,3,3,-2.54801,40
1,4,4,3,4,-2.70654,674
1,4,4,4,0,-2.46028,312
1,4,4,4,1,-1.47970,259
1,4,4,4,2,-2.55115,210
1,4,4,4,3,-1.28460,105
1,4,4,4,4,-2.87934,523
2,0,0,0,0,0.91995,0
2,0,0,0,1,0.71514,0
2,0,0,0,2,0.26245,0
2,0,0,0,3,0.62366,0
2,0,0,0,4,0.56478,0
2,0,0,1,0,-0.24864,4
2,0,0,1,1,2.00126,61
2,0,0,1,2,-0.24788,3
2,0,0,1,3,0.00140,0
2,0,0,1,4,0.44948,0
2,0,0,2,0,4.66443,223
2,0,0,2,1,17.75084,6
2,0,0,2,2,0.01295,0
2,0,0,2,3,19.99956,163
2,0,0,2,4,0.74972,0
2,0,0,3,0,-1.10493,384
2,0,0,3,1,0.39071,5
2,0,0,3,2,0.33291,0
2,0,0,3,3,0.69802,0
2,0,0,3,4,0.09304,0
2,0,0,4,0,9.15950,131
2,0,0,4,1,2.19010,61
2,0,0,4,2,0.47141,0
2,0,0,4,3,0.21122,0
2,0,0,4,4,0.51778,0
2,0,1,0,0,0.00333,0
2,0,1,0,1,-0.04855,3
2,0,1,0,2,0.38614,0
2,0,1,0,3,0.49629,0
2,0,1,0,4,0.95630,69
2,0,1,1,0,11.89255,108
2,0,1,1,1,19.97662,3711
2,0,1,1,2,0.37545,461
2,0,1,1,3,17.72895,483
2,0,1,1,4,3.33893,5617
2,0,1,2,0,19.98256,558
2,0,1,2,1,6.13855,11635
2,0,1,2,2,7.28556,1195
2,0,1,2,3,17.68847,2466
2,0,1,2,4,-0.44880,20882
2,0,1,3,0,6.15426,563
2,0,1,3,1,13.68935,13041
2,0,1,3,2,2.90163,2111
2,0,1,3,3,3.04000,2251
2,0,1,3,4,3.90406,24995
2,0,1,4,0,5.38572,154
2,0,1,4,1,19.97521,5433
2,0,1,4,2,8.99922,533
2,0,1,4,3,18.97768,1273
2,0,1,4,4,19.97768,8865
2,0,2,0,0,-2.38647,8
2,0,2,0,1,-0.28074,4
2,0,2,0,2,-1.41702,10
2,0,2,0,3,-2.37625,1
2,0,2,0,4,-2.38638,4
2,0,2,1,0,-1.60465,529
2,0,2,1,1,2.11647,758
2,0,2,1,2,12.60381,984
2,0,2,1,3,2.89234,203
2,0,2,1,4,-2.71224,233
2,0,2,2,0,0.05789,2160
2,0,2,2,1,-1.97602,3917
2,0,2,2,2,-1.68790,3123
2,0,2,2,3,2.66190,660
2,0,2,2,4,2.15221,810
2,0,2,3,0,12.54920,2805
2,0,2,3,1,4.12575,5027
2,0,2,3,2,-1.82587,4795
2,0,2,3,3,4.71490,822
2,0,2,3,4,-2.47950,1397
2,0,2,4,0,0.56525,793
2,0,2,4,1,2.36514,1372
2,0,2,4,2,-1.53230,1584
2,0,2,4,3,3.11959,300
2,0,2,4,4,3.31621,487
2,0,3,0,0,-0.33420,3
2,0,3,0,1,-0.46204,6
2,0,3,0,2,-0.34255,6
2,0,3,0,3,-0.66584,17
2,0,3,0,4,-2.32966,32
2,0,3,1,0,-1.30992,467
2,0,3,1,1,-3.01684,771
2,0,3,1,2,-3.07022,297
2,0,3,1,3,-1.84016,720
2,0,3,1,4,-3.01382,269
2,0,3,2,0,1.65116,1410
2,0,3,2,1,-1.88646,2928
2,0,3,2,2,-1.92868,1284
2,0,3,2,3,-0.69781,2319
2,0,3,2,4,-0.03525,888
2,0,3,3,0,0.94132,2170
2,0,3,3,1,4.92390,4207
2,0,3,3,2,6.09232,1827
2,0,3,3,3,5.43151,3218
2,0,3,3,4,4.45584,1053
2,0,3,4,0,1.09167,702
2,0,3,4,1,-0.51008,1255
2,0,3,4,2,-0.70904,609
2,0,3,4,3,0.54091,1078
2,0,3,4,4,-0.70907,487
2,0,4,0,0,2.15401,3
2,0,4,0,1,0.27894,0
2,0,4,0,2,1.25093,11
2,0,4,0,3,-1.65961,1
2,0,4,0,4,0.35152,0
2,0,4,1,0,-3.36698,172
2,0,4,1,1,-2.63844,832
2,0,4,1,2,-1.30952,2092
2,0,4,1,3,-2.62656,1607
2,0,4,1,4,-3.33992,286
2,0,4,2,0,-0.74649,508
2,0,4,2,1,-2.49106,3329
2,0,4,2,2,-2.79813,8632
2,0,4,2,3,3.03420,6879
2,0,4,2,4,-2.32327,786
2,0,4,3,0,-2.47640,908
2,0,4,3,1,-1.40208,4569
2,0,4,3,2,-1.51088,13007
2,0,4,3,3,-0.26137,9472
2,0,4,3,4,-2.50350,972
2,0,4,4,0,-2.50000,213
2,0,4,4,1,-2.27961,1323
2,0,4,4,2,-2.37064,4685
2,0,4,4,3,-1.34382,3112
2,0,4,4,4,-2.50535,310
2,1,0,0,0,0.49309,0
2,1,0,0,1,-0.02863,2
2,1,0,0,2,0.00749,0
2,1,0,0,3,0.84639,0
2,1,0,0,4,0.01262,0
2,1,0,1,0,8.65634,12
2,1,0,1,1,8.64911,912
2,1,0,1,2,9.96146,25
2,1,0,1,3,2.38319,2347
2,1,0,1,4,0.03367,0
2,1,0,2,0,10.00214,62
2,1,0,2,1,-1.74012,5620
2,1,0,2,2,7.78186,291
2,1,0,2,3,9.98391,21288
2,1,0,2,4,8.22670,41
2,1,0,3,0,8.94320,161
2,1,0,3,1,-2.48751,7239
2,1,0,3,2,4.94265,393
2,1,0,3,3,9.96949,22144
2,1,0,3,4,-0.44664,14
2,1,0,4,0,1.59772,43
2,1,0,4,1,8.72144,1754
2,1,0,4,2,-2.58248,31
2,1,0,4,3,10.00232,6641
2,1,0,4,4,9.97158,11
2,1,1,0,0,-2.21003,181
2,1,1,0,1,-2.73597,38
2,1,1,0,2,-2.71237,68
2,1,1,0,3,-1.46237,106
2,1,1,0,4,-2.71237,111
2,1,1,1,0,-0.95283,9641
2,1,1,1,1,2.43730,10543
2,1,1,1,2,2.38305,5505
2,1,1,1,3,-2.10712,24100
2,1,1,1,4,2.38097,2515
2,1,1,2,0,2.73501,55068
2,1,1,2,1,10.66011,70285
2,1,1,2,2,11.80373,32305
2,1,1,2,3,6.93152,171545
2,1,1,2,4,9.34410,8193
2,1,1,3,0,4.29306,70340
2,1,1,3,1,3.60755,82141
2,1,1,3,2,3.00822,43097
2,1,1,3,3,4.24679,212409
2,1,1,3,4,2.99679,8537
2,1,1,4,0,-2.18889,17750
2,1,1,4,1,2.51687,17143
2,1,1,4,2,6.40584,10978
2,1,1,4,3,3.26518,37657
2,1,1,4,4,4.09680,2720
2,1,2,0,0,-2.73325,97
2,1,2,0,1,-2.70987,28
2,1,2,0,2,-3.08127,74
2,1,2,0,3,-1.46002,175
2,1,2,0,4,-2.68888,345
2,1,2,1,0,3.27582,3723
2,1,2,1,1,2.53515,11325
2,1,2,1,2,1.40388,1966
2,1,2,1,3,3.19362,8737
2,1,2,1,4,2.03164,13641
2,1,2,2,0,3.37314,24193
2,1,2,2,1,2.65074,98752
2,1,2,2,2,0.75110,10807
2,1,2,2,3,10.58689,66062
2,1,2,2,4,-0.00292,47296
2,1,2,3,0,4.20581,30162
2,1,2,3,1,3.03894,117028
2,1,2,3,2,2.39111,14394
2,1,2,3,3,-0.78306,79136
2,1,2,3,4,2.56591,53846
2,1,2,4,0,-0.55776,7561
2,1,2,4,1,1.51709,20816
2,1,2,4,2,-0.93101,3510
2,1,2,4,3,-0.90792,16110
2,1,2,4,4,1.86726,15932
2,1,3,0,0,-2.61863,87
2,1,3,0,1,-2.77069,123
2,1,3,0,2,-2.93465,43
2,1,3,0,3,-2.74362,210
2,1,3,0,4,-2.74362,125
2,1,3,1,0,6.98005,2754
2,1,3,1,1,-2.56613,12101
2,1,3,1,2,-2.55997,1247
2,1,3,1,3,-2.10937,6780
2,1,3,1,4,-3.01396,4658
2,1,3,2,0,3.37274,13153
2,1,3,2,1,1.21512,90557
2,1,3,2,2,-1.54124,6500
2,1,3,2,3,2.09361,51860
2,1,3,2,4,-1.53554,15874
2,1,3,3,0,1.08182,17060
2,1,3,3,1,-0.61955,112141
2,1,3,3,2,0.54078,7752
2,1,3,3,3,-2.18467,61232
2,1,3,3,4,4.59987,17495
2,1,3,4,0,1.34375,5108
2,1,3,4,1,0.16985,22392
2,1,3,4,2,-0.70663,2047
2,1,3,4,3,-2.18225,13042
2,1,3,4,4,0.68968,5624
2,1,4,0,0,-2.54941,66
2,1,4,0,1,-2.50228,123
2,1,4,0,2,-1.93487,56
2,1,4,0,3,-2.50205,182
2,1,4,0,4,-0.67832,167
2,1,4,1,0,-3.29329,2977
2,1,4,1,1,-2.84619,10123
2,1,4,1,2,-2.50003,7953
2,1,4,1,3,-2.99260,10042
2,1,4,1,4,-3.39574,1131
2,1,4,2,0,-2.49332,15489
2,1,4,2,1,-2.49258,81232
2,1,4,2,2,-2.49209,47096
2,1,4,2,3,-2.49332,83660
2,1,4,2,4,-2.11258,6006
2,1,4,3,0,-1.25071,20391
2,1,4,3,1,-1.27987,99004
2,1,4,3,2,-2.49331,61596
2,1,4,3,3,-2.45547,98425
2,1,4,3,4,-2.29868,6789
2,1,4,4,0,-2.50000,5777
2,1,4,4,1,-2.50137,18651
2,1,4,4,2,-1.51181,15132
2,1,4,4,3,-1.25123,19972
2,1,4,4,4,-2.53389,1986
2,2,0,0,0,0.34137,0
2,2,0,0,1,0.05067,0
2,2,0,0,2,-0.03820,22
2,2,0,0,3,0.23457,0
2,2,0,0,4,6.80389,4
2,2,0,1,0,0.69306,0
2,2,0,1,1,6.80452,24
2,2,0,1,2,-1.87072,1604
2,2,0,1,3,7.83836,57
2,2,0,1,4,3.56639,1111
2,2,0,2,0,8.34609,30
2,2,0,2,1,3.20660,106
2,2,0,2,2,3.20660,7992
2,2,0,2,3,3.84067,146
2,2,0,2,4,8.71657,3358
2,2,0,3,0,10.41367,15
2,2,0,3,1,8.65631,100
2,2,0,3,2,3.20714,9885
2,2,0,3,3,9.89451,276
2,2,0,3,4,5.49805,2781
2,2,0,4,0,9.56282,6
2,2,0,4,1,5.48513,130
2,2,0,4,2,9.52874,2015
2,2,0,4,3,4.99734,37
2,2,0,4,4,-0.80835,813
2,2,1,0,0,-2.70482,91
2,2,1,0,1,-2.71169,91
2,2,1,0,2,-2.45329,36
2,2,1,0,3,-2.68434,212
2,2,1,0,4,-2.68415,40
2,2,1,1,0,0.22910,1335
2,2,1,1,1,0.53233,11960
2,2,1,1,2,0.22910,8365
2,2,1,1,3,-0.46983,12841
2,2,1,1,4,2.04131,1855
2,2,1,2,0,0.43174,4960
2,2,1,2,1,0.75749,60816
2,2,1,2,2,9.33518,49448
2,2,1,2,3,1.68174,57149
2,2,1,2,4,0.31433,5298
2,2,1,3,0,4.07978,5844
2,2,1,3,1,3.42337,64906
2,2,1,3,2,2.99679,62425
2,2,1,3,3,2.83103,69984
2,2,1,3,4,-0.89162,4957
2,2,1,4,0,-2.17850,1964
2,2,1,4,1,-2.15527,14321
2,2,1,4,2,2.99161,13458
2,2,1,4,3,-0.93975,18231
2,2,1,4,4,2.09473,2561
2,2,2,0,0,-2.76540,111
2,2,2,0,1,-1.37271,280
2,2,2,0,2,-2.78090,99
2,2,2,0,3,-2.78386,158
2,2,2,0,4,-2.78090,96
2,2,2,1,0,-0.44965,1561
2,2,2,1,1,-1.84782,17173
2,2,2,1,2,-2.31054,6156
2,2,2,1,3,3.95776,13536
2,2,2,1,4,1.56004,3041
2,2,2,2,0,2.70534,5634
2,2,2,2,1,-2.12247,100224
2,2,2,2,2,-2.41067,37208
2,2,2,2,3,4.04736,69496
2,2,2,2,4,0.13735,9625
2,2,2,3,0,1.11411,7145
2,2,2,3,1,1.98062,118895
2,2,2,3,2,-1.16035,40826
2,2,2,3,3,6.57983,82796
2,2,2,3,4,3.81117,10233
2,2,2,4,0,-1.92252,2434
2,2,2,4,1,-1.57330,24963
2,2,2,4,2,-1.15924,9158
2,2,2,4,3,-1.91485,21682
2,2,2,4,4,5.55478,3386
2,2,3,0,0,-3.07127,116
2,2,3,0,1,-2.57930,153
2,2,3,0,2,-3.09988,38
2,2,3,0,3,-3.09778,223
2,2,3,0,4,-2.89292,160
2,2,3,1,0,-2.92229,2801
2,2,3,1,1,2.18760,12940
2,2,3,1,2,-3.17315,894
2,2,3,1,3,-3.01394,12595
2,2,3,1,4,-2.85650,3007
2,2,3,2,0,0.02125,11002
2,2,3,2,1,-0.53402,88352
2,2,3,2,2,-0.44197,3545
2,2,3,2,3,-1.53980,57856
2,2,3,2,4,0.28426,10572
2,2,3,3,0,3.38369,14699
2,2,3,3,1,3.61459,107267
2,2,3,3,2,-1.77314,4879
2,2,3,3,3,5.18708,67866
2,2,3,3,4,0.28449,11436
2,2,3,4,0,7.40952,4205
2,2,3,4,1,-0.07690,21472
2,2,3,4,2,2.57815,988
2,2,3,4,3,2.90824,18786
2,2,3,4,4,2.58016,4340
2,2,4,0,0,-3.15032,139
2,2,4,0,1,-2.29376,226
2,2,4,0,2,-2.84546,109
2,2,4,0,3,-1.36710,175
2,2,4,0,4,-2.74517,119
2,2,4,1,0,-3.22329,4651
2,2,4,1,1,-2.81165,18610
2,2,4,1,2,-2.50003,5804
2,2,4,1,3,-2.96011,4849
2,2,4,1,4,-3.45761,3324
2,2,4,2,0,-2.50000,15772
2,2,4,2,1,-2.50000,118627
2,2,4,2,2,-2.49332,33295
2,2,4,2,3,-2.50000,29210
2,2,4,2,4,-3.31736,9529
2,2,4,3,0,-2.51005,21749
2,2,4,3,1,-2.49559,137628
2,2,4,3,2,3.37975,42989
2,2,4,3,3,-2.50184,29451
2,2,4,3,4,-2.45237,8289
2,2,4,4,0,-2.50103,7175
2,2,4,4,1,-2.50115,29691
2,2,4,4,2,2.90440,9664
2,2,4,4,3,-1.26353,9159
2,2,4,4,4,-1.88156,1977
2,3,0,0,0,-2.24916,4
2,3,0,0,1,0.13468,0
2,3,0,0,2,-2.22508,2
2,3,0,0,3,-2.22156,1
2,3,0,0,4,0.13014,10
2,3,0,1,0,-2.24934,330
2,3,0,1,1,6.80432,711
2,3,0,1,2,7.56782,26
2,3,0,1,3,5.59476,27
2,3,0,1,4,4.78529,448
2,3,0,2,0,4.78556,738
2,3,0,2,1,8.08236,1825
2,3,0,2,2,9.31478,27
2,3,0,2,3,9.25818,27
2,3,0,2,4,9.33138,335
2,3,0,3,0,7.57366,1317
2,3,0,3,1,9.89933,1897
2,3,0,3,2,1.01090,13
2,3,0,3,3,3.52175,45
2,3,0,3,4,2.92004,548
2,3,0,4,0,1.01662,690
2,3,0,4,1,1.58549,863
2,3,0,4,2,4.69224,12
2,3,0,4,3,2.03805,21
2,3,0,4,4,8.30930,102
2,3,1,0,0,-2.46764,58
2,3,1,0,1,-2.69010,249
2,3,1,0,2,-2.90710,26
2,3,1,0,3,-2.45753,105
2,3,1,0,4,-2.45753,143
2,3,1,1,0,3.39055,1965
2,3,1,1,1,0.22884,3258
2,3,1,1,2,-2.42521,2191
2,3,1,1,3,0.22907,4022
2,3,1,1,4,-2.45701,2238
2,3,1,2,0,7.57355,2984
2,3,1,2,1,0.27226,7086
2,3,1,2,2,-1.17431,7164
2,3,1,2,3,-0.00616,5899
2,3,1,2,4,8.06720,1589
2,3,1,3,0,1.91530,3871
2,3,1,3,1,-0.11238,8085
2,3,1,3,2,4.70527,9220
2,3,1,3,3,2.83103,7956
2,3,1,3,4,1.70076,3378
2,3,1,4,0,4.26647,3299
2,3,1,4,1,-2.18795,4357
2,3,1,4,2,1.78694,2636
2,3,1,4,3,-0.20063,4463
2,3,1,4,4,1.47398,1501
2,3,2,0,0,-2.53403,31
2,3,2,0,1,-2.71603,147
2,3,2,0,2,-2.69226,102
2,3,2,0,3,-2.69443,149
2,3,2,0,4,1.67898,185
2,3,2,1,0,-0.36980,106
2,3,2,1,1,-2.44242,3515
2,3,2,1,2,1.11383,5234
2,3,2,1,3,-1.19818,3201
2,3,2,1,4,-2.30541,3125
2,3,2,2,0,2.88352,154
2,3,2,2,1,-0.20965,5619
2,3,2,2,2,0.23539,13343
2,3,2,2,3,0.23540,4479
2,3,2,2,4,-0.43868,4574
2,3,2,3,0,4.37633,172
2,3,2,3,1,5.29542,6849
2,3,2,3,2,1.25224,16731
2,3,2,3,3,3.13126,5931
2,3,2,3,4,0.18918,7459
2,3,2,4,0,0.38565,125
2,3,2,4,1,-1.47040,3612
2,3,2,4,2,-1.91570,6979
2,3,2,4,3,-1.57336,3445
2,3,2,4,4,4.51527,3440
2,3,3,0,0,-2.82186,26
2,3,3,0,1,-3.07122,72
2,3,3,0,2,-2.86614,43
2,3,3,0,3,-2.63314,105
2,3,3,0,4,-3.06694,45
2,3,3,1,0,-3.24846,1163
2,3,3,1,1,-2.86045,5504
2,3,3,1,2,-3.24846,1798
2,3,3,1,3,-2.15093,2353
2,3,3,1,4,-3.24874,672
2,3,3,2,0,-2.47454,1404
2,3,3,2,1,-2.32860,12058
2,3,3,2,2,-2.67342,5340
2,3,3,2,3,1.27296,4992
2,3,3,2,4,-2.13951,634
2,3,3,3,0,-2.48386,1680
2,3,3,3,1,-0.20637,15131
2,3,3,3,2,4.35117,6733
2,3,3,3,3,-0.00037,5894
2,3,3,3,4,3.18485,803
2,3,3,4,0,-0.39692,1018
2,3,3,4,1,8.27610,7166
2,3,3,4,2,-2.49944,2202
2,3,3,4,3,-0.50891,3608
2,3,3,4,4,-2.31051,284
2,3,4,0,0,-3.01352,40
2,3,4,0,1,-2.76870,151
2,3,4,0,2,-2.77106,55
2,3,4,0,3,-0.42121,183
2,3,4,0,4,5.54115,167
2,3,4,1,0,-2.50000,1442
2,3,4,1,1,-2.47546,10694
2,3,4,1,2,-3.33196,1842
2,3,4,1,3,-3.34697,2448
2,3,4,1,4,-3.33195,954
2,3,4,2,0,-2.37326,2010
2,3,4,2,1,-2.50000,22661
2,3,4,2,2,-2.49913,4062
2,3,4,2,3,-1.16900,4381
2,3,4,2,4,-2.49883,1197
2,3,4,3,0,-2.49980,2705
2,3,4,3,1,-2.50000,26608
2,3,4,3,2,-2.57212,4388
2,3,4,3,3,-1.25673,5367
2,3,4,3,4,-2.46741,2295
2,3,4,4,0,-1.95701,2384
2,3,4,4,1,-1.37094,16285
2,3,4,4,2,-0.81008,2343
2,3,4,4,3,-1.36542,4145
2,3,4,4,4,-0.24928,1407
2,4,0,0,0,0.20178,0
2,4,0,0,1,0.04416,4
2,4,0,0,2,0.55328,0
2,4,0,0,3,0.32677,0
2,4,0,0,4,0.30625,4
2,4,0,1,0,0.65735,0
2,4,0,1,1,0.30747,78
2,4,0,1,2,0.56780,179
2,4,0,1,3,0.61802,0
2,4,0,1,4,0.99860,0
2,4,0,2,0,0.85579,0
2,4,0,2,1,0.56784,7
2,4,0,2,2,8.08236,129
2,4,0,2,3,0.90870,0
2,4,0,2,4,0.69994,0
2,4,0,3,0,0.54954,0
2,4,0,3,1,5.82749,26
2,4,0,3,2,2.91934,106
2,4,0,3,3,0.84854,0
2,4,0,3,4,0.88073,0
2,4,0,4,0,0.44003,0
2,4,0,4,1,0.33066,83
2,4,0,4,2,0.32941,148
2,4,0,4,3,0.64379,0
2,4,0,4,4,0.14306,0
2,4,1,0,0,-1.91201,14
2,4,1,0,1,-1.84681,7
2,4,1,0,2,-0.43563,78
2,4,1,0,3,-1.91213,46
2,4,1,0,4,-1.91212,77
2,4,1,1,0,0.94593,254
2,4,1,1,1,0.22763,52
2,4,1,1,2,-0.28796,446
2,4,1,1,3,0.82904,39
2,4,1,1,4,-0.29580,343
2,4,1,2,0,2.06260,222
2,4,1,2,1,3.71203,13
2,4,1,2,2,2.48774,202
2,4,1,2,3,1.30974,233
2,4,1,2,4,-1.40839,407
2,4,1,3,0,1.10285,253
2,4,1,3,1,4.39948,21
2,4,1,3,2,3.09089,368
2,4,1,3,3,0.59284,188
2,4,1,3,4,5.63623,813
2,4,1,4,0,-2.49894,284
2,4,1,4,1,3.64809,41
2,4,1,4,2,-2.49024,508
2,4,1,4,3,-1.24903,412
2,4,1,4,4,6.85400,607
2,4,2,0,0,-2.53393,17
2,4,2,0,1,-2.53052,26
2,4,2,0,2,-0.58594,29
2,4,2,0,3,-2.53054,82
2,4,2,0,4,-2.53054,22
2,4,2,1,0,-0.37327,11
2,4,2,1,1,-0.58594,99
2,4,2,1,2,-2.44801,301
2,4,2,1,3,-0.99184,249
2,4,2,1,4,-1.82794,651
2,4,2,2,0,0.80592,0
2,4,2,2,1,2.09840,33
2,4,2,2,2,-0.43848,208
2,4,2,2,3,0.33974,186
2,4,2,2,4,-0.47615,288
2,4,2,3,0,0.83445,0
2,4,2,3,1,0.48750,91
2,4,2,3,2,1.63712,305
2,4,2,3,3,-0.11364,470
2,4,2,3,4,1.43693,700
2,4,2,4,0,0.89776,0
2,4,2,4,1,0.55799,90
2,4,2,4,2,5.76545,259
2,4,2,4,3,2.33880,365
2,4,2,4,4,0.50101,490
2,4,3,0,0,-1.62793,5
2,4,3,0,1,-0.60085,26
2,4,3,0,2,-0.78531,10
2,4,3,0,3,-2.39082,25
2,4,3,0,4,-0.79009,19
2,4,3,1,0,-2.66601,58
2,4,3,1,1,-2.82087,235
2,4,3,1,2,-2.66601,183
2,4,3,1,3,-2.64910,29
2,4,3,1,4,-0.79092,499
2,4,3,2,0,0.78836,4
2,4,3,2,1,-2.78464,180
2,4,3,2,2,-2.22871,56
2,4,3,2,3,-2.75614,15
2,4,3,2,4,-2.25280,261
2,4,3,3,0,0.05999,23
2,4,3,3,1,-2.27337,353
2,4,3,3,2,-2.49895,68
2,4,3,3,3,-2.24813,28
2,4,3,3,4,-2.34253,343
2,4,3,4,0,1.76869,42
2,4,3,4,1,3.07922,497
2,4,3,4,2,0.70476,99
2,4,3,4,3,-2.49109,36
2,4,3,4,4,1.18835,472
2,4,4,0,0,-2.79551,10
2,4,4,0,1,-2.50260,25
2,4,4,0,2,-2.50149,36
2,4,4,0,3,-1.25076,102
2,4,4,0,4,-2.76596,397
2,4,4,1,0,-3.24657,186
2,4,4,1,1,-2.50000,347
2,4,4,1,2,-3.24794,157
2,4,4,1,3,-3.24881,234
2,4,4,1,4,-3.24944,287
2,4,4,2,0,-2.14823,58
2,4,4,2,1,-2.49998,221
2,4,4,2,2,-2.19505,96
2,4,4,2,3,-0.47002,22
2,4,4,2,4,-2.49892,62
2,4,4,3,0,-1.18557,202
2,4,4,3,1,-2.50274,272
2,4,4,3,2,-1.59745,164
2,4,4,3,3,-0.33897,168
2,4,4,3,4,-2.48142,198
2,4,4,4,0,-2.34949,168
2,4,4,4,1,-1.58830,489
2,4,4,4,2,-2.47138,282
2,4,4,4,3,-2.36289,231
2,4,4,4,4,-2.50917,621
3,0,0,0,0,0.53992,0
3,0,0,0,1,0.30798,0
3,0,0,0,2,0.30092,0
3,0,0,0,3,0.31876,0
3,0,0,0,4,0.05141,0
3,0,0,1,0,2.07045,95
3,0,0,1,1,0.78091,0
3,0,0,1,2,2.07045,61
3,0,0,1,3,0.07828,0
3,0,0,1,4,0.59662,0
3,0,0,2,0,2.09512,933
3,0,0,2,1,2.09512,62
3,0,0,2,2,2.09512,247
3,0,0,2,3,0.10569,0
3,0,0,2,4,8.94016,1
3,0,0,3,0,2.89934,872
3,0,0,3,1,0.40552,0
3,0,0,3,2,2.89934,435
3,0,0,3,3,0.99927,0
3,0,0,3,4,0.12595,0
3,0,0,4,0,2.85148,130
3,0,0,4,1,0.85225,0
3,0,0,4,2,2.85148,187
3,0,0,4,3,0.94609,0
3,0,0,4,4,0.78976,0
3,0,1,0,0,0.69626,0
3,0,1,0,1,0.39026,4
3,0,1,0,2,-0.60208,1
3,0,1,0,3,0.32226,0
3,0,1,0,4,0.87259,0
3,0,1,1,0,6.59912,71
3,0,1,1,1,18.27304,6701
3,0,1,1,2,12.74332,1111
3,0,1,1,3,15.05635,342
3,0,1,1,4,-1.13356,317
3,0,1,2,0,16.08488,131
3,0,1,2,1,-0.15488,22492
3,0,1,2,2,-0.91896,2583
3,0,1,2,3,-0.38939,2231
3,0,1,2,4,5.40549,1305
3,0,1,3,0,4.89134,459
3,0,1,3,1,-0.56325,28718
3,0,1,3,2,3.30757,3051
3,0,1,3,3,3.89134,2627
3,0,1,3,4,12.05792,1698
3,0,1,4,0,11.07741,75
3,0,1,4,1,3.97322,9838
3,0,1,4,2,6.62129,1015
3,0,1,4,3,6.62201,821
3,0,1,4,4,17.71328,671
3,0,2,0,0,0.01117,0
3,0,2,0,1,0.56744,0
3,0,2,0,2,-0.23113,2
3,0,2,0,3,-0.23982,6
3,0,2,0,4,-0.22864,2
3,0,2,1,0,4.13579,23
3,0,2,1,1,0.26178,807
3,0,2,1,2,4.23046,140
3,0,2,1,3,2.85289,2281
3,0,2,1,4,6.04481,37
3,0,2,2,0,1.85209,55
3,0,2,2,1,8.10112,2644
3,0,2,2,2,-1.95989,482
3,0,2,2,3,7.24560,8181
3,0,2,2,4,3.35681,127
3,0,2,3,0,4.29004,79
3,0,2,3,1,0.07216,3106
3,0,2,3,2,3.90735,674
3,0,2,3,3,1.11007,10744
3,0,2,3,4,6.94516,198
3,0,2,4,0,5.37323,30
3,0,2,4,1,3.25351,1404
3,0,2,4,2,0.78033,296
3,0,2,4,3,4.99545,3726
3,0,2,4,4,-0.25272,34
3,0,3,0,0,0.06641,0
3,0,3,0,1,0.15887,0
3,0,3,0,2,-0.24637,1
3,0,3,0,3,0.22150,0
3,0,3,0,4,-0.09451,8
3,0,3,1,0,-3.03589,53
3,0,3,1,1,-2.74426,390
3,0,3,1,2,-2.67753,244
3,0,3,1,3,0.86337,1764
3,0,3,1,4,-2.98772,1082
3,0,3,2,0,-2.76906,233
3,0,3,2,1,-0.31712,1355
3,0,3,2,2,-0.53500,1114
3,0,3,2,3,5.18723,6367
3,0,3,2,4,1.23612,3993
3,0,3,3,0,0.08471,264
3,0,3,3,1,-0.12973,1733
3,0,3,3,2,0.75658,1666
3,0,3,3,3,-0.04036,7796
3,0,3,3,4,1.20974,5343
3,0,3,4,0,-1.30011,51
3,0,3,4,1,-2.46643,540
3,0,3,4,2,-1.34478,596
3,0,3,4,3,-0.87258,2770
3,0,3,4,4,-2.44153,1691
3,0,4,0,0,0.22675,0
3,0,4,0,1,0.21969,0
3,0,4,0,2,-1.56447,1
3,0,4,0,3,-0.44369,19
3,0,4,0,4,-0.04592,21
3,0,4,1,0,-3.05250,246
3,0,4,1,1,-2.97894,1371
3,0,4,1,2,-2.83261,3540
3,0,4,1,3,-2.58551,3086
3,0,4,1,4,-3.19080,313
3,0,4,2,0,-2.50000,861
3,0,4,2,1,-2.49996,6891
3,0,4,2,2,-2.38731,13361
3,0,4,2,3,-1.26239,11196
3,0,4,2,4,-1.70781,1469
3,0,4,3,0,-2.49997,1238
3,0,4,3,1,-1.60934,8310
3,0,4,3,2,-2.49978,19244
3,0,4,3,3,-1.51306,14090
3,0,4,3,4,-0.58421,1861
3,0,4,4,0,5.45901,474
3,0,4,4,1,-2.48483,2229
3,0,4,4,2,-1.36123,7838
3,0,4,4,3,-1.23635,5574
3,0,4,4,4,-0.75611,710
3,1,0,0,0,0.22357,12
3,1,0,0,1,0.23388,0
3,1,0,0,2,0.29656,53
3,1,0,0,3,-0.78160,6
3,1,0,0,4,0.23033,2
3,1,0,1,0,8.74054,2472
3,1,0,1,1,8.73750,13
3,1,0,1,2,10.99140,1606
3,1,0,1,3,9.99044,222
3,1,0,1,4,0.67381,0
3,1,0,2,0,8.75193,12292
3,1,0,2,1,8.98716,169
3,1,0,2,2,8.64110,10077
3,1,0,2,3,8.87601,1122
3,1,0,2,4,7.60711,37
3,1,0,3,0,7.55253,15844
3,1,0,3,1,6.31051,166
3,1,0,3,2,9.98841,14541
3,1,0,3,3,7.28945,1119
3,1,0,3,4,5.51526,95
3,1,0,4,0,8.73294,3759
3,1,0,4,1,8.73135,77
3,1,0,4,2,1.41472,3347
3,1,0,4,3,9.97965,359
3,1,0,4,4,9.96516,5
3,1,1,0,0,-2.64465,36
3,1,1,0,1,-0.35760,165
3,1,1,0,2,-2.35673,52
3,1,1,0,3,-2.63018,113
3,1,1,0,4,-2.63018,71
3,1,1,1,0,-0.85227,1099
3,1,1,1,1,1.42534,15144
3,1,1,1,2,2.38517,1534
3,1,1,1,3,8.24313,47808
3,1,1,1,4,16.69142,5941
3,1,1,2,0,-0.09687,8339
3,1,1,2,1,8.16628,90195
3,1,1,2,2,8.74752,9009
3,1,1,2,3,1.38637,344988
3,1,1,2,4,6.54833,23143
3,1,1,3,0,6.34569,9494
3,1,1,3,1,-2.39546,110502
3,1,1,3,2,1.51820,10575
3,1,1,3,3,2.77698,431005
3,1,1,3,4,-0.22974,28068
3,1,1,4,0,2.49428,2201
3,1,1,4,1,3.32624,23693
3,1,1,4,2,-0.81172,2435
3,1,1,4,3,6.72129,85032
3,1,1,4,4,3.99732,8111
3,1,2,0,0,-2.68846,37
3,1,2,0,1,-2.29867,80
3,1,2,0,2,-2.68840,37
3,1,2,0,3,-2.28118,72
3,1,2,0,4,-2.30630,61
3,1,2,1,0,-1.02835,620
3,1,2,1,1,0.15546,6399
3,1,2,1,2,-2.22954,2423
3,1,2,1,3,-1.20716,20384
3,1,2,1,4,-0.82429,4260
3,1,2,2,0,6.06313,4059
3,1,2,2,1,5.22011,47869
3,1,2,2,2,6.11414,14401
3,1,2,2,3,1.69254,192949
3,1,2,2,4,5.89247,16156
3,1,2,3,0,5.08310,4103
3,1,2,3,1,4.55009,52476
3,1,2,3,2,4.50755,18063
3,1,2,3,3,5.09508,232533
3,1,2,3,4,6.72586,17328
3,1,2,4,0,-1.70757,1036
3,1,2,4,1,3.61107,10575
3,1,2,4,2,4.43378,4718
3,1,2,4,3,3.70099,44032
3,1,2,4,4,2.97340,4465
3,1,3,0,0,-2.98725,99
3,1,3,0,1,-2.51618,87
3,1,3,0,2,-2.49850,15
3,1,3,0,3,-2.50205,150
3,1,3,0,4,-2.68741,54
3,1,3,1,0,-2.98772,3996
3,1,3,1,1,-2.17045,8888
3,1,3,1,2,-2.20215,2597
3,1,3,1,3,-0.95342,11582
3,1,3,1,4,-3.03596,2266
3,1,3,2,0,-0.75023,20820
3,1,3,2,1,-0.55638,70382
3,1,3,2,2,-0.00574,14277
3,1,3,2,3,-0.78526,102875
3,1,3,2,4,1.55335,12497
3,1,3,3,0,0.48210,26129
3,1,3,3,1,0.27149,86769
3,1,3,3,2,-0.00641,17914
3,1,3,3,3,5.09470,124685
3,1,3,3,4,-2.06472,14543
3,1,3,4,0,1.54211,7269
3,1,3,4,1,-2.49763,16005
3,1,3,4,2,-0.09953,4606
3,1,3,4,3,-2.48840,24316
3,1,3,4,4,-2.43506,3864
3,1,4,0,0,-2.50451,94
3,1,4,0,1,-2.72021,79
3,1,4,0,2,-2.50445,104
3,1,4,0,3,-2.50445,488
3,1,4,0,4,-2.60300,131
3,1,4,1,0,-2.90809,4552
3,1,4,1,1,-2.90812,17488
3,1,4,1,2,-3.04138,14018
3,1,4,1,3,-2.95379,16915
3,1,4,1,4,-3.26752,1771
3,1,4,2,0,-1.25847,23461
3,1,4,2,1,-2.84193,138126
3,1,4,2,2,-2.42111,82035
3,1,4,2,3,-2.53439,153458
3,1,4,2,4,-1.86557,8032
3,1,4,3,0,4.23921,29934
3,1,4,3,1,-2.50908,175586
3,1,4,3,2,-1.25115,105840
3,1,4,3,3,-2.50743,185245
3,1,4,3,4,-2.06093,9012
3,1,4,4,0,-1.24215,7846
3,1,4,4,1,-2.49215,33244
3,1,4,4,2,-1.24707,24949
3,1,4,4,3,5.53940,34578
3,1,4,4,4,-2.26652,3044
3,2,0,0,0,-1.24658,3
3,2,0,0,1,6.77023,75
3,2,0,0,2,0.00157,25
3,2,0,0,3,-1.10936,9
3,2,0,0,4,0.00157,26
3,2,0,1,0,2.12856,26
3,2,0,1,1,6.80406,568
3,2,0,1,2,2.12504,539
3,2,0,1,3,2.63893,88
3,2,0,1,4,0.00158,4273
3,2,0,2,0,7.67315,67
3,2,0,2,1,6.02669,4693
3,2,0,2,2,7.67416,3070
3,2,0,2,3,8.80462,126
3,2,0,2,4,6.89486,7213
3,2,0,3,0,3.77794,118
3,2,0,3,1,6.31026,6190
3,2,0,3,2,6.02669,3594
3,2,0,3,3,4.47410,167
3,2,0,3,4,1.77445,4764
3,2,0,4,0,8.76248,33
3,2,0,4,1,3.78166,1174
3,2,0,4,2,9.99680,795
3,2,0,4,3,9.99783,184
3,2,0,4,4,5.77436,1018
3,2,1,0,0,-1.20389,152
3,2,1,0,1,-2.64483,147
3,2,1,0,2,-2.64483,56
3,2,1,0,3,-2.67682,171
3,2,1,0,4,-2.64483,78
3,2,1,1,0,0.17011,6591
3,2,1,1,1,-2.44846,7682
3,2,1,1,2,1.50567,1725
3,2,1,1,3,-2.34192,8669
3,2,1,1,4,-2.64452,3347
3,2,1,2,0,-0.07015,34572
3,2,1,2,1,0.46708,49505
3,2,1,2,2,0.17185,7868
3,2,1,2,3,2.79719,40807
3,2,1,2,4,-0.18914,10495
3,2,1,3,0,-2.42104,43567
3,2,1,3,1,-0.29040,57148
3,2,1,3,2,3.66227,8983
3,2,1,3,3,0.64232,52759
3,2,1,3,4,-0.18930,13387
3,2,1,4,0,-0.51142,11307
3,2,1,4,1,-0.94020,11690
3,2,1,4,2,-0.24204,2120
3,2,1,4,3,3.53380,14247
3,2,1,4,4,3.53325,4060
3,2,2,0,0,-2.73677,100
3,2,2,0,1,0.34447,148
3,2,2,0,2,-2.42482,34
3,2,2,0,3,-2.71503,53
3,2,2,0,4,-2.39030,30
3,2,2,1,0,0.84429,5550
3,2,2,1,1,9.50173,22449
3,2,2,1,2,0.95241,258
3,2,2,1,3,3.12225,8067
3,2,2,1,4,0.54905,810
3,2,2,2,0,5.50511,24414
3,2,2,2,1,1.29063,131883
3,2,2,2,2,-0.44543,928
3,2,2,2,3,1.76887,40048
3,2,2,2,4,1.29463,2484
3,2,2,3,0,-0.79909,30782
3,2,2,3,1,1.68521,155835
3,2,2,3,2,2.16099,1252
3,2,2,3,3,4.75129,47243
3,2,2,3,4,6.71069,2784
3,2,2,4,0,-1.27226,8804
3,2,2,4,1,-2.45229,30078
3,2,2,4,2,-2.02522,232
3,2,2,4,3,0.80742,12670
3,2,2,4,4,3.79006,589
3,2,3,0,0,-2.68757,46
3,2,3,0,1,-2.54939,149
3,2,3,0,2,-2.68761,65
3,2,3,0,3,-2.54394,132
3,2,3,0,4,-2.76304,95
3,2,3,1,0,-3.09738,1819
3,2,3,1,1,-1.37067,14393
3,2,3,1,2,-2.57934,1335
3,2,3,1,3,-0.78910,10261
3,2,3,1,4,-3.07124,879
3,2,3,2,0,-1.76475,7180
3,2,3,2,1,-1.98789,82657
3,2,3,2,2,-0.78910,6070
3,2,3,2,3,6.77073,55816
3,2,3,2,4,2.80652,2849
3,2,3,3,0,2.56706,10347
3,2,3,3,1,0.57815,97571
3,2,3,3,2,1.50781,7391
3,2,3,3,3,5.74163,64175
3,2,3,3,4,-1.09051,3222
3,2,3,4,0,-2.44667,3001
3,2,3,4,1,2.17661,20976
3,2,3,4,2,-2.44696,2060
3,2,3,4,3,1.51756,17345
3,2,3,4,4,-1.80163,1073
3,2,4,0,0,-2.78046,245
3,2,4,0,1,-2.55573,489
3,2,4,0,2,-0.89810,219
3,2,4,0,3,-2.34442,417
3,2,4,0,4,-2.16033,208
3,2,4,1,0,-2.80775,6731
3,2,4,1,1,-2.95350,30016
3,2,4,1,2,-2.95378,10893
3,2,4,1,3,-2.90815,12797
3,2,4,1,4,-3.31533,2668
3,2,4,2,0,-2.57391,23640
3,2,4,2,1,-2.54197,183032
3,2,4,2,2,-2.42078,64378
3,2,4,2,3,-2.55013,77761
3,2,4,2,4,-0.67430,8011
3,2,4,3,0,-2.53777,32889
3,2,4,3,1,-2.53437,217209
3,2,4,3,2,-2.55976,80679
3,2,4,3,3,-2.53094,84829
3,2,4,3,4,4.05545,9872
3,2,4,4,0,-2.53093,12060
3,2,4,4,1,-2.49128,47083
3,2,4,4,2,-2.47898,20497
3,2,4,4,3,-2.49214,22930
3,2,4,4,4,-1.35995,3273
3,3,0,0,0,0.09733,0
3,3,0,0,1,0.38473,0
3,3,0,0,2,3.22587,9
3,3,0,0,3,0.28151,2
3,3,0,0,4,0.16060,0
3,3,0,1,0,0.51606,0
3,3,0,1,1,3.22854,7
3,3,0,1,2,7.20219,1103
3,3,0,1,3,3.86504,12
3,3,0,1,4,0.18881,4
3,3,0,2,0,0.87731,0
3,3,0,2,1,2.95419,28
3,3,0,2,2,8.92369,2733
3,3,0,2,3,3.56021,30
3,3,0,2,4,0.72462,0
3,3,0,3,0,0.18103,0
3,3,0,3,1,4.16556,21
3,3,0,3,2,4.20006,3459
3,3,0,3,3,-1.02721,36
3,3,0,3,4,9.99889,4
3,3,0,4,0,0.27018,0
3,3,0,4,1,7.86190,14
3,3,0,4,2,-1.17359,1337
3,3,0,4,3,9.01323,31
3,3,0,4,4,6.34536,15
3,3,1,0,0,-2.44259,24
3,3,1,0,1,-2.44139,91
3,3,1,0,2,-2.43191,36
3,3,1,0,3,-2.45753,57
3,3,1,0,4,-2.43251,15
3,3,1,1,0,3.14121,355
3,3,1,1,1,2.06559,5104
3,3,1,1,2,-1.20373,695
3,3,1,1,3,5.67809,1289
3,3,1,1,4,3.78033,423
3,3,1,2,0,-1.12081,538
3,3,1,2,1,-0.96896,11854
3,3,1,2,2,0.16333,2019
3,3,1,2,3,8.41953,2701
3,3,1,2,4,-0.80426,954
3,3,1,3,0,3.12299,828
3,3,1,3,1,3.74777,13613
3,3,1,3,2,0.74227,3890
3,3,1,3,3,-1.92056,4734
3,3,1,3,4,4.43934,972
3,3,1,4,0,0.99469,534
3,3,1,4,1,1.38298,6017
3,3,1,4,2,-2.18964,1547
3,3,1,4,3,6.69435,2510
3,3,1,4,4,3.70554,471
3,3,2,0,0,-2.62367,31
3,3,2,0,1,-2.61130,76
3,3,2,0,2,-2.61130,25
3,3,2,0,3,-2.61130,86
3,3,2,0,4,-2.69442,119
3,3,2,1,0,-2.18430,1906
3,3,2,1,1,-2.44795,13254
3,3,2,1,2,-0.07725,3956
3,3,2,1,3,-0.96587,1028
3,3,2,1,4,-2.24407,3613
3,3,2,2,0,-1.60883,2209
3,3,2,2,1,1.47448,25838
3,3,2,2,2,3.09482,11147
3,3,2,2,3,0.96218,1102
3,3,2,2,4,-0.72365,3643
3,3,2,3,0,5.19645,3364
3,3,2,3,1,0.32197,34477
3,3,2,3,2,9.58959,15350
3,3,2,3,3,1.20376,2598
3,3,2,3,4,3.03553,4580
3,3,2,4,0,4.65003,2372
3,3,2,4,1,-0.70507,19871
3,3,2,4,2,1.28976,5691
3,3,2,4,3,0.90797,1251
3,3,2,4,4,0.23505,2045
3,3,3,0,0,-2.15166,34
3,3,3,0,1,2.16870,121
3,3,3,0,2,-2.69638,15
3,3,3,0,3,-2.76475,105
3,3,3,0,4,-1.57783,71
3,3,3,1,0,-2.98382,810
3,3,3,1,1,-2.49572,6414
3,3,3,1,2,-2.80348,768
3,3,3,1,3,-2.49412,3266
3,3,3,1,4,-2.71151,1000
3,3,3,2,0,1.45329,1284
3,3,3,2,1,4.71539,12027
3,3,3,2,2,-1.68701,1740
3,3,3,2,3,2.61859,6713
3,3,3,2,4,2.32665,2122
3,3,3,3,0,0.78472,1687
3,3,3,3,1,1.04637,13710
3,3,3,3,2,-2.49940,1980
3,3,3,3,3,-0.42227,9510
3,3,3,3,4,-2.34115,2341
3,3,3,4,0,2.44855,1202
3,3,3,4,1,0.36568,6845
3,3,3,4,2,0.79875,861
3,3,3,4,3,8.32293,5168
3,3,3,4,4,-2.46764,1246
3,3,4,0,0,-2.38316,145
3,3,4,0,1,-2.50022,366
3,3,4,0,2,-2.82714,62
3,3,4,0,3,-1.68768,333
3,3,4,0,4,4.24951,301
3,3,4,1,0,-1.46706,3260
3,3,4,1,1,-2.62145,18013
3,3,4,1,2,-2.90812,4331
3,3,4,1,3,-2.93757,4082
3,3,4,1,4,-3.24036,1788
3,3,4,2,0,-2.50003,4345
3,3,4,2,1,-2.58213,32351
3,3,4,2,2,-2.56656,10050
3,3,4,2,3,-2.57392,5806
3,3,4,2,4,-3.04601,2172
3,3,4,3,0,-2.50000,5438
3,3,4,3,1,-2.50002,37138
3,3,4,3,2,-2.55988,13334
3,3,4,3,3,-1.38173,8866
3,3,4,3,4,-2.11104,2603
3,3,4,4,0,-1.47876,5802
3,3,4,4,1,-2.50000,23541
3,3,4,4,2,-2.47987,5718
3,3,4,4,3,0.56635,5674
3,3,4,4,4,-2.51853,1986
3,4,0,0,0,0.97010,0
3,4,0,0,1,0.89283,0
3,4,0,0,2,0.20187,0
3,4,0,0,3,0.80996,0
3,4,0,0,4,0.78523,0
3,4,0,1,0,4.90463,4
3,4,0,1,1,0.87641,0
3,4,0,1,2,0.64938,0
3,4,0,1,3,0.80989,0
3,4,0,1,4,0.22498,0
3,4,0,2,0,1.08425,11
3,4,0,2,1,0.28324,0
3,4,0,2,2,0.43437,0
3,4,0,2,3,0.92439,0
3,4,0,2,4,0.07904,0
3,4,0,3,0,0.51370,12
3,4,0,3,1,0.01708,0
3,4,0,3,2,0.77970,0
3,4,0,3,3,0.98865,0
3,4,0,3,4,0.63749,0
3,4,0,4,0,1.57938,57
3,4,0,4,1,0.70691,0
3,4,0,4,2,0.02157,4
3,4,0,4,3,0.30168,0
3,4,0,4,4,0.04824,0
3,4,1,0,0,-0.20000,3
3,4,1,0,1,0.97068,4
3,4,1,0,2,-0.19979,3
3,4,1,0,3,-0.54010,28
3,4,1,0,4,-0.19975,3
3,4,1,1,0,0.42352,0
3,4,1,1,1,0.12835,295
3,4,1,1,2,0.83842,0
3,4,1,1,3,1.04932,528
3,4,1,1,4,-0.20059,229
3,4,1,2,0,0.35509,0
3,4,1,2,1,0.12762,338
3,4,1,2,2,-0.44595,1
3,4,1,2,3,2.24844,378
3,4,1,2,4,-2.01502,256
3,4,1,3,0,0.87049,0
3,4,1,3,1,1.99235,232
3,4,1,3,2,0.96288,0
3,4,1,3,3,5.83733,284
3,4,1,3,4,2.74106,439
3,4,1,4,0,0.24529,2
3,4,1,4,1,-0.02924,407
3,4,1,4,2,0.85099,0
3,4,1,4,3,1.26714,547
3,4,1,4,4,-0.95385,522
3,4,2,0,0,-1.75540,14
3,4,2,0,1,-1.82983,29
3,4,2,0,2,1.01101,53
3,4,2,0,3,-1.72773,7
3,4,2,0,4,-1.61070,39
3,4,2,1,0,0.01241,0
3,4,2,1,1,-2.83675,563
3,4,2,1,2,-1.20319,369
3,4,2,1,3,-0.15483,17
3,4,2,1,4,-1.51185,1144
3,4,2,2,0,0.53535,0
3,4,2,2,1,-2.22819,390
3,4,2,2,2,5.04856,391
3,4,2,2,3,-0.44983,24
3,4,2,2,4,0.23333,751
3,4,2,3,0,0.61801,0
3,4,2,3,1,1.28536,515
3,4,2,3,2,1.28977,600
3,4,2,3,3,0.30625,45
3,4,2,3,4,1.44987,1474
3,4,2,4,0,0.31721,0
3,4,2,4,1,-0.83920,811
3,4,2,4,2,2.15491,664
3,4,2,4,3,0.24471,36
3,4,2,4,4,-1.04864,1350
3,4,3,0,0,-2.80289,16
3,4,3,0,1,-2.83680,12
3,4,3,0,2,-2.80330,14
3,4,3,0,3,-2.80330,46
3,4,3,0,4,-2.76575,111
3,4,3,1,0,-2.80271,126
3,4,3,1,1,-2.83700,91
3,4,3,1,2,-2.80312,197
3,4,3,1,3,-3.10553,249
3,4,3,1,4,-2.54480,80
3,4,3,2,0,-2.50092,20
3,4,3,2,1,-0.99393,70
3,4,3,2,2,-1.00427,94
3,4,3,2,3,1.31719,144
3,4,3,2,4,-1.28037,127
3,4,3,3,0,3.89549,26
3,4,3,3,1,-2.16981,73
3,4,3,3,2,-1.22939,140
3,4,3,3,3,3.25594,244
3,4,3,3,4,-2.50097,319
3,4,3,4,0,0.23019,85
3,4,3,4,1,-1.27184,154
3,4,3,4,2,1.95349,266
3,4,3,4,3,1.55273,450
3,4,3,4,4,1.26802,257
3,4,4,0,0,-1.61731,59
3,4,4,0,1,-2.91988,65
3,4,4,0,2,-2.50217,16
3,4,4,0,3,-1.25076,218
3,4,4,0,4,-2.55511,301
3,4,4,1,0,-3.17205,111
3,4,4,1,1,-2.49701,583
3,4,4,1,2,-3.17338,361
3,4,4,1,3,-3.17339,518
3,4,4,1,4,-3.10594,720
3,4,4,2,0,7.08882,7
3,4,4,2,1,-2.50712,313
3,4,4,2,2,-3.04522,269
3,4,4,2,3,-0.73574,102
3,4,4,2,4,-2.49136,37
3,4,4,3,0,-1.48775,69
3,4,4,3,1,-0.03295,309
3,4,4,3,2,-2.11199,299
3,4,4,3,3,2.77158,514
3,4,4,3,4,-2.38822,480
3,4,4,4,0,-2.47725,65
3,4,4,4,1,-0.35125,733
3,4,4,4,2,-2.12452,358
3,4,4,4,3,1.20716,443
3,4,4,4,4,-2.29076,648
4,0,0,0,0,0.24714,0
4,0,0,0,1,0.81290,0
4,0,0,0,2,0.41294,0
4,0,0,0,3,0.97657,0
4,0,0,0,4,0.50367,0
4,0,0,1,0,0.66778,0
4,0,0,1,1,0.04355,0
4,0,0,1,2,2.88441,62
4,0,0,1,3,19.96176,249
4,0,0,1,4,0.32660,0
4,0,0,2,0,0.81522,0
4,0,0,2,1,0.81210,0
4,0,0,2,2,11.00277,61
4,0,0,2,3,10.00315,1099
4,0,0,2,4,0.95218,0
4,0,0,3,0,0.49639,0
4,0,0,3,1,0.24412,0
4,0,0,3,2,9.84222,244
4,0,0,3,3,8.80057,1471
4,0,0,3,4,0.88011,0
4,0,0,4,0,0.44285,0
4,0,0,4,1,0.62162,0
4,0,0,4,2,0.56516,0
4,0,0,4,3,10.00110,649
4,0,0,4,4,10.00099,62
4,0,1,0,0,0.51587,0
4,0,1,0,1,-0.07723,2
4,0,1,0,2,0.13378,3
4,0,1,0,3,1.34999,201
4,0,1,0,4,0.44838,0
4,0,1,1,0,8.21904,246
4,0,1,1,1,19.99983,419
4,0,1,1,2,18.99985,1505
4,0,1,1,3,3.83089,30977
4,0,1,1,4,7.99003,77
4,0,1,2,0,5.77840,332
4,0,1,2,1,18.23233,1498
4,0,1,2,2,17.40910,7466
4,0,1,2,3,17.40910,107289
4,0,1,2,4,6.40790,257
4,0,1,3,0,9.99631,567
4,0,1,3,1,0.37708,2662
4,0,1,3,2,16.34549,10419
4,0,1,3,3,18.96869,144503
4,0,1,3,4,8.87460,526
4,0,1,4,0,2.67739,45
4,0,1,4,1,17.90771,622
4,0,1,4,2,17.11693,3508
4,0,1,4,3,17.11693,53005
4,0,1,4,4,3.66313,397
4,0,2,0,0,-0.50369,3
4,0,2,0,1,0.12590,0
4,0,2,0,2,-0.11567,9
4,0,2,0,3,-0.11576,27
4,0,2,0,4,-0.11575,4
4,0,2,1,0,4.36444,40
4,0,2,1,1,0.26267,1703
4,0,2,1,2,17.64716,2462
4,0,2,1,3,-0.55078,7885
4,0,2,1,4,0.74208,88
4,0,2,2,0,4.66521,111
4,0,2,2,1,6.09445,3780
4,0,2,2,2,5.19414,8287
4,0,2,2,3,4.60360,29344
4,0,2,2,4,12.08942,367
4,0,2,3,0,1.74609,194
4,0,2,3,1,4.25496,4981
4,0,2,3,2,-1.41514,9898
4,0,2,3,3,5.08759,38224
4,0,2,3,4,13.75190,488
4,0,2,4,0,-1.43518,105
4,0,2,4,1,18.21691,1758
4,0,2,4,2,-1.44688,3389
4,0,2,4,3,5.42300,12809
4,0,2,4,4,6.42560,109
4,0,3,0,0,4.29171,5
4,0,3,0,1,0.20852,0
4,0,3,0,2,0.19631,0
4,0,3,0,3,3.62504,36
4,0,3,0,4,-0.04983,24
4,0,3,1,0,-0.05814,629
4,0,3,1,1,0.21179,2579
4,0,3,1,2,-2.93906,1238
4,0,3,1,3,-2.93894,7631
4,0,3,1,4,-2.98911,1532
4,0,3,2,0,6.12524,2421
4,0,3,2,1,5.69477,6875
4,0,3,2,2,0.08039,7077
4,0,3,2,3,6.12529,28229
4,0,3,2,4,-0.46978,7279
4,0,3,3,0,-0.99589,3114
4,0,3,3,1,4.20152,9073
4,0,3,3,2,-2.18355,9780
4,0,3,3,3,0.73368,36711
4,0,3,3,4,1.84187,9982
4,0,3,4,0,6.44715,926
4,0,3,4,1,6.05238,3126
4,0,3,4,2,2.28026,2995
4,0,3,4,3,2.28026,11651
4,0,3,4,4,-0.60531,2591
4,0,4,0,0,0.23812,0
4,0,4,0,1,0.14172,0
4,0,4,0,2,-0.04270,1
4,0,4,0,3,1.21430,22
4,0,4,0,4,0.95005,0
4,0,4,1,0,-3.13375,383
4,0,4,1,1,-2.48633,2898
4,0,4,1,2,-3.24178,13051
4,0,4,1,3,-2.48544,15895
4,0,4,1,4,-3.11550,631
4,0,4,2,0,-1.77951,2291
4,0,4,2,1,0.43234,13849
4,0,4,2,2,-1.34696,54604
4,0,4,2,3,1.38811,74620
4,0,4,2,4,-0.87781,2504
4,0,4,3,0,-2.49508,3385
4,0,4,3,1,-0.87070,18024
4,0,4,3,2,-2.04035,67335
4,0,4,3,3,0.38894,91373
4,0,4,3,4,-2.40225,3531
4,0,4,4,0,-2.34124,895
4,0,4,4,1,0.19027,4378
4,0,4,4,2,-1.60753,21799
4,0,4,4,3,0.31429,25673
4,0,4,4,4,-1.12373,729
4,1,0,0,0,0.55769,0
4,1,0,0,1,0.04166,0
4,1,0,0,2,0.73392,0
4,1,0,0,3,0.11277,0
4,1,0,0,4,0.55206,0
4,1,0,1,0,1.58917,45
4,1,0,1,1,0.68352,0
4,1,0,1,2,8.80012,3616
4,1,0,1,3,3.64806,416
4,1,0,1,4,0.01557,0
4,1,0,2,0,8.79915,11
4,1,0,2,1,8.74947,10
4,1,0,2,2,9.64802,23134
4,1,0,2,3,-2.43949,4390
4,1,0,2,4,9.24486,84
4,1,0,3,0,8.69244,24
4,1,0,3,1,8.69104,106
4,1,0,3,2,4.20912,29276
4,1,0,3,3,5.22115,5792
4,1,0,3,4,4.60889,3
4,1,0,4,0,3.46965,3
4,1,0,4,1,2.22274,4
4,1,0,4,2,7.16456,5391
4,1,0,4,3,2.74770,839
4,1,0,4,4,0.16732,0
4,1,1,0,0,-1.81168,297
4,1,1,0,1,-1.97606,13
4,1,1,0,2,-1.86792,25
4,1,1,0,3,0.86868,189
4,1,1,0,4,-1.78274,27
4,1,1,1,0,-1.67310,4883
4,1,1,1,1,1.27273,413
4,1,1,1,2,-1.73606,4368
4,1,1,1,3,-0.10998,135502
4,1,1,1,4,-1.78321,3630
4,1,1,2,0,7.02004,24218
4,1,1,2,1,6.69860,2701
4,1,1,2,2,5.77999,24422
4,1,1,2,3,1.15316,894155
4,1,1,2,4,7.02394,7553
4,1,1,3,0,5.23817,28240
4,1,1,3,1,6.01174,2872
4,1,1,3,2,5.23676,27122
4,1,1,3,3,6.41057,1067384
4,1,1,3,4,5.23417,7002
4,1,1,4,0,3.39371,8422
4,1,1,4,1,2.65917,1080
4,1,1,4,2,0.95675,5967
4,1,1,4,3,2.15575,215374
4,1,1,4,4,3.16914,3310
4,1,2,0,0,-1.67013,45
4,1,2,0,1,-1.75309,149
4,1,2,0,2,-1.75308,30
4,1,2,0,3,-0.53020,94
4,1,2,0,4,-1.71843,66
4,1,2,1,0,-0.70038,2646
4,1,2,1,1,-0.91386,57932
4,1,2,1,2,-0.75002,3459
4,1,2,1,3,6.22459,38662
4,1,2,1,4,-1.51721,5667
4,1,2,2,0,3.95091,12882
4,1,2,2,1,5.80578,571053
4,1,2,2,2,6.22497,20570
4,1,2,2,3,4.44828,354177
4,1,2,2,4,3.95096,23773
4,1,2,3,0,3.92790,15029
4,1,2,3,1,3.25322,673956
4,1,2,3,2,3.92790,24222
4,1,2,3,3,6.41031,414892
4,1,2,3,4,3.91842,26215
4,1,2,4,0,0.63996,4021
4,1,2,4,1,-1.27645,97273
4,1,2,4,2,-1.16503,6280
4,1,2,4,3,2.99952,66842
4,1,2,4,4,2.49997,7142
4,1,3,0,0,-2.52932,117
4,1,3,0,1,-2.78127,223
4,1,3,0,2,-2.81517,122
4,1,3,0,3,-2.50448,521
4,1,3,0,4,-2.98576,210
4,1,3,1,0,-2.94104,2669
4,1,3,1,1,-2.90581,42601
4,1,3,1,2,-2.94104,11864
4,1,3,1,3,-2.26959,60292
4,1,3,1,4,-2.99004,2742
4,1,3,2,0,7.26446,13799
4,1,3,2,1,3.66096,433834
4,1,3,2,2,5.44464,82226
4,1,3,2,3,6.02092,725583
4,1,3,2,4,-0.45374,14010
4,1,3,3,0,2.19896,17058
4,1,3,3,1,4.99884,543177
4,1,3,3,2,3.44818,98870
4,1,3,3,3,0.02840,832799
4,1,3,3,4,-0.75136,15988
4,1,3,4,0,5.22682,4523
4,1,3,4,1,7.55713,84173
4,1,3,4,2,5.83245,21361
4,1,3,4,3,8.00792,117310
4,1,3,4,4,1.00142,4034
4,1,4,0,0,-3.01197,281
4,1,4,0,1,-0.28100,175
4,1,4,0,2,-3.08481,397
4,1,4,0,3,-2.28178,1460
4,1,4,0,4,-2.64127,137
4,1,4,1,0,-3.09615,8088
4,1,4,1,1,-2.90177,65624
4,1,4,1,2,-3.26203,56350
4,1,4,1,3,-1.61486,140097
4,1,4,1,4,-3.26203,7040
4,1,4,2,0,-1.11380,47943
4,1,4,2,1,-2.35338,477267
4,1,4,2,2,1.13766,425762
4,1,4,2,3,-1.55774,1624295
4,1,4,2,4,-1.51506,29702
4,1,4,3,0,-0.29488,61388
4,1,4,3,1,0.30873,596703
4,1,4,3,2,-2.05013,527721
4,1,4,3,3,-2.25457,1909789
4,1,4,3,4,-2.44250,31266
4,1,4,4,0,-1.04273,16542
4,1,4,4,1,-2.40578,109870
4,1,4,4,2,-1.02663,107590
4,1,4,4,3,-1.24294,257972
4,1,4,4,4,-1.02855,8461
4,2,0,0,0,0.31015,0
4,2,0,0,1,0.14096,0
4,2,0,0,2,0.77880,0
4,2,0,0,3,0.80643,0
4,2,0,0,4,0.36876,0
4,2,0,1,0,0.34189,0
4,2,0,1,1,1.03534,1
4,2,0,1,2,1.14351,4
4,2,0,1,3,-2.45328,406
4,2,0,1,4,1.14343,3
4,2,0,2,0,0.82461,0
4,2,0,2,1,9.90983,2
4,2,0,2,2,10.00282,67
4,2,0,2,3,10.00078,2411
4,2,0,2,4,0.84801,0
4,2,0,3,0,9.99942,72
4,2,0,3,1,9.96977,8
4,2,0,3,2,10.10752,14
4,2,0,3,3,4.14970,2003
4,2,0,3,4,9.86223,77
4,2,0,4,0,0.39418,0
4,2,0,4,1,0.11240,0
4,2,0,4,2,0.77141,0
4,2,0,4,3,5.03616,332
4,2,0,4,4,0.53220,0
4,2,1,0,0,-1.26399,11
4,2,1,0,1,-1.32057,11
4,2,1,0,2,-2.02489,42
4,2,1,0,3,4.50951,262
4,2,1,0,4,-1.32050,17
4,2,1,1,0,5.76394,214
4,2,1,1,1,1.86786,1140
4,2,1,1,2,-1.03246,6132
4,2,1,1,3,0.89546,7846
4,2,1,1,4,6.10350,496
4,2,1,2,0,5.56843,604
4,2,1,2,1,5.07604,7228
4,2,1,2,2,5.56843,52717
4,2,1,2,3,2.41190,43796
4,2,1,2,4,0.40350,861
4,2,1,3,0,-1.91239,572
4,2,1,3,1,-1.84710,7789
4,2,1,3,2,-1.91238,61278
4,2,1,3,3,2.27211,51359
4,2,1,3,4,-0.10191,1376
4,2,1,4,0,2.07702,156
4,2,1,4,1,6.19279,1475
4,2,1,4,2,6.56101,9757
4,2,1,4,3,6.52808,11890
4,2,1,4,4,0.33236,423
4,2,2,0,0,-2.39031,59
4,2,2,0,1,-2.40126,209
4,2,2,0,2,3.91349,59
4,2,2,0,3,-2.30431,107
4,2,2,0,4,-2.40116,83
4,2,2,1,0,2.22006,1905
4,2,2,1,1,2.14087,86668
4,2,2,1,2,5.50530,1884
4,2,2,1,3,1.74805,8600
4,2,2,1,4,-2.28487,2524
4,2,2,2,0,1.43578,9524
4,2,2,2,1,6.41193,669642
4,2,2,2,2,5.15476,13472
4,2,2,2,3,6.77063,46551
4,2,2,2,4,2.47638,7818
4,2,2,3,0,-0.65030,12349
4,2,2,3,1,0.48355,820517
4,2,2,3,2,0.28335,15254
4,2,2,3,3,1.43520,54483
4,2,2,3,4,-2.49558,9392
4,2,2,4,0,2.61732,3052
4,2,2,4,1,-0.79756,137152
4,2,2,4,2,-0.96656,3111
4,2,2,4,3,1.90757,11275
4,2,2,4,4,7.00132,3453
4,2,3,0,0,-2.47793,96
4,2,3,0,1,0.19764,188
4,2,3,0,2,-2.47396,132
4,2,3,0,3,-1.76058,324
4,2,3,0,4,-2.49122,44
4,2,3,1,0,-3.09510,2332
4,2,3,1,1,4.92941,39570
4,2,3,1,2,-2.98089,9659
4,2,3,1,3,-1.78761,14179
4,2,3,1,4,-3.09390,2004
4,2,3,2,0,1.78691,8753
4,2,3,2,1,4.18808,295861
4,2,3,2,2,4.98935,75357
4,2,3,2,3,4.44597,90512
4,2,3,2,4,5.25031,6356
4,2,3,3,0,6.84491,9695
4,2,3,3,1,5.62111,376226
4,2,3,3,2,5.77306,98139
4,2,3,3,3,3.73527,107684
4,2,3,3,4,4.65704,6791
4,2,3,4,0,-2.21275,3029
4,2,3,4,1,3.17995,65643
4,2,3,4,2,5.03064,20141
4,2,3,4,3,-2.49897,25879
4,2,3,4,4,8.30427,2129
4,2,4,0,0,-2.76669,965
4,2,4,0,1,1.44664,901
4,2,4,0,2,-2.61981,1053
4,2,4,0,3,-2.30156,1773
4,2,4,0,4,-2.86981,410
4,2,4,1,0,-3.26200,18973
4,2,4,1,1,-2.90815,173270
4,2,4,1,2,-3.25786,80565
4,2,4,1,3,-2.90407,60299
4,2,4,1,4,-3.26202,9763
4,2,4,2,0,-1.23673,489980
4,2,4,2,1,-1.37415,978852
4,2,4,2,2,2.44505,462671
4,2,4,2,3,-2.53778,338965
4,2,4,2,4,-1.00004,491452
4,2,4,3,0,-1.23103,90014
4,2,4,3,1,-1.11116,1212311
4,2,4,3,2,0.47895,557663
4,2,4,3,3,-2.40285,405601
4,2,4,3,4,-2.15354,25649
4,2,4,4,0,-1.74217,30555
4,2,4,4,1,-1.00825,265070
4,2,4,4,2,0.69301,120747
4,2,4,4,3,-1.17713,102065
4,2,4,4,4,-2.03561,6878
4,3,0,0,0,0.02960,0
4,3,0,0,1,0.50508,0
4,3,0,0,2,0.27636,0
4,3,0,0,3,0.60767,0
4,3,0,0,4,0.37145,0
4,3,0,1,0,0.26068,0
4,3,0,1,1,0.83250,0
4,3,0,1,2,0.30188,0
4,3,0,1,3,2.79290,341
4,3,0,1,4,0.34533,0
4,3,0,2,0,0.52049,0
4,3,0,2,1,0.81720,0
4,3,0,2,2,0.16209,0
4,3,0,2,3,2.62916,747
4,3,0,2,4,0.58027,0
4,3,0,3,0,0.97159,0
4,3,0,3,1,0.79182,0
4,3,0,3,2,0.21344,0
4,3,0,3,3,9.96432,931
4,3,0,3,4,0.37546,0
4,3,0,4,0,0.78573,0
4,3,0,4,1,0.21664,0
4,3,0,4,2,0.35200,0
4,3,0,4,3,9.96495,641
4,3,0,4,4,0.70284,0
4,3,1,0,0,-0.46726,8
4,3,1,0,1,-0.95124,18
4,3,1,0,2,0.57944,23
4,3,1,0,3,-0.53730,7
4,3,1,0,4,-0.46731,5
4,3,1,1,0,-0.46728,221
4,3,1,1,1,-0.66930,5242
4,3,1,1,2,1.01875,1911
4,3,1,1,3,0.39763,367
4,3,1,1,4,-0.02907,474
4,3,1,2,0,0.29962,551
4,3,1,2,1,0.02090,13272
4,3,1,2,2,0.34156,5357
4,3,1,2,3,-0.23117,306
4,3,1,2,4,5.97190,558
4,3,1,3,0,0.99673,693
4,3,1,3,1,1.89581,11399
4,3,1,3,2,2.70623,9252
4,3,1,3,3,2.70623,380
4,3,1,3,4,-0.87185,542
4,3,1,4,0,1.57273,759
4,3,1,4,1,2.55096,7341
4,3,1,4,2,3.29586,2820
4,3,1,4,3,3.29586,150
4,3,1,4,4,3.61964,340
4,3,2,0,0,-2.22516,33
4,3,2,0,1,-2.23965,117
4,3,2,0,2,-2.13913,48
4,3,2,0,3,-1.36796,114
4,3,2,0,4,-2.40129,22
4,3,2,1,0,-1.97405,1055
4,3,2,1,1,-1.93397,25365
4,3,2,1,2,-1.24656,2352
4,3,2,1,3,0.27256,3159
4,3,2,1,4,0.44900,661
4,3,2,2,0,-0.37993,1031
4,3,2,2,1,0.65671,59044
4,3,2,2,2,-0.57619,6575
4,3,2,2,3,1.07703,6427
4,3,2,2,4,0.32564,676
4,3,2,3,0,-1.05008,1317
4,3,2,3,1,-1.19383,70803
4,3,2,3,2,0.09021,10497
4,3,2,3,3,0.96296,9225
4,3,2,3,4,-0.97020,482
4,3,2,4,0,-2.34208,945
4,3,2,4,1,-1.15509,40670
4,3,2,4,2,-0.03948,3803
4,3,2,4,3,2.96119,4392
4,3,2,4,4,0.96741,475
4,3,3,0,0,-2.93889,34
4,3,3,0,1,-2.86293,152
4,3,3,0,2,-2.81398,27
4,3,3,0,3,2.52809,114
4,3,3,0,4,-2.77094,142
4,3,3,1,0,-2.93921,1372
4,3,3,1,1,-1.80325,12410
4,3,3,1,2,-2.89521,1177
4,3,3,1,3,-2.49923,4299
4,3,3,1,4,-2.89522,998
4,3,3,2,0,-2.93463,2545
4,3,3,2,1,-1.71845,27584
4,3,3,2,2,4.57915,3142
4,3,3,2,3,3.99327,11988
4,3,3,2,4,-2.89463,1589
4,3,3,3,0,-1.42523,3257
4,3,3,3,1,-0.87783,30652
4,3,3,3,2,-0.13335,3627
4,3,3,3,3,-2.45818,14853
4,3,3,3,4,2.89385,1537
4,3,3,4,0,0.16079,1618
4,3,3,4,1,0.43842,17968
4,3,3,4,2,-0.05855,1800
4,3,3,4,3,1.09401,8126
4,3,3,4,4,1.08382,1519
4,3,4,0,0,-3.08125,408
4,3,4,0,1,-0.06588,1407
4,3,4,0,2,-2.91202,805
4,3,4,0,3,-1.94140,847
4,3,4,0,4,-2.39031,897
4,3,4,1,0,-3.08119,8658
4,3,4,1,1,-1.34712,172849
4,3,4,1,2,-3.18525,45345
4,3,4,1,3,-2.93753,30532
4,3,4,1,4,-3.18488,9191
4,3,4,2,0,-3.02050,9065
4,3,4,2,1,-1.23669,305065
4,3,4,2,2,-1.74823,94875
4,3,4,2,3,-1.74351,49166
4,3,4,2,4,-2.21930,15228
4,3,4,3,0,-1.81723,13328
4,3,4,3,1,-0.99995,342878
4,3,4,3,2,-1.00750,124653
4,3,4,3,3,-0.56867,63702
4,3,4,3,4,-1.97642,14165
4,3,4,4,0,-2.29523,12259
4,3,4,4,1,-1.20486,244671
4,3,4,4,2,2.57761,67517
4,3,4,4,3,-2.42854,45808
4,3,4,4,4,0.31874,7662
4,4,0,0,0,0.98815,0
4,4,0,0,1,0.24872,0
4,4,0,0,2,0.63198,0
4,4,0,0,3,0.44627,0
4,4,0,0,4,0.21948,0
4,4,0,1,0,0.32133,27
4,4,0,1,1,0.36669,0
4,4,0,1,2,0.08763,0
4,4,0,1,3,0.77995,0
4,4,0,1,4,0.66792,0
4,4,0,2,0,7.88080,12
4,4,0,2,1,0.37606,0
4,4,0,2,2,0.15762,0
4,4,0,2,3,0.63466,0
4,4,0,2,4,0.05297,0
4,4,0,3,0,6.89217,12
4,4,0,3,1,0.55528,0
4,4,0,3,2,0.89178,0
4,4,0,3,3,0.31729,0
4,4,0,3,4,0.48793,0
4,4,0,4,0,0.17921,9
4,4,0,4,1,0.67830,0
4,4,0,4,2,0.58286,0
4,4,0,4,3,0.80400,0
4,4,0,4,4,0.31750,0
4,4,1,0,0,-0.23885,6
4,4,1,0,1,-1.07329,7
4,4,1,0,2,7.45721,18
4,4,1,0,3,-0.23884,5
4,4,1,0,4,-1.21584,8
4,4,1,1,0,0.66565,0
4,4,1,1,1,7.17550,8
4,4,1,1,2,3.41681,1463
4,4,1,1,3,6.20795,7
4,4,1,1,4,0.00713,70
4,4,1,2,0,3.33619,4
4,4,1,2,1,3.45406,37
4,4,1,2,2,1.26965,1168
4,4,1,2,3,2.75239,4
4,4,1,2,4,2.30660,8
4,4,1,3,0,0.91963,0
4,4,1,3,1,1.23594,5
4,4,1,3,2,2.70617,1243
4,4,1,3,3,2.11056,3
4,4,1,3,4,0.01975,0
4,4,1,4,0,0.87704,0
4,4,1,4,1,3.40607,42
4,4,1,4,2,2.41533,2245
4,4,1,4,3,1.78934,24
4,4,1,4,4,5.19247,88
4,4,2,0,0,-0.06036,15
4,4,2,0,1,0.07182,2
4,4,2,0,2,-0.18488,16
4,4,2,0,3,0.32688,0
4,4,2,0,4,-2.41010,4
4,4,2,1,0,1.06496,184
4,4,2,1,1,0.70837,24
4,4,2,1,2,-2.16222,1134
4,4,2,1,3,-1.55307,607
4,4,2,1,4,0.00720,3
4,4,2,2,0,4.53789,192
4,4,2,2,1,5.01246,69
4,4,2,2,2,0.51759,877
4,4,2,2,3,4.11073,358
4,4,2,2,4,0.75226,0
4,4,2,3,0,1.99024,378
4,4,2,3,1,-0.04278,22
4,4,2,3,2,3.41158,1062
4,4,2,3,3,1.99726,752
4,4,2,3,4,0.98002,0
4,4,2,4,0,4.32127,471
4,4,2,4,1,4.73830,89
4,4,2,4,2,-1.44663,2188
4,4,2,4,3,0.24477,1248
4,4,2,4,4,0.72120,0
4,4,3,0,0,0.88761,6
4,4,3,0,1,-1.83721,60
4,4,3,0,2,-2.62396,9
4,4,3,0,3,-0.65565,8
4,4,3,0,4,0.20403,4
4,4,3,1,0,-2.80331,234
4,4,3,1,1,-2.93918,532
4,4,3,1,2,-3.03933,33
4,4,3,1,3,-2.93921,54
4,4,3,1,4,-2.93921,25
4,4,3,2,0,0.10118,229
4,4,3,2,1,5.52949,443
4,4,3,2,2,-2.10632,30
4,4,3,2,3,1.98465,43
4,4,3,2,4,0.15276,0
4,4,3,3,0,-2.20266,326
4,4,3,3,1,0.38968,476
4,4,3,3,2,6.81451,32
4,4,3,3,3,2.62643,215
4,4,3,3,4,0.97572,0
4,4,3,4,0,6.15986,461
4,4,3,4,1,0.52293,892
4,4,3,4,2,4.12284,35
4,4,3,4,3,1.14387,93
4,4,3,4,4,-0.09313,10
4,4,4,0,0,-2.57932,304
4,4,4,0,1,-1.34584,359
4,4,4,0,2,-2.80447,128
4,4,4,0,3,-2.43489,244
4,4,4,0,4,-2.59591,549
4,4,4,1,0,-3.02052,1180
4,4,4,1,1,-1.64004,8479
4,4,4,1,2,-3.05446,1924
4,4,4,1,3,-3.10482,1154
4,4,4,1,4,-3.10484,1592
4,4,4,2,0,-2.79986,386
4,4,4,2,1,-0.66899,5514
4,4,4,2,2,-1.45930,602
4,4,4,2,3,0.01185,809
4,4,4,2,4,6.05980,702
4,4,4,3,0,-2.30990,698
4,4,4,3,1,-2.11841,6202
4,4,4,3,2,-2.08129,1345
4,4,4,3,3,-2.19521,1637
4,4,4,3,4,-1.69156,2572
4,4,4,4,0,-1.53109,1385
4,4,4,4,1,-2.44177,12257
4,4,4,4,2,-1.74391,2066
4,4,4,4,3,-1.13844,1905
4,4,4,4,4,-1.44153,2526
