3125
5
0,0,0,0,0,0.04656,0
0,0,0,0,1,0.01831,0
0,0,0,0,2,0.15948,0
0,0,0,0,3,0.61663,0
0,0,0,0,4,0.66068,0
0,0,0,1,0,0.90272,0
0,0,0,1,1,0.68830,0
0,0,0,1,2,0.79817,0
0,0,0,1,3,0.66431,0
0,0,0,1,4,0.55354,0
0,0,0,2,0,0.98202,0
0,0,0,2,1,0.31030,0
0,0,0,2,2,0.97395,0
0,0,0,2,3,0.68333,0
0,0,0,2,4,0.42238,0
0,0,0,3,0,0.62103,0
0,0,0,3,1,0.90601,0
0,0,0,3,2,0.82331,0
0,0,0,3,3,0.58526,0
0,0,0,3,4,0.00373,0
0,0,0,4,0,0.65351,0
0,0,0,4,1,0.97439,0
0,0,0,4,2,0.05494,0
0,0,0,4,3,0.63102,0
0,0,0,4,4,0.26159,0
0,0,1,0,0,0.40600,0
0,0,1,0,1,0.87483,0
0,0,1,0,2,0.14040,0
0,0,1,0,3,0.67254,0
0,0,1,0,4,0.86797,0
0,0,1,1,0,0.95624,0
0,0,1,1,1,0.28828,149
0,0,1,1,2,0.79497,0
0,0,1,1,3,0.06250,8
0,0,1,1,4,0.04064,0
0,0,1,2,0,0.22230,0
0,0,1,2,1,-1.31860,120
0,0,1,2,2,0.90295,5
0,0,1,2,3,-0.97345,9
0,0,1,2,4,-0.99697,3
0,0,1,3,0,0.62901,0
0,0,1,3,1,-1.30442,297
0,0,1,3,2,-0.58473,6
0,0,1,3,3,-0.98721,16
0,0,1,3,4,-1.20295,8
0,0,1,4,0,0.36179,0
0,0,1,4,1,-1.22898,174
0,0,1,4,2,-1.34730,5
0,0,1,4,3,-1.24109,15
0,0,1,4,4,-1.47544,9
0,0,2,0,0,0.33050,0
0,0,2,0,1,0.30999,0
0,0,2,0,2,0.67536,0
0,0,2,0,3,0.19181,0
0,0,2,0,4,0.35768,0
0,0,2,1,0,0.20102,0
0,0,2,1,1,-0.13054,2
0,0,2,1,2,-0.53601,131
0,0,2,1,3,0.11201,1
0,0,2,1,4,0.55642,0
0,0,2,2,0,-0.54258,2
0,0,2,2,1,-0.69713,10
0,0,2,2,2,-0.65329,294
0,0,2,2,3,-0.37858,2
0,0,2,2,4,0.11277,0
0,0,2,3,0,0.99255,0
0,0,2,3,1,-1.02480,15
0,0,2,3,2,-1.19385,496
0,0,2,3,3,-1.22094,18
0,0,2,3,4,0.75125,0
0,0,2,4,0,0.21603,0
0,0,2,4,1,-0.37803,3
0,0,2,4,2,-0.43574,180
0,0,2,4,3,-0.49884,2
0,0,2,4,4,-0.36600,3
0,0,3,0,0,0.50044,0
0,0,3,0,1,0.05886,0
0,0,3,0,2,0.77438,0
0,0,3,0,3,0.00019,0
0,0,3,0,4,0.15675,0
0,0,3,1,0,-0.75821,5
0,0,3,1,1,-0.89145,12
0,0,3,1,2,-1.10552,59
0,0,3,1,3,-0.42144,1
0,0,3,1,4,-0.76754,10
0,0,3,2,0,-1.13409,20
0,0,3,2,1,-1.08098,20
0,0,3,2,2,-1.06344,138
0,0,3,2,3,-1.29508,18
0,0,3,2,4,-0.06882,3
0,0,3,3,0,0.99393,40
0,0,3,3,1,-0.27951,28
0,0,3,3,2,-0.21936,270
0,0,3,3,3,-0.67635,32
0,0,3,3,4,0.21009,0
0,0,3,4,0,-0.82506,20
0,0,3,4,1,-0.79630,11
0,0,3,4,2,-1.23851,81
0,0,3,4,3,-1.05200,9
0,0,3,4,4,0.25117,0
0,0,4,0,0,0.75935,0
0,0,4,0,1,0.54282,0
0,0,4,0,2,0.11750,0
0,0,4,0,3,0.67472,0
0,0,4,0,4,0.39970,0
0,0,4,1,0,-0.03210,4
0,0,4,1,1,-0.40522,3
0,0,4,1,2,-0.16993,15
0,0,4,1,3,0.04813,0
0,0,4,1,4,-0.13655,3
0,0,4,2,0,-0.56104,5
0,0,4,2,1,-0.58378,8
0,0,4,2,2,0.22071,9
0,0,4,2,3,-0.57257,24
0,0,4,2,4,-0.56608,2
0,0,4,3,0,0.11034,11
0,0,4,3,1,-0.40441,3
0,0,4,3,2,-0.92158,14
0,0,4,3,3,2.68339,20
0,0,4,3,4,0.80484,0
0,0,4,4,0,0.16238,0
0,0,4,4,1,-0.01627,2
0,0,4,4,2,-0.09394,9
0,0,4,4,3,-0.38071,14
0,0,4,4,4,-0.15180,4
0,1,0,0,0,0.61764,0
0,1,0,0,1,0.38309,0
0,1,0,0,2,0.29922,0
0,1,0,0,3,0.42014,0
0,1,0,0,4,0.24104,0
0,1,0,1,0,-0.06027,4
0,1,0,1,1,0.46973,0
0,1,0,1,2,0.59876,0
0,1,0,1,3,0.78497,0
0,1,0,1,4,0.47392,0
0,1,0,2,0,0.24027,3
0,1,0,2,1,0.45897,0
0,1,0,2,2,0.98726,0
0,1,0,2,3,-0.19438,3
0,1,0,2,4,0.00280,0
0,1,0,3,0,0.13035,108
0,1,0,3,1,0.16342,0
0,1,0,3,2,0.74172,0
0,1,0,3,3,0.19077,0
0,1,0,3,4,0.34632,0
0,1,0,4,0,0.47864,70
0,1,0,4,1,0.49205,0
0,1,0,4,2,1.07917,3
0,1,0,4,3,0.36962,0
0,1,0,4,4,0.30485,0
0,1,1,0,0,-0.37906,8
0,1,1,0,1,0.07256,0
0,1,1,0,2,0.01667,0
0,1,1,0,3,-0.38142,8
0,1,1,0,4,0.41599,0
0,1,1,1,0,0.13353,43
0,1,1,1,1,0.67804,0
0,1,1,1,2,0.69487,0
0,1,1,1,3,0.11009,239
0,1,1,1,4,0.06319,706
0,1,1,2,0,-0.55399,60
0,1,1,2,1,-0.23868,4
0,1,1,2,2,0.28503,0
0,1,1,2,3,-0.42902,1282
0,1,1,2,4,-0.61661,5938
0,1,1,3,0,0.71505,209
0,1,1,3,1,-0.75812,15
0,1,1,3,2,0.04026,0
0,1,1,3,3,-0.81860,1805
0,1,1,3,4,-1.00322,6263
0,1,1,4,0,-0.72956,70
0,1,1,4,1,0.28888,14
0,1,1,4,2,0.07296,4
0,1,1,4,3,-0.02365,266
0,1,1,4,4,0.46385,1040
0,1,2,0,0,0.27935,0
0,1,2,0,1,0.90984,0
0,1,2,0,2,0.07902,0
0,1,2,0,3,0.36866,3
0,1,2,0,4,0.71027,0
0,1,2,1,0,-0.88853,3
0,1,2,1,1,-0.48550,546
0,1,2,1,2,-1.20216,10
0,1,2,1,3,-0.03157,55
0,1,2,1,4,0.13730,0
0,1,2,2,0,0.87388,0
0,1,2,2,1,-1.04975,4489
0,1,2,2,2,1.43497,57
0,1,2,2,3,-0.28195,852
0,1,2,2,4,0.52952,0
0,1,2,3,0,-0.25054,10
0,1,2,3,1,-1.29951,5630
0,1,2,3,2,-1.18051,29
0,1,2,3,3,-0.77758,956
0,1,2,3,4,0.22699,0
0,1,2,4,0,0.62890,10
0,1,2,4,1,-0.94911,1123
0,1,2,4,2,-1.20925,14
0,1,2,4,3,-0.65382,178
0,1,2,4,4,0.23624,0
0,1,3,0,0,-0.79494,15
0,1,3,0,1,-0.47692,3
0,1,3,0,2,-0.34589,2
0,1,3,0,3,-0.56035,4
0,1,3,0,4,-0.70177,5
0,1,3,1,0,-1.29877,64
0,1,3,1,1,-1.17629,26
0,1,3,1,2,-1.19374,329
0,1,3,1,3,-0.04437,129
0,1,3,1,4,-1.29527,13
0,1,3,2,0,-1.31283,390
0,1,3,2,1,-1.13584,130
0,1,3,2,2,-1.23079,2515
0,1,3,2,3,0.25632,922
0,1,3,2,4,-1.33958,29
0,1,3,3,0,-0.68549,252
0,1,3,3,1,0.27700,96
0,1,3,3,2,-0.20050,3276
0,1,3,3,3,-0.23321,1083
0,1,3,3,4,-0.12663,67
0,1,3,4,0,-1.45205,153
0,1,3,4,1,-1.26987,46
0,1,3,4,2,0.00467,864
0,1,3,4,3,0.02995,174
0,1,3,4,4,-1.45810,26
0,1,4,0,0,0.90509,0
0,1,4,0,1,0.12134,0
0,1,4,0,2,0.33058,0
0,1,4,0,3,0.75092,0
0,1,4,0,4,0.27747,0
0,1,4,1,0,-1.26098,45
0,1,4,1,1,-1.18313,57
0,1,4,1,2,-1.28347,36
0,1,4,1,3,-1.26235,59
0,1,4,1,4,-1.25963,39
0,1,4,2,0,-1.16411,368
0,1,4,2,1,-1.23751,428
0,1,4,2,2,0.03381,493
0,1,4,2,3,1.26648,450
0,1,4,2,4,-1.16412,202
0,1,4,3,0,-0.79476,458
0,1,4,3,1,-1.33736,540
0,1,4,3,2,-1.33068,300
0,1,4,3,3,0.06233,504
0,1,4,3,4,-0.44250,268
0,1,4,4,0,-1.20196,66
0,1,4,4,1,-1.16455,117
0,1,4,4,2,-1.20260,62
0,1,4,4,3,0.28341,97
0,1,4,4,4,-1.19611,148
0,2,0,0,0,0.85216,0
0,2,0,0,1,0.14523,0
0,2,0,0,2,0.94437,0
0,2,0,0,3,0.26442,0
0,2,0,0,4,0.18685,0
0,2,0,1,0,0.04620,0
0,2,0,1,1,0.75940,0
0,2,0,1,2,0.32724,0
0,2,0,1,3,0.96820,0
0,2,0,1,4,0.76936,0
0,2,0,2,0,0.18234,0
0,2,0,2,1,0.44255,0
0,2,0,2,2,1.60744,39
0,2,0,2,3,1.18369,6
0,2,0,2,4,0.26695,0
0,2,0,3,0,0.61980,0
0,2,0,3,1,0.18242,0
0,2,0,3,2,0.15046,13
0,2,0,3,3,0.00606,0
0,2,0,3,4,0.39592,0
0,2,0,4,0,0.34080,0
0,2,0,4,1,0.03433,0
0,2,0,4,2,0.24130,0
0,2,0,4,3,0.40486,0
0,2,0,4,4,0.53380,0
0,2,1,0,0,0.03449,3
0,2,1,0,1,-0.20088,3
0,2,1,0,2,-0.57236,8
0,2,1,0,3,-0.22691,5
0,2,1,0,4,-0.36612,4
0,2,1,1,0,0.92883,18
0,2,1,1,1,0.91178,0
0,2,1,1,2,0.82648,0
0,2,1,1,3,0.43383,243
0,2,1,1,4,0.24487,1280
0,2,1,2,0,-1.29031,139
0,2,1,2,1,-1.25179,29
0,2,1,2,2,0.42332,0
0,2,1,2,3,-1.18885,1276
0,2,1,2,4,-1.37671,5460
0,2,1,3,0,0.04868,25
0,2,1,3,1,0.68374,0
0,2,1,3,2,0.90746,0
0,2,1,3,3,0.07531,1398
0,2,1,3,4,0.07528,7154
0,2,1,4,0,0.22077,0
0,2,1,4,1,-1.31122,27
0,2,1,4,2,0.72725,0
0,2,1,4,3,-1.23341,346
0,2,1,4,4,-1.23341,1957
0,2,2,0,0,0.01121,4
0,2,2,0,1,0.26300,0
0,2,2,0,2,-0.22493,5
0,2,2,0,3,0.04959,3
0,2,2,0,4,0.38809,1
0,2,2,1,0,0.13302,38
0,2,2,1,1,0.68129,0
0,2,2,1,2,0.26966,3
0,2,2,1,3,0.26096,106
0,2,2,1,4,0.07343,513
0,2,2,2,0,0.25493,88
0,2,2,2,1,0.83987,0
0,2,2,2,2,0.41430,4
0,2,2,2,3,0.37990,493
0,2,2,2,4,0.25419,2913
0,2,2,3,0,0.78590,188
0,2,2,3,1,0.14860,3
0,2,2,3,2,0.60658,0
0,2,2,3,3,-0.14001,679
0,2,2,3,4,-0.26502,3953
0,2,2,4,0,-0.08594,22
0,2,2,4,1,1.63434,3
0,2,2,4,2,0.00648,0
0,2,2,4,3,0.97575,144
0,2,2,4,4,0.77258,896
0,2,3,0,0,-0.65070,3
0,2,3,0,1,-0.57627,8
0,2,3,0,2,-0.71151,6
0,2,3,0,3,-0.43021,8
0,2,3,0,4,-0.41525,4
0,2,3,1,0,-1.29580,36
0,2,3,1,1,-1.25561,80
0,2,3,1,2,-1.32640,217
0,2,3,1,3,-1.31684,97
0,2,3,1,4,-1.36950,49
0,2,3,2,0,-0.23761,118
0,2,3,2,1,-1.21485,475
0,2,3,2,2,-0.13065,748
0,2,3,2,3,-1.19757,340
0,2,3,2,4,-1.34863,155
0,2,3,3,0,-0.83673,214
0,2,3,3,1,-1.18745,592
0,2,3,3,2,-0.22428,834
0,2,3,3,3,-1.20993,536
0,2,3,3,4,-1.26559,84
0,2,3,4,0,0.18675,99
0,2,3,4,1,0.84512,130
0,2,3,4,2,-1.22065,264
0,2,3,4,3,0.99729,200
0,2,3,4,4,0.51238,49
0,2,4,0,0,0.37415,0
0,2,4,0,1,-0.24896,20
0,2,4,0,2,0.78916,0
0,2,4,0,3,-0.43142,15
0,2,4,0,4,-0.62424,18
0,2,4,1,0,-1.34975,22
0,2,4,1,1,-1.29973,28
0,2,4,1,2,-1.23422,31
0,2,4,1,3,-1.34981,33
0,2,4,1,4,-1.23421,31
0,2,4,2,0,0.69631,270
0,2,4,2,1,-1.31655,107
0,2,4,2,2,-1.45136,35
0,2,4,2,3,-1.36339,150
0,2,4,2,4,-1.36196,315
0,2,4,3,0,-1.29327,145
0,2,4,3,1,-1.14099,83
0,2,4,3,2,-1.21198,190
0,2,4,3,3,-1.10675,140
0,2,4,3,4,-1.15022,332
0,2,4,4,0,-1.36427,54
0,2,4,4,1,-1.23565,56
0,2,4,4,2,-1.15246,36
0,2,4,4,3,-1.25442,44
0,2,4,4,4,-1.09993,50
0,3,0,0,0,0.93184,0
0,3,0,0,1,0.80974,0
0,3,0,0,2,0.11510,0
0,3,0,0,3,0.76819,0
0,3,0,0,4,0.28724,0
0,3,0,1,0,0.97261,0
0,3,0,1,1,0.00340,0
0,3,0,1,2,0.10197,0
0,3,0,1,3,0.56932,0
0,3,0,1,4,0.45862,0
0,3,0,2,0,-0.16367,11
0,3,0,2,1,0.24056,0
0,3,0,2,2,0.85901,0
0,3,0,2,3,0.83675,0
0,3,0,2,4,0.36508,0
0,3,0,3,0,0.90678,0
0,3,0,3,1,0.44162,0
0,3,0,3,2,0.84246,0
0,3,0,3,3,0.42716,0
0,3,0,3,4,0.25514,0
0,3,0,4,0,-0.39451,159
0,3,0,4,1,0.36717,0
0,3,0,4,2,0.14883,0
0,3,0,4,3,0.97683,0
0,3,0,4,4,0.05732,0
0,3,1,0,0,-0.45678,4
0,3,1,0,1,-0.31822,8
0,3,1,0,2,-0.02439,9
0,3,1,0,3,-0.05694,7
0,3,1,0,4,-0.02375,4
0,3,1,1,0,0.67015,0
0,3,1,1,1,0.31922,186
0,3,1,1,2,-0.18653,28
0,3,1,1,3,-0.98752,7
0,3,1,1,4,-0.20102,71
0,3,1,2,0,0.46589,0
0,3,1,2,1,-0.67333,150
0,3,1,2,2,0.06210,23
0,3,1,2,3,-0.98998,19
0,3,1,2,4,-0.25501,108
0,3,1,3,0,0.75936,0
0,3,1,3,1,-1.08433,65
0,3,1,3,2,0.11207,150
0,3,1,3,3,-1.05256,14
0,3,1,3,4,0.05568,135
0,3,1,4,0,0.62703,0
0,3,1,4,1,-1.13188,93
0,3,1,4,2,-0.43648,52
0,3,1,4,3,-0.24896,14
0,3,1,4,4,-1.22376,115
0,3,2,0,0,0.22689,0
0,3,2,0,1,0.67154,0
0,3,2,0,2,0.55823,0
0,3,2,0,3,0.04911,0
0,3,2,0,4,0.35757,0
0,3,2,1,0,0.29361,0
0,3,2,1,1,-1.17146,305
0,3,2,1,2,0.11625,0
0,3,2,1,3,-1.10367,29
0,3,2,1,4,0.69719,0
0,3,2,2,0,0.92484,0
0,3,2,2,1,-1.26730,373
0,3,2,2,2,0.16648,0
0,3,2,2,3,-1.09637,21
0,3,2,2,4,0.84760,0
0,3,2,3,0,0.98604,0
0,3,2,3,1,-0.66833,525
0,3,2,3,2,0.13009,0
0,3,2,3,3,-0.93425,48
0,3,2,3,4,0.97643,0
0,3,2,4,0,0.34667,0
0,3,2,4,1,-0.98607,400
0,3,2,4,2,0.73279,0
0,3,2,4,3,-0.55142,28
0,3,2,4,4,0.17289,0
0,3,3,0,0,-0.58041,4
0,3,3,0,1,-0.50728,7
0,3,3,0,2,-0.63625,6
0,3,3,0,3,-0.18264,9
0,3,3,0,4,-0.16468,5
0,3,3,1,0,-1.25056,5
0,3,3,1,1,-1.09876,114
0,3,3,1,2,-1.10662,20
0,3,3,1,3,-1.00363,11
0,3,3,1,4,-1.26206,44
0,3,3,2,0,0.26936,0
0,3,3,2,1,-0.72070,101
0,3,3,2,2,-0.92722,4
0,3,3,2,3,-1.36231,60
0,3,3,2,4,-0.97803,33
0,3,3,3,0,-0.21268,2
0,3,3,3,1,1.46281,208
0,3,3,3,2,-0.24976,72
0,3,3,3,3,-0.76696,98
0,3,3,3,4,-0.63967,41
0,3,3,4,0,0.97479,0
0,3,3,4,1,-1.04190,91
0,3,3,4,2,-1.02991,52
0,3,3,4,3,0.35360,91
0,3,3,4,4,0.19263,7
0,3,4,0,0,0.10927,0
0,3,4,0,1,0.85352,0
0,3,4,0,2,0.26009,4
0,3,4,0,3,0.26423,8
0,3,4,0,4,0.28174,0
0,3,4,1,0,-0.97139,17
0,3,4,1,1,-0.96966,33
0,3,4,1,2,-1.03316,19
0,3,4,1,3,-0.39507,29
0,3,4,1,4,-1.18139,30
0,3,4,2,0,0.26852,0
0,3,4,2,1,-1.25366,100
0,3,4,2,2,-1.16415,100
0,3,4,2,3,-1.19029,48
0,3,4,2,4,0.29786,12
0,3,4,3,0,0.82984,0
0,3,4,3,1,-1.11598,54
0,3,4,3,2,-0.14024,83
0,3,4,3,3,2.27889,74
0,3,4,3,4,0.14026,21
0,3,4,4,0,0.30794,0
0,3,4,4,1,-1.29336,79
0,3,4,4,2,0.27166,53
0,3,4,4,3,-1.34499,30
0,3,4,4,4,0.27160,30
0,4,0,0,0,0.85460,0
0,4,0,0,1,0.83226,0
0,4,0,0,2,0.13454,0
0,4,0,0,3,0.71641,0
0,4,0,0,4,0.68756,0
0,4,0,1,0,0.25753,0
0,4,0,1,1,0.98496,0
0,4,0,1,2,0.72231,0
0,4,0,1,3,0.12551,4
0,4,0,1,4,0.75384,0
0,4,0,2,0,0.95389,0
0,4,0,2,1,0.62658,0
0,4,0,2,2,0.63964,0
0,4,0,2,3,0.09242,0
0,4,0,2,4,0.92788,0
0,4,0,3,0,1.32429,84
0,4,0,3,1,0.74609,0
0,4,0,3,2,0.21506,0
0,4,0,3,3,0.94522,0
0,4,0,3,4,0.43238,0
0,4,0,4,0,0.33850,3
0,4,0,4,1,0.83943,0
0,4,0,4,2,0.84576,0
0,4,0,4,3,0.54327,3
0,4,0,4,4,0.99586,0
0,4,1,0,0,0.92552,0
0,4,1,0,1,0.11890,0
0,4,1,0,2,0.41631,0
0,4,1,0,3,0.96998,0
0,4,1,0,4,0.68773,0
0,4,1,1,0,0.76006,0
0,4,1,1,1,0.19930,0
0,4,1,1,2,0.50554,0
0,4,1,1,3,0.10743,54
0,4,1,1,4,0.62707,0
0,4,1,2,0,0.16846,0
0,4,1,2,1,0.29396,0
0,4,1,2,2,0.60460,0
0,4,1,2,3,-0.20899,7
0,4,1,2,4,0.87797,0
0,4,1,3,0,0.97330,0
0,4,1,3,1,0.90486,0
0,4,1,3,2,0.78702,0
0,4,1,3,3,0.27341,14
0,4,1,3,4,0.01498,0
0,4,1,4,0,0.21348,0
0,4,1,4,1,0.10860,0
0,4,1,4,2,0.84177,0
0,4,1,4,3,-0.29648,42
0,4,1,4,4,0.04046,0
0,4,2,0,0,-0.66491,8
0,4,2,0,1,-0.60107,7
0,4,2,0,2,-0.46314,8
0,4,2,0,3,-0.66755,10
0,4,2,0,4,-0.88087,13
0,4,2,1,0,0.81536,0
0,4,2,1,1,0.79296,0
0,4,2,1,2,-0.43455,41
0,4,2,1,3,0.62663,0
0,4,2,1,4,0.23886,0
0,4,2,2,0,0.17429,0
0,4,2,2,1,0.61471,0
0,4,2,2,2,0.55420,0
0,4,2,2,3,0.52940,0
0,4,2,2,4,0.21888,0
0,4,2,3,0,2.52992,11
0,4,2,3,1,0.65162,0
0,4,2,3,2,0.11372,12
0,4,2,3,3,0.77799,0
0,4,2,3,4,0.85715,0
0,4,2,4,0,-0.08410,41
0,4,2,4,1,0.38787,0
0,4,2,4,2,0.25150,0
0,4,2,4,3,0.34925,0
0,4,2,4,4,0.17691,0
0,4,3,0,0,0.34169,0
0,4,3,0,1,0.93298,0
0,4,3,0,2,0.04397,0
0,4,3,0,3,0.30923,0
0,4,3,0,4,0.80646,0
0,4,3,1,0,-0.17046,4
0,4,3,1,1,-1.05568,24
0,4,3,1,2,-0.16667,4
0,4,3,1,3,-0.48163,7
0,4,3,1,4,-0.63192,8
0,4,3,2,0,0.62863,0
0,4,3,2,1,0.30964,0
0,4,3,2,2,0.69456,0
0,4,3,2,3,0.43074,0
0,4,3,2,4,0.51319,0
0,4,3,3,0,0.43580,0
0,4,3,3,1,-0.73671,6
0,4,3,3,2,0.09845,0
0,4,3,3,3,0.05845,0
0,4,3,3,4,0.36133,0
0,4,3,4,0,0.80347,0
0,4,3,4,1,0.67705,0
0,4,3,4,2,-0.99678,11
0,4,3,4,3,0.87924,0
0,4,3,4,4,0.79870,0
0,4,4,0,0,0.82466,0
0,4,4,0,1,0.67067,0
0,4,4,0,2,0.41252,0
0,4,4,0,3,0.91359,0
0,4,4,0,4,0.61717,0
0,4,4,1,0,0.62241,0
0,4,4,1,1,0.85801,0
0,4,4,1,2,0.59166,0
0,4,4,1,3,0.00986,0
0,4,4,1,4,0.94590,0
0,4,4,2,0,0.15214,0
0,4,4,2,1,0.08318,0
0,4,4,2,2,0.43157,0
0,4,4,2,3,0.99880,0
0,4,4,2,4,0.85424,19
0,4,4,3,0,0.59958,0
0,4,4,3,1,0.84312,0
0,4,4,3,2,0.02929,0
0,4,4,3,3,0.38602,7
0,4,4,3,4,0.24952,46
0,4,4,4,0,0.56901,0
0,4,4,4,1,0.86531,0
0,4,4,4,2,0.26332,0
0,4,4,4,3,0.17804,0
0,4,4,4,4,0.52398,27
1,0,0,0,0,0.67948,0
1,0,0,0,1,0.29122,0
1,0,0,0,2,0.17793,0
1,0,0,0,3,0.06691,0
1,0,0,0,4,0.74153,0
1,0,0,1,0,0.26619,0
1,0,0,1,1,0.94380,0
1,0,0,1,2,2.60242,122
1,0,0,1,3,0.05545,0
1,0,0,1,4,7.99951,116
1,0,0,2,0,0.91302,0
1,0,0,2,1,0.63101,0
1,0,0,2,2,5.38616,120
1,0,0,2,3,2.90314,61
1,0,0,2,4,3.13720,128
1,0,0,3,0,0.15181,0
1,0,0,3,1,0.00157,0
1,0,0,3,2,7.99986,301
1,0,0,3,3,0.31850,0
1,0,0,3,4,7.99981,508
1,0,0,4,0,0.82781,0
1,0,0,4,1,0.54151,0
1,0,0,4,2,6.71966,65
1,0,0,4,3,0.26311,0
1,0,0,4,4,7.99635,62
1,0,1,0,0,0.33231,0
1,0,1,0,1,0.81467,0
1,0,1,0,2,0.19692,0
1,0,1,0,3,0.96471,0
1,0,1,0,4,0.94802,0
1,0,1,1,0,0.51885,0
1,0,1,1,1,2.67896,823
1,0,1,1,2,1.49684,301
1,0,1,1,3,3.99825,2593
1,0,1,1,4,0.85424,0
1,0,1,2,0,0.62762,0
1,0,1,2,1,3.99879,2556
1,0,1,2,2,3.99878,1000
1,0,1,2,3,3.99898,9402
1,0,1,2,4,2.06525,2
1,0,1,3,0,0.22344,1
1,0,1,3,1,5.00005,2964
1,0,1,3,2,3.65835,656
1,0,1,3,3,-0.46227,12920
1,0,1,3,4,3.66888,124
1,0,1,4,0,0.60845,0
1,0,1,4,1,3.87334,1241
1,0,1,4,2,1.67924,92
1,0,1,4,3,4.00019,4742
1,0,1,4,4,0.38841,0
1,0,2,0,0,0.86472,0
1,0,2,0,1,0.05582,2
1,0,2,0,2,-0.60817,3
1,0,2,0,3,3.38835,3
1,0,2,0,4,0.35327,0
1,0,2,1,0,0.29200,62
1,0,2,1,1,2.38780,31
1,0,2,1,2,2.29818,1154
1,0,2,1,3,1.00282,173
1,0,2,1,4,0.86838,0
1,0,2,2,0,3.71181,242
1,0,2,2,1,0.56452,137
1,0,2,2,2,2.23936,3789
1,0,2,2,3,1.11543,587
1,0,2,2,4,2.23869,28
1,0,2,3,0,1.52750,380
1,0,2,3,1,0.98245,191
1,0,2,3,2,0.48206,6085
1,0,2,3,3,0.34956,679
1,0,2,3,4,0.25041,28
1,0,2,4,0,0.06117,95
1,0,2,4,1,2.08298,115
1,0,2,4,2,-0.41311,2319
1,0,2,4,3,2.30078,260
1,0,2,4,4,-0.28900,13
1,0,3,0,0,0.03532,0
1,0,3,0,1,0.00680,2
1,0,3,0,2,0.85149,0
1,0,3,0,3,0.20138,2
1,0,3,0,4,0.30504,0
1,0,3,1,0,-1.15467,28
1,0,3,1,1,-0.75137,52
1,0,3,1,2,-0.54932,950
1,0,3,1,3,-0.15032,198
1,0,3,1,4,-1.18646,33
1,0,3,2,0,1.51229,52
1,0,3,2,1,1.34158,246
1,0,3,2,2,1.26206,2774
1,0,3,2,3,1.66478,785
1,0,3,2,4,0.44123,100
1,0,3,3,0,2.15476,98
1,0,3,3,1,0.69333,287
1,0,3,3,2,1.70636,4168
1,0,3,3,3,1.15502,1161
1,0,3,3,4,0.46033,120
1,0,3,4,0,0.71402,14
1,0,3,4,1,0.76433,85
1,0,3,4,2,0.17640,1227
1,0,3,4,3,0.67047,284
1,0,3,4,4,-0.23253,39
1,0,4,0,0,0.07438,3
1,0,4,0,1,0.30765,0
1,0,4,0,2,0.82321,0
1,0,4,0,3,-0.37141,6
1,0,4,0,4,-0.65355,31
1,0,4,1,0,-1.09743,17
1,0,4,1,1,-1.08524,11
1,0,4,1,2,-0.60952,22
1,0,4,1,3,-0.32101,166
1,0,4,1,4,-0.99544,83
1,0,4,2,0,2.02257,155
1,0,4,2,1,1.22902,33
1,0,4,2,2,0.95321,253
1,0,4,2,3,0.43974,482
1,0,4,2,4,0.84245,161
1,0,4,3,0,-0.46440,153
1,0,4,3,1,-0.03704,52
1,0,4,3,2,1.00495,348
1,0,4,3,3,0.94803,713
1,0,4,3,4,-0.13536,298
1,0,4,4,0,-0.29302,39
1,0,4,4,1,1.03211,25
1,0,4,4,2,0.36380,147
1,0,4,4,3,1.62349,173
1,0,4,4,4,0.03107,86
1,1,0,0,0,0.88281,0
1,1,0,0,1,0.86362,0
1,1,0,0,2,0.99932,0
1,1,0,0,3,0.43697,0
1,1,0,0,4,0.23193,0
1,1,0,1,0,0.19417,0
1,1,0,1,1,0.01537,0
1,1,0,1,2,3.66706,764
1,1,0,1,3,2.04206,75
1,1,0,1,4,2.22275,6
1,1,0,2,0,0.70573,0
1,1,0,2,1,1.28798,7
1,1,0,2,2,1.88007,8060
1,1,0,2,3,1.14888,705
1,1,0,2,4,1.65683,3
1,1,0,3,0,0.01793,0
1,1,0,3,1,1.81839,10
1,1,0,3,2,1.83781,10355
1,1,0,3,3,1.21067,982
1,1,0,3,4,1.11708,2
1,1,0,4,0,0.76524,0
1,1,0,4,1,0.91148,0
1,1,0,4,2,2.01108,2502
1,1,0,4,3,1.01108,133
1,1,0,4,4,0.01478,3
1,1,1,0,0,-0.74280,10
1,1,1,0,1,-0.80225,6
1,1,1,0,2,-0.74160,33
1,1,1,0,3,-0.26427,202
1,1,1,0,4,-0.74108,30
1,1,1,1,0,0.20231,51
1,1,1,1,1,2.28365,39
1,1,1,1,2,2.64082,792
1,1,1,1,3,3.99646,27522
1,1,1,1,4,3.99634,389
1,1,1,2,0,-0.02022,127
1,1,1,2,1,-0.81778,465
1,1,1,2,2,-0.42447,4918
1,1,1,2,3,3.99977,196978
1,1,1,2,4,-0.34883,651
1,1,1,3,0,-0.59699,214
1,1,1,3,1,-0.46913,864
1,1,1,3,2,2.67307,5208
1,1,1,3,3,3.99812,237867
1,1,1,3,4,-0.70697,510
1,1,1,4,0,2.74064,78
1,1,1,4,1,2.75688,340
1,1,1,4,2,3.32911,1347
1,1,1,4,3,3.99959,50066
1,1,1,4,4,-0.15314,126
1,1,2,0,0,-0.76228,8
1,1,2,0,1,-0.75295,19
1,1,2,0,2,-0.77173,44
1,1,2,0,3,3.80283,68
1,1,2,0,4,-0.77974,16
1,1,2,1,0,0.43013,489
1,1,2,1,1,1.52536,705
1,1,2,1,2,1.61371,1586
1,1,2,1,3,1.49135,7114
1,1,2,1,4,0.53205,422
1,1,2,2,0,2.53103,3144
1,1,2,2,1,2.02992,4425
1,1,2,2,2,-1.03478,10815
1,1,2,2,3,3.89275,60991
1,1,2,2,4,1.41407,1513
1,1,2,3,0,2.90344,3542
1,1,2,3,1,-0.75526,5246
1,1,2,3,2,0.59554,13134
1,1,2,3,3,2.54143,72373
1,1,2,3,4,-0.53630,1541
1,1,2,4,0,2.64994,958
1,1,2,4,1,-0.94489,1541
1,1,2,4,2,0.53824,3429
1,1,2,4,3,-0.42152,12955
1,1,2,4,4,-0.13901,681
1,1,3,0,0,-1.15078,42
1,1,3,0,1,-0.98887,15
1,1,3,0,2,-0.95828,18
1,1,3,0,3,-0.60135,113
1,1,3,0,4,-1.14805,47
1,1,3,1,0,-1.06766,1225
1,1,3,1,1,-1.07452,466
1,1,3,1,2,-0.54051,1746
1,1,3,1,3,-0.66290,4335
1,1,3,1,4,-1.27541,1964
1,1,3,2,0,-0.85189,6543
1,1,3,2,1,1.82255,3183
1,1,3,2,2,-1.02291,8728
1,1,3,2,3,-1.03052,46026
1,1,3,2,4,0.93115,8702
1,1,3,3,0,-0.39130,8347
1,1,3,3,1,-0.14342,4304
1,1,3,3,2,0.77842,10871
1,1,3,3,3,-1.01025,56532
1,1,3,3,4,-0.71802,8609
1,1,3,4,0,-0.67854,2483
1,1,3,4,1,0.00045,864
1,1,3,4,2,0.80643,3370
1,1,3,4,3,1.55703,9046
1,1,3,4,4,0.30873,3156
1,1,4,0,0,0.30728,0
1,1,4,0,1,0.42363,0
1,1,4,0,2,-0.99964,36
1,1,4,0,3,-0.25453,12
1,1,4,0,4,0.49287,0
1,1,4,1,0,-1.28080,121
1,1,4,1,1,-1.25657,419
1,1,4,1,2,-0.28700,523
1,1,4,1,3,-1.01086,1962
1,1,4,1,4,-1.27231,179
1,1,4,2,0,-1.08049,816
1,1,4,2,1,-0.60373,2622
1,1,4,2,2,0.31271,4977
1,1,4,2,3,0.75028,27191
1,1,4,2,4,-0.62070,623
1,1,4,3,0,0.62076,1889
1,1,4,3,1,-0.07799,2892
1,1,4,3,2,2.89041,6658
1,1,4,3,3,2.41047,30427
1,1,4,3,4,0.70500,563
1,1,4,4,0,0.01212,670
1,1,4,4,1,-0.83851,560
1,1,4,4,2,0.33735,1133
1,1,4,4,3,-1.06585,3795
1,1,4,4,4,-0.15773,288
1,2,0,0,0,0.07621,0
1,2,0,0,1,0.79490,0
1,2,0,0,2,1.35362,4
1,2,0,0,3,0.25824,0
1,2,0,0,4,0.36770,0
1,2,0,1,0,0.31627,0
1,2,0,1,1,0.14496,5
1,2,0,1,2,0.20477,423
1,2,0,1,3,0.23353,0
1,2,0,1,4,0.51092,0
1,2,0,2,0,1.00692,3
1,2,0,2,1,-0.16506,6
1,2,0,2,2,-0.17176,2459
1,2,0,2,3,1.07822,65
1,2,0,2,4,0.10429,0
1,2,0,3,0,0.72546,0
1,2,0,3,1,-0.10780,8
1,2,0,3,2,-0.10838,3135
1,2,0,3,3,1.14124,75
1,2,0,3,4,0.18833,0
1,2,0,4,0,0.37945,8
1,2,0,4,1,0.59852,23
1,2,0,4,2,-0.20489,795
1,2,0,4,3,1.53652,10
1,2,0,4,4,0.74074,0
1,2,1,0,0,-0.98345,43
1,2,1,0,1,-0.98693,35
1,2,1,0,2,-0.43642,18
1,2,1,0,3,-0.98388,35
1,2,1,0,4,-0.98756,53
1,2,1,1,0,-0.93807,464
1,2,1,1,1,1.08012,821
1,2,1,1,2,1.40045,347
1,2,1,1,3,0.38198,10600
1,2,1,1,4,-0.41956,972
1,2,1,2,0,3.40148,402
1,2,1,2,1,0.08500,3038
1,2,1,2,2,0.82827,1091
1,2,1,2,3,-0.22897,55402
1,2,1,2,4,-0.38703,1340
1,2,1,3,0,2.22269,825
1,2,1,3,1,2.94685,3514
1,2,1,3,2,2.74866,1506
1,2,1,3,3,3.99822,69971
1,2,1,3,4,-0.04010,1224
1,2,1,4,0,3.99848,439
1,2,1,4,1,3.56172,1359
1,2,1,4,2,2.74277,622
1,2,1,4,3,3.99797,17951
1,2,1,4,4,2.33131,612
1,2,2,0,0,-0.96741,22
1,2,2,0,1,-0.96036,38
1,2,2,0,2,-1.08003,28
1,2,2,0,3,0.63686,41
1,2,2,0,4,-0.96099,17
1,2,2,1,0,-0.47812,4
1,2,2,1,1,-0.95187,2256
1,2,2,1,2,0.10915,889
1,2,2,1,3,0.04470,4153
1,2,2,1,4,-0.95617,572
1,2,2,2,0,0.43264,31
1,2,2,2,1,1.45636,10857
1,2,2,2,2,0.93177,4184
1,2,2,2,3,-0.31579,24639
1,2,2,2,4,2.24684,1585
1,2,2,3,0,-0.00336,59
1,2,2,3,1,0.30468,10912
1,2,2,3,2,-0.51104,4484
1,2,2,3,3,0.44090,30770
1,2,2,3,4,-0.45395,2309
1,2,2,4,0,0.61132,26
1,2,2,4,1,1.85080,3280
1,2,2,4,2,-0.01987,1449
1,2,2,4,3,-0.01229,6682
1,2,2,4,4,-1.04165,949
1,2,3,0,0,-1.08685,33
1,2,3,0,1,-1.01891,32
1,2,3,0,2,-1.08648,92
1,2,3,0,3,-1.12395,105
1,2,3,0,4,-1.21796,145
1,2,3,1,0,-1.16892,873
1,2,3,1,1,-1.17591,717
1,2,3,1,2,2.39439,2761
1,2,3,1,3,-1.23455,2551
1,2,3,1,4,-1.06866,1481
1,2,3,2,0,-1.00972,4386
1,2,3,2,1,-0.89920,2622
1,2,3,2,2,-1.00967,15926
1,2,3,2,3,-1.12034,11510
1,2,3,2,4,0.18785,4324
1,2,3,3,0,-0.99929,6702
1,2,3,3,1,-1.00434,3186
1,2,3,3,2,-1.02692,18768
1,2,3,3,3,-1.00581,13480
1,2,3,3,4,1.15231,3732
1,2,3,4,0,0.89090,2029
1,2,3,4,1,-0.93908,835
1,2,3,4,2,0.90336,5003
1,2,3,4,3,-0.30950,3843
1,2,3,4,4,-0.74324,1586
1,2,4,0,0,-1.20649,23
1,2,4,0,1,-0.49215,17
1,2,4,0,2,0.85106,24
1,2,4,0,3,-0.88897,97
1,2,4,0,4,-0.84859,228
1,2,4,1,0,-1.28346,816
1,2,4,1,1,-1.32191,145
1,2,4,1,2,-0.25981,976
1,2,4,1,3,-1.32321,580
1,2,4,1,4,-1.28346,228
1,2,4,2,0,-1.18194,2686
1,2,4,2,1,-0.47418,496
1,2,4,2,2,1.53542,6731
1,2,4,2,3,-0.86076,4498
1,2,4,2,4,-1.23636,1423
1,2,4,3,0,-0.39607,3180
1,2,4,3,1,-1.09589,446
1,2,4,3,2,-1.09710,8120
1,2,4,3,3,-0.98854,5625
1,2,4,3,4,-0.41023,1297
1,2,4,4,0,-0.87208,622
1,2,4,4,1,-0.04101,227
1,2,4,4,2,-0.49966,2077
1,2,4,4,3,-1.05376,1213
1,2,4,4,4,0.95985,341
1,3,0,0,0,0.27120,0
1,3,0,0,1,0.15715,0
1,3,0,0,2,1.56780,11
1,3,0,0,3,0.46125,0
1,3,0,0,4,0.04334,0
1,3,0,1,0,0.59824,0
1,3,0,1,1,1.42904,10
1,3,0,1,2,-0.43054,161
1,3,0,1,3,0.33612,9
1,3,0,1,4,0.78026,0
1,3,0,2,0,0.48601,0
1,3,0,2,1,-0.06104,5
1,3,0,2,2,0.28498,542
1,3,0,2,3,0.74713,0
1,3,0,2,4,-0.29113,3
1,3,0,3,0,0.35957,0
1,3,0,3,1,0.50379,6
1,3,0,3,2,2.59979,467
1,3,0,3,3,0.36239,9
1,3,0,3,4,0.81561,0
1,3,0,4,0,0.15424,0
1,3,0,4,1,-0.17912,12
1,3,0,4,2,-0.56833,418
1,3,0,4,3,0.76668,0
1,3,0,4,4,0.08203,0
1,3,1,0,0,-0.89727,23
1,3,1,0,1,-0.86078,117
1,3,1,0,2,-1.01875,16
1,3,1,0,3,-0.86584,56
1,3,1,0,4,0.31582,50
1,3,1,1,0,0.31768,61
1,3,1,1,1,-0.57473,2220
1,3,1,1,2,0.75704,6
1,3,1,1,3,3.50137,1837
1,3,1,1,4,0.08187,2822
1,3,1,2,0,2.07985,92
1,3,1,2,1,-0.72305,3911
1,3,1,2,2,0.07471,0
1,3,1,2,3,-0.98243,1323
1,3,1,2,4,-0.08188,2110
1,3,1,3,0,-0.18316,33
1,3,1,3,1,-0.58704,6031
1,3,1,3,2,-0.80293,3
1,3,1,3,3,-0.96907,2048
1,3,1,3,4,2.28457,3093
1,3,1,4,0,0.30672,4
1,3,1,4,1,-0.22548,2513
1,3,1,4,2,-0.73335,3
1,3,1,4,3,3.41115,1373
1,3,1,4,4,3.99848,1849
1,3,2,0,0,-0.93822,15
1,3,2,0,1,-1.08511,11
1,3,2,0,2,-0.99066,18
1,3,2,0,3,-0.92279,20
1,3,2,0,4,-0.94201,64
1,3,2,1,0,-0.97958,117
1,3,2,1,1,-0.56554,563
1,3,2,1,2,0.83203,348
1,3,2,1,3,-0.03980,1215
1,3,2,1,4,0.41368,505
1,3,2,2,0,-1.08886,94
1,3,2,2,1,0.09600,753
1,3,2,2,2,1.68070,620
1,3,2,2,3,-0.19836,1670
1,3,2,2,4,-0.88149,603
1,3,2,3,0,-1.03381,105
1,3,2,3,1,0.40346,1246
1,3,2,3,2,-0.92256,802
1,3,2,3,3,-0.96114,1911
1,3,2,3,4,0.47587,813
1,3,2,4,0,0.45968,0
1,3,2,4,1,-0.43702,956
1,3,2,4,2,-0.99777,468
1,3,2,4,3,-0.95096,1043
1,3,2,4,4,-0.26648,618
1,3,3,0,0,-1.00371,27
1,3,3,0,1,-1.12906,28
1,3,3,0,2,-1.00270,32
1,3,3,0,3,-0.52581,47
1,3,3,0,4,-1.02980,124
1,3,3,1,0,-1.12953,375
1,3,3,1,1,-1.12070,429
1,3,3,1,2,-1.06720,293
1,3,3,1,3,-1.08962,669
1,3,3,1,4,-0.87148,1093
1,3,3,2,0,-0.84125,330
1,3,3,2,1,-0.97737,616
1,3,3,2,2,-1.01312,264
1,3,3,2,3,-0.79137,621
1,3,3,2,4,-1.04817,1530
1,3,3,3,0,-0.52630,472
1,3,3,3,1,0.24492,678
1,3,3,3,2,0.60012,374
1,3,3,3,3,0.28370,730
1,3,3,3,4,0.81746,2770
1,3,3,4,0,1.90861,387
1,3,3,4,1,1.91977,472
1,3,3,4,2,-0.90238,160
1,3,3,4,3,1.72297,673
1,3,3,4,4,-0.14608,1184
1,3,4,0,0,0.29299,32
1,3,4,0,1,0.48084,0
1,3,4,0,2,-1.15331,10
1,3,4,0,3,-0.26903,26
1,3,4,0,4,0.75928,0
1,3,4,1,0,-1.39114,453
1,3,4,1,1,-1.30071,190
1,3,4,1,2,-1.27263,216
1,3,4,1,3,-1.14846,395
1,3,4,1,4,-1.36321,178
1,3,4,2,0,-0.94086,722
1,3,4,2,1,-1.16579,173
1,3,4,2,2,-1.02040,314
1,3,4,2,3,-0.04747,843
1,3,4,2,4,-1.16574,164
1,3,4,3,0,-1.08612,816
1,3,4,3,1,-0.39991,66
1,3,4,3,2,2.12116,279
1,3,4,3,3,-0.95576,1116
1,3,4,3,4,1.26388,481
1,3,4,4,0,-0.87249,499
1,3,4,4,1,-0.11213,28
1,3,4,4,2,-0.79761,126
1,3,4,4,3,1.87910,756
1,3,4,4,4,-0.11030,135
1,4,0,0,0,0.08023,0
1,4,0,0,1,0.22875,0
1,4,0,0,2,0.55221,0
1,4,0,0,3,0.85635,0
1,4,0,0,4,0.40734,0
1,4,0,1,0,0.47483,0
1,4,0,1,1,0.88972,0
1,4,0,1,2,0.57948,0
1,4,0,1,3,-0.20136,7
1,4,0,1,4,0.91896,0
1,4,0,2,0,0.84833,0
1,4,0,2,1,0.71209,0
1,4,0,2,2,0.89677,0
1,4,0,2,3,1.57001,173
1,4,0,2,4,0.76002,0
1,4,0,3,0,0.55601,0
1,4,0,3,1,0.22526,0
1,4,0,3,2,0.22813,0
1,4,0,3,3,2.60239,94
1,4,0,3,4,0.80319,0
1,4,0,4,0,0.52561,0
1,4,0,4,1,0.05407,0
1,4,0,4,2,0.54917,0
1,4,0,4,3,1.43255,90
1,4,0,4,4,0.57673,0
1,4,1,0,0,0.23916,0
1,4,1,0,1,0.25455,6
1,4,1,0,2,0.25789,9
1,4,1,0,3,-0.99435,62
1,4,1,0,4,-0.43997,68
1,4,1,1,0,0.53387,0
1,4,1,1,1,1.74873,7
1,4,1,1,2,-0.31623,219
1,4,1,1,3,2.67623,7
1,4,1,1,4,1.37402,16
1,4,1,2,0,0.19444,0
1,4,1,2,1,1.04037,4
1,4,1,2,2,-0.79165,81
1,4,1,2,3,0.11658,27
1,4,1,2,4,0.56559,0
1,4,1,3,0,0.25809,0
1,4,1,3,1,0.06723,6
1,4,1,3,2,-0.88578,52
1,4,1,3,3,0.82241,0
1,4,1,3,4,0.26412,0
1,4,1,4,0,0.63237,0
1,4,1,4,1,-0.79794,7
1,4,1,4,2,1.87689,254
1,4,1,4,3,0.30211,0
1,4,1,4,4,-0.47048,39
1,4,2,0,0,0.32686,2
1,4,2,0,1,0.10567,4
1,4,2,0,2,0.19102,0
1,4,2,0,3,0.00902,3
1,4,2,0,4,0.25988,0
1,4,2,1,0,2.90084,203
1,4,2,1,1,-0.06220,6
1,4,2,1,2,0.41610,0
1,4,2,1,3,0.45419,0
1,4,2,1,4,0.13047,0
1,4,2,2,0,-1.00113,127
1,4,2,2,1,0.41539,2
1,4,2,2,2,0.87593,0
1,4,2,2,3,0.88284,0
1,4,2,2,4,0.18759,0
1,4,2,3,0,0.31701,165
1,4,2,3,1,0.23135,0
1,4,2,3,2,0.76087,0
1,4,2,3,3,2.23870,6
1,4,2,3,4,0.05913,0
1,4,2,4,0,1.48701,287
1,4,2,4,1,0.11162,15
1,4,2,4,2,0.15504,0
1,4,2,4,3,2.85120,9
1,4,2,4,4,0.76481,0
1,4,3,0,0,-0.29526,4
1,4,3,0,1,-0.92663,5
1,4,3,0,2,-0.24078,3
1,4,3,0,3,-0.11229,5
1,4,3,0,4,0.02690,4
1,4,3,1,0,-0.96419,13
1,4,3,1,1,-0.98237,9
1,4,3,1,2,-0.64623,6
1,4,3,1,3,-0.98359,86
1,4,3,1,4,0.24650,143
1,4,3,2,0,0.30239,0
1,4,3,2,1,0.86735,0
1,4,3,2,2,0.03976,0
1,4,3,2,3,0.96643,17
1,4,3,2,4,-0.92337,49
1,4,3,3,0,0.65831,0
1,4,3,3,1,0.93155,0
1,4,3,3,2,0.96882,0
1,4,3,3,3,-0.27852,96
1,4,3,3,4,-0.58388,129
1,4,3,4,0,0.23188,0
1,4,3,4,1,0.97113,5
1,4,3,4,2,0.97566,7
1,4,3,4,3,0.07070,65
1,4,3,4,4,1.13034,7
1,4,4,0,0,0.53860,0
1,4,4,0,1,0.93215,0
1,4,4,0,2,0.82614,0
1,4,4,0,3,0.15120,14
1,4,4,0,4,0.20794,0
1,4,4,1,0,-0.84118,15
1,4,4,1,1,-0.58318,6
1,4,4,1,2,-0.94744,10
1,4,4,1,3,-0.78906,15
1,4,4,1,4,-0.58322,15
1,4,4,2,0,0.70914,11
1,4,4,2,1,1.22098,41
1,4,4,2,2,0.68122,0
1,4,4,2,3,0.25223,32
1,4,4,2,4,0.70417,0
1,4,4,3,0,-0.28494,143
1,4,4,3,1,0.44376,48
1,4,4,3,2,0.80764,0
1,4,4,3,3,-0.51596,56
1,4,4,3,4,0.37485,0
1,4,4,4,0,1.60937,100
1,4,4,4,1,1.91521,35
1,4,4,4,2,0.75688,0
1,4,4,4,3,-0.54215,24
1,4,4,4,4,0.92423,0
2,0,0,0,0,0.22018,0
2,0,0,0,1,0.72932,0
2,0,0,0,2,0.01385,0
2,0,0,0,3,0.53242,0
2,0,0,0,4,0.70924,0
2,0,0,1,0,0.86824,0
2,0,0,1,1,1.36263,12
2,0,0,1,2,0.83693,0
2,0,0,1,3,0.24430,0
2,0,0,1,4,0.13756,0
2,0,0,2,0,0.26550,0
2,0,0,2,1,2.65346,348
2,0,0,2,2,0.68004,0
2,0,0,2,3,0.83578,0
2,0,0,2,4,0.87128,0
2,0,0,3,0,0.27467,0
2,0,0,3,1,2.18973,393
2,0,0,3,2,0.39191,0
2,0,0,3,3,0.89638,0
2,0,0,3,4,0.25297,0
2,0,0,4,0,0.04900,0
2,0,0,4,1,2.25427,191
2,0,0,4,2,0.75338,0
2,0,0,4,3,2.25427,53
2,0,0,4,4,0.33903,0
2,0,1,0,0,0.52215,0
2,0,1,0,1,2.68469,51
2,0,1,0,2,0.88010,0
2,0,1,0,3,0.91293,0
2,0,1,0,4,0.50941,0
2,0,1,1,0,0.33561,0
2,0,1,1,1,2.73173,2383
2,0,1,1,2,2.51363,1054
2,0,1,1,3,2.32142,12392
2,0,1,1,4,2.57159,75
2,0,1,2,0,0.66959,0
2,0,1,2,1,0.49206,8132
2,0,1,2,2,4.64085,4385
2,0,1,2,3,-0.68792,39621
2,0,1,2,4,3.71619,397
2,0,1,3,0,0.08055,0
2,0,1,3,1,3.53073,13525
2,0,1,3,2,-0.68795,5600
2,0,1,3,3,3.99977,49029
2,0,1,3,4,3.73281,846
2,0,1,4,0,2.39052,5
2,0,1,4,1,0.65402,4827
2,0,1,4,2,1.65017,2627
2,0,1,4,3,2.72258,19337
2,0,1,4,4,2.45103,130
2,0,2,0,0,0.00872,3
2,0,2,0,1,0.20250,3
2,0,2,0,2,0.18254,2
2,0,2,0,3,1.46995,5
2,0,2,0,4,0.45751,1
2,0,2,1,0,-0.20948,345
2,0,2,1,1,0.81216,185
2,0,2,1,2,2.39218,77
2,0,2,1,3,1.98990,1452
2,0,2,1,4,2.53515,75
2,0,2,2,0,0.97260,1078
2,0,2,2,1,2.29870,658
2,0,2,2,2,1.69010,291
2,0,2,2,3,2.27294,4476
2,0,2,2,4,1.78335,137
2,0,2,3,0,2.20638,1203
2,0,2,3,1,1.51848,753
2,0,2,3,2,1.45283,351
2,0,2,3,3,1.46010,5789
2,0,2,3,4,2.74368,253
2,0,2,4,0,0.19991,677
2,0,2,4,1,1.52197,246
2,0,2,4,2,2.36737,196
2,0,2,4,3,2.57504,2203
2,0,2,4,4,3.22676,129
2,0,3,0,0,0.72002,0
2,0,3,0,1,0.11157,2
2,0,3,0,2,0.81994,0
2,0,3,0,3,0.16549,0
2,0,3,0,4,0.49088,0
2,0,3,1,0,-0.44651,15
2,0,3,1,1,-0.26823,163
2,0,3,1,2,0.68430,336
2,0,3,1,3,-0.14194,203
2,0,3,1,4,-0.26518,16
2,0,3,2,0,-0.94641,67
2,0,3,2,1,-0.02673,725
2,0,3,2,2,0.12758,1380
2,0,3,2,3,0.50342,672
2,0,3,2,4,1.26862,178
2,0,3,3,0,1.16550,88
2,0,3,3,1,1.02620,1044
2,0,3,3,2,2.08444,1876
2,0,3,3,3,2.02441,924
2,0,3,3,4,2.03378,447
2,0,3,4,0,-0.16024,35
2,0,3,4,1,0.84029,302
2,0,3,4,2,0.92201,640
2,0,3,4,3,2.00358,241
2,0,3,4,4,0.62008,144
2,0,4,0,0,0.69834,0
2,0,4,0,1,0.57794,0
2,0,4,0,2,0.01517,0
2,0,4,0,3,0.12610,0
2,0,4,0,4,0.63748,0
2,0,4,1,0,-0.99658,41
2,0,4,1,1,-0.79599,13
2,0,4,1,2,0.36089,103
2,0,4,1,3,1.68710,273
2,0,4,1,4,-0.99920,35
2,0,4,2,0,0.77936,14
2,0,4,2,1,1.35538,68
2,0,4,2,2,0.98942,295
2,0,4,2,3,1.59909,866
2,0,4,2,4,2.77122,96
2,0,4,3,0,0.86403,19
2,0,4,3,1,0.93109,100
2,0,4,3,2,2.07834,465
2,0,4,3,3,0.50885,1208
2,0,4,3,4,1.76204,122
2,0,4,4,0,0.31421,0
2,0,4,4,1,0.31462,14
2,0,4,4,2,0.87675,135
2,0,4,4,3,0.49920,422
2,0,4,4,4,1.61546,40
2,1,0,0,0,0.15166,0
2,1,0,0,1,0.87297,0
2,1,0,0,2,0.06506,0
2,1,0,0,3,0.59811,0
2,1,0,0,4,0.20652,0
2,1,0,1,0,0.55944,0
2,1,0,1,1,-0.51010,2480
2,1,0,1,2,0.30273,0
2,1,0,1,3,0.53616,10
2,1,0,1,4,0.83960,0
2,1,0,2,0,0.61278,9
2,1,0,2,1,-0.11641,22042
2,1,0,2,2,-0.61699,21
2,1,0,2,3,0.61378,348
2,1,0,2,4,-0.51495,9
2,1,0,3,0,1.72755,12
2,1,0,3,1,2.72794,26329
2,1,0,3,2,0.53745,70
2,1,0,3,3,0.63418,455
2,1,0,3,4,0.97058,0
2,1,0,4,0,2.44115,12
2,1,0,4,1,0.56734,4583
2,1,0,4,2,1.06819,3
2,1,0,4,3,2.42520,39
2,1,0,4,4,1.92506,3
2,1,1,0,0,-0.86008,11
2,1,1,0,1,-0.51996,162
2,1,1,0,2,-0.85921,12
2,1,1,0,3,3.06199,162
2,1,1,0,4,-0.83623,77
2,1,1,1,0,1.76492,22
2,1,1,1,1,2.16172,19959
2,1,1,1,2,2.12403,226
2,1,1,1,3,3.81558,36840
2,1,1,1,4,2.13135,1656
2,1,1,2,0,0.16107,62
2,1,1,2,1,2.53129,148749
2,1,1,2,2,3.99998,896
2,1,1,2,3,3.99959,252064
2,1,1,2,4,1.89332,6437
2,1,1,3,0,0.55959,211
2,1,1,3,1,-0.32188,178604
2,1,1,3,2,2.74996,976
2,1,1,3,3,0.35217,301757
2,1,1,3,4,2.44142,6922
2,1,1,4,0,2.39423,73
2,1,1,4,1,1.87312,32698
2,1,1,4,2,3.99929,348
2,1,1,4,3,3.99998,66799
2,1,1,4,4,0.66731,3148
2,1,2,0,0,-0.92289,14
2,1,2,0,1,-0.02160,18
2,1,2,0,2,-0.92034,18
2,1,2,0,3,1.80272,224
2,1,2,0,4,-0.85764,52
2,1,2,1,0,-0.77715,198
2,1,2,1,1,1.63310,1415
2,1,2,1,2,1.63444,1137
2,1,2,1,3,2.14142,15701
2,1,2,1,4,3.21990,782
2,1,2,2,0,0.68786,756
2,1,2,2,1,0.50000,7461
2,1,2,2,2,1.74315,4891
2,1,2,2,3,1.92051,142437
2,1,2,2,4,2.70232,1587
2,1,2,3,0,1.62636,1222
2,1,2,3,1,0.17494,9618
2,1,2,3,2,0.41110,6088
2,1,2,3,3,0.81835,162589
2,1,2,3,4,0.54258,1844
2,1,2,4,0,1.42749,533
2,1,2,4,1,0.93589,3285
2,1,2,4,2,1.66314,2075
2,1,2,4,3,3.76054,29216
2,1,2,4,4,0.87214,824
2,1,3,0,0,-0.90627,18
2,1,3,0,1,0.77081,28
2,1,3,0,2,-0.94431,9
2,1,3,0,3,-0.97633,134
2,1,3,0,4,-1.04717,37
2,1,3,1,0,-1.00311,2468
2,1,3,1,1,0.28500,4501
2,1,3,1,2,-0.99895,547
2,1,3,1,3,-0.37447,4412
2,1,3,1,4,-1.00306,942
2,1,3,2,0,-0.80514,12243
2,1,3,2,1,0.30572,44239
2,1,3,2,2,-1.01827,3467
2,1,3,2,3,0.17169,59997
2,1,3,2,4,-0.93585,5660
2,1,3,3,0,-0.31260,16510
2,1,3,3,1,-0.85502,56158
2,1,3,3,2,1.94878,4170
2,1,3,3,3,2.54030,68671
2,1,3,3,4,-0.95079,5270
2,1,3,4,0,-0.67940,4740
2,1,3,4,1,1.35668,8480
2,1,3,4,2,0.44603,897
2,1,3,4,3,1.80414,10830
2,1,3,4,4,-0.64704,1791
2,1,4,0,0,0.27767,0
2,1,4,0,1,0.45457,0
2,1,4,0,2,0.12205,9
2,1,4,0,3,1.84810,123
2,1,4,0,4,0.13950,0
2,1,4,1,0,-1.24898,170
2,1,4,1,1,-1.08840,269
2,1,4,1,2,-1.06065,911
2,1,4,1,3,-0.85265,4492
2,1,4,1,4,-1.11232,81
2,1,4,2,0,-0.00988,842
2,1,4,2,1,-0.96750,2148
2,1,4,2,2,2.47718,5415
2,1,4,2,3,3.04210,65980
2,1,4,2,4,1.77620,348
2,1,4,3,0,-0.58733,1021
2,1,4,3,1,1.87954,2603
2,1,4,3,2,-0.38388,6868
2,1,4,3,3,2.45660,79610
2,1,4,3,4,1.96057,296
2,1,4,4,0,0.83206,221
2,1,4,4,1,0.10927,325
2,1,4,4,2,0.72741,1525
2,1,4,4,3,3.01254,10050
2,1,4,4,4,2.11962,168
2,2,0,0,0,0.14065,4
2,2,0,0,1,0.20795,7
2,2,0,0,2,0.64364,0
2,2,0,0,3,0.23445,0
2,2,0,0,4,0.56800,0
2,2,0,1,0,0.16776,562
2,2,0,1,1,1.35250,3678
2,2,0,1,2,0.37541,237
2,2,0,1,3,0.11841,6
2,2,0,1,4,0.47340,0
2,2,0,2,0,0.09484,3651
2,2,0,2,1,-0.06222,27229
2,2,0,2,2,-0.04057,1041
2,2,0,2,3,-0.00363,164
2,2,0,2,4,0.22433,0
2,2,0,3,0,-0.93274,5786
2,2,0,3,1,0.14385,33634
2,2,0,3,2,2.25467,1597
2,2,0,3,3,0.00467,262
2,2,0,3,4,0.33957,0
2,2,0,4,0,0.49563,1552
2,2,0,4,1,0.54465,5656
2,2,0,4,2,0.82563,238
2,2,0,4,3,0.12161,0
2,2,0,4,4,0.94328,0
2,2,1,0,0,0.88755,110
2,2,1,0,1,-0.98114,76
2,2,1,0,2,-0.98007,120
2,2,1,0,3,-0.97675,144
2,2,1,0,4,-0.97999,59
2,2,1,1,0,1.01942,3388
2,2,1,1,1,-0.86007,9535
2,2,1,1,2,0.13622,5267
2,2,1,1,3,-0.99908,6113
2,2,1,1,4,-0.80223,265
2,2,1,2,0,1.06705,16706
2,2,1,2,1,2.16830,54683
2,2,1,2,2,-0.47239,28073
2,2,1,2,3,1.75640,41223
2,2,1,2,4,0.59676,835
2,2,1,3,0,-0.75220,22179
2,2,1,3,1,-0.62886,70005
2,2,1,3,2,-0.89754,33434
2,2,1,3,3,0.26109,48566
2,2,1,3,4,3.64599,1073
2,2,1,4,0,-0.06144,6440
2,2,1,4,1,0.89633,14804
2,2,1,4,2,-0.76486,7964
2,2,1,4,3,0.10622,8646
2,2,1,4,4,-0.10645,518
2,2,2,0,0,-0.99756,42
2,2,2,0,1,0.43798,40
2,2,2,0,2,-0.99754,74
2,2,2,0,3,-0.98290,173
2,2,2,0,4,-0.99741,75
2,2,2,1,0,-0.48783,280
2,2,2,1,1,0.98731,781
2,2,2,1,2,-0.39147,4061
2,2,2,1,3,-0.73143,7478
2,2,2,1,4,-0.96416,3066
2,2,2,2,0,1.42393,1359
2,2,2,2,1,0.67380,5599
2,2,2,2,2,0.23081,24411
2,2,2,2,3,1.83817,42816
2,2,2,2,4,0.73720,9560
2,2,2,3,0,0.89750,2225
2,2,2,3,1,-0.40154,6004
2,2,2,3,2,-0.95247,30069
2,2,2,3,3,-0.97001,53817
2,2,2,3,4,1.58279,11055
2,2,2,4,0,1.37986,780
2,2,2,4,1,-0.29437,1108
2,2,2,4,2,-0.36326,7023
2,2,2,4,3,-0.14900,11967
2,2,2,4,4,1.50333,2790
2,2,3,0,0,-1.00062,78
2,2,3,0,1,-0.99110,33
2,2,3,0,2,-0.98476,20
2,2,3,0,3,-0.99253,91
2,2,3,0,4,-0.98644,101
2,2,3,1,0,-0.70017,3250
2,2,3,1,1,-1.00573,2255
2,2,3,1,2,-1.10665,1885
2,2,3,1,3,-1.00467,5143
2,2,3,1,4,-1.09982,494
2,2,3,2,0,-0.54064,13959
2,2,3,2,1,-0.53344,16129
2,2,3,2,2,-0.84039,9073
2,2,3,2,3,-0.57326,25652
2,2,3,2,4,2.31609,1359
2,2,3,3,0,-0.52074,18456
2,2,3,3,1,-0.77280,20416
2,2,3,3,2,-0.67830,11300
2,2,3,3,3,-0.36099,33264
2,2,3,3,4,-0.82401,1589
2,2,3,4,0,-0.17024,4984
2,2,3,4,1,-0.73882,3788
2,2,3,4,2,0.45924,2371
2,2,3,4,3,-0.64900,8083
2,2,3,4,4,0.81485,305
2,2,4,0,0,0.64879,0
2,2,4,0,1,0.06199,0
2,2,4,0,2,-0.99621,107
2,2,4,0,3,-0.96900,253
2,2,4,0,4,-0.94477,102
2,2,4,1,0,-1.23984,133
2,2,4,1,1,-1.23851,124
2,2,4,1,2,-1.22720,1670
2,2,4,1,3,-1.10730,3663
2,2,4,1,4,-1.18008,165
2,2,4,2,0,-1.15395,466
2,2,4,2,1,-0.78659,443
2,2,4,2,2,1.47050,14090
2,2,4,2,3,0.56797,24198
2,2,4,2,4,-0.91053,1571
2,2,4,3,0,-0.77639,775
2,2,4,3,1,0.28357,312
2,2,4,3,2,1.85519,16712
2,2,4,3,3,-0.99124,28913
2,2,4,3,4,0.16606,1386
2,2,4,4,0,0.53794,272
2,2,4,4,1,0.50150,110
2,2,4,4,2,0.20163,3975
2,2,4,4,3,-1.03815,6351
2,2,4,4,4,1.10560,305
2,3,0,0,0,0.07051,0
2,3,0,0,1,0.19388,4
2,3,0,0,2,0.43297,0
2,3,0,0,3,0.04572,0
2,3,0,0,4,0.34348,0
2,3,0,1,0,0.30170,0
2,3,0,1,1,0.04546,1186
2,3,0,1,2,0.10924,55
2,3,0,1,3,0.16623,5
2,3,0,1,4,0.53951,0
2,3,0,2,0,0.48204,3
2,3,0,2,1,-0.12248,2611
2,3,0,2,2,-0.04530,202
2,3,0,2,3,0.45527,16
2,3,0,2,4,0.94036,0
2,3,0,3,0,0.16212,0
2,3,0,3,1,0.40591,4494
2,3,0,3,2,1.25800,284
2,3,0,3,3,0.07258,6
2,3,0,3,4,0.41360,0
2,3,0,4,0,0.36096,0
2,3,0,4,1,1.29511,2040
2,3,0,4,2,0.00792,105
2,3,0,4,3,0.22149,9
2,3,0,4,4,0.09088,3
2,3,1,0,0,-0.88095,157
2,3,1,0,1,-0.35985,12
2,3,1,0,2,-0.19315,2
2,3,1,0,3,-0.15494,81
2,3,1,0,4,-0.68132,9
2,3,1,1,0,-0.95828,2977
2,3,1,1,1,0.31275,10
2,3,1,1,2,0.69569,49
2,3,1,1,3,0.25476,4105
2,3,1,1,4,-0.98300,958
2,3,1,2,0,-0.69458,4311
2,3,1,2,1,0.21326,34
2,3,1,2,2,-0.88358,151
2,3,1,2,3,0.41299,7021
2,3,1,2,4,0.25258,1488
2,3,1,3,0,-0.26751,5858
2,3,1,3,1,1.91432,15
2,3,1,3,2,1.48721,136
2,3,1,3,3,0.87832,12180
2,3,1,3,4,1.88387,1583
2,3,1,4,0,-0.92297,4340
2,3,1,4,1,0.91920,14
2,3,1,4,2,1.21226,45
2,3,1,4,3,2.29547,5077
2,3,1,4,4,-0.20101,694
2,3,2,0,0,-0.95337,38
2,3,2,0,1,-0.98162,22
2,3,2,0,2,0.80681,78
2,3,2,0,3,-0.97577,56
2,3,2,0,4,-0.95707,57
2,3,2,1,0,1.16424,538
2,3,2,1,1,0.22215,192
2,3,2,1,2,0.62115,1946
2,3,2,1,3,0.31573,1213
2,3,2,1,4,1.07190,1116
2,3,2,2,0,0.94955,741
2,3,2,2,1,-0.03166,492
2,3,2,2,2,0.86637,4553
2,3,2,2,3,-0.37489,1567
2,3,2,2,4,-0.97182,1103
2,3,2,3,0,0.28091,465
2,3,2,3,1,-0.52562,372
2,3,2,3,2,0.03279,6234
2,3,2,3,3,-0.44646,1442
2,3,2,3,4,-0.80473,2300
2,3,2,4,0,0.49500,234
2,3,2,4,1,0.77964,180
2,3,2,4,2,-0.08694,2489
2,3,2,4,3,-0.12097,1270
2,3,2,4,4,-0.73105,710
2,3,3,0,0,-0.97247,45
2,3,3,0,1,-0.97102,64
2,3,3,0,2,-0.96190,29
2,3,3,0,3,-0.96431,80
2,3,3,0,4,-1.00186,23
2,3,3,1,0,-1.00126,2147
2,3,3,1,1,-1.00063,1135
2,3,3,1,2,-0.99959,375
2,3,3,1,3,-1.00084,1075
2,3,3,1,4,-1.00063,525
2,3,3,2,0,-0.95519,1950
2,3,3,2,1,0.09134,1659
2,3,3,2,2,0.54493,563
2,3,3,2,3,-0.99875,1717
2,3,3,2,4,-1.00053,599
2,3,3,3,0,-0.56988,2854
2,3,3,3,1,-0.62701,2252
2,3,3,3,2,-0.52513,1061
2,3,3,3,3,-0.42836,2022
2,3,3,3,4,-0.97297,1755
2,3,3,4,0,-0.15052,1768
2,3,3,4,1,-0.06036,1404
2,3,3,4,2,-0.49986,431
2,3,3,4,3,0.13072,1490
2,3,3,4,4,-0.14910,664
2,3,4,0,0,0.71464,0
2,3,4,0,1,0.28942,0
2,3,4,0,2,0.77079,9
2,3,4,0,3,0.68610,256
2,3,4,0,4,-0.79552,97
2,3,4,1,0,-1.10302,28
2,3,4,1,1,0.22449,236
2,3,4,1,2,-1.15419,131
2,3,4,1,3,-1.17534,2214
2,3,4,1,4,-1.16116,609
2,3,4,2,0,0.20334,0
2,3,4,2,1,0.28502,444
2,3,4,2,2,2.79862,84
2,3,4,2,3,1.84234,2760
2,3,4,2,4,-0.98350,900
2,3,4,3,0,-0.11824,12
2,3,4,3,1,0.77707,361
2,3,4,3,2,-0.99095,350
2,3,4,3,3,0.37047,3108
2,3,4,3,4,-0.99808,1833
2,3,4,4,0,-0.30198,102
2,3,4,4,1,-0.01999,217
2,3,4,4,2,-0.89952,114
2,3,4,4,3,0.99208,2717
2,3,4,4,4,0.48010,558
2,4,0,0,0,0.16507,0
2,4,0,0,1,0.36976,0
2,4,0,0,2,0.40188,0
2,4,0,0,3,0.24854,0
2,4,0,0,4,0.82702,0
2,4,0,1,0,0.06314,0
2,4,0,1,1,3.26310,1
2,4,0,1,2,0.68887,0
2,4,0,1,3,1.13336,15
2,4,0,1,4,-0.50481,1134
2,4,0,2,0,0.03619,0
2,4,0,2,1,3.72871,4
2,4,0,2,2,0.16502,0
2,4,0,2,3,0.00269,0
2,4,0,2,4,7.99909,855
2,4,0,3,0,0.13300,0
2,4,0,3,1,0.35354,0
2,4,0,3,2,0.86454,0
2,4,0,3,3,3.98436,16
2,4,0,3,4,0.00290,822
2,4,0,4,0,0.47072,0
2,4,0,4,1,-0.00516,1
2,4,0,4,2,0.74639,0
2,4,0,4,3,0.85839,64
2,4,0,4,4,1.09622,879
2,4,1,0,0,-0.60282,8
2,4,1,0,1,-0.26375,73
2,4,1,0,2,-0.55607,5
2,4,1,0,3,-0.47500,45
2,4,1,0,4,-0.91874,4
2,4,1,1,0,0.51327,0
2,4,1,1,1,-0.90248,143
2,4,1,1,2,0.81438,0
2,4,1,1,3,-0.08323,28
2,4,1,1,4,0.47175,0
2,4,1,2,0,0.32988,0
2,4,1,2,1,-0.87643,70
2,4,1,2,2,0.59798,0
2,4,1,2,3,0.13007,0
2,4,1,2,4,0.52727,0
2,4,1,3,0,0.23353,0
2,4,1,3,1,2.25198,107
2,4,1,3,2,0.94077,0
2,4,1,3,3,-0.99916,80
2,4,1,3,4,0.59710,0
2,4,1,4,0,0.36116,0
2,4,1,4,1,-0.39854,54
2,4,1,4,2,0.05948,0
2,4,1,4,3,-0.37910,148
2,4,1,4,4,0.62430,0
2,4,2,0,0,-0.22398,5
2,4,2,0,1,-0.25003,3
2,4,2,0,2,1.15935,14
2,4,2,0,3,-0.70778,14
2,4,2,0,4,-0.30266,4
2,4,2,1,0,0.00654,146
2,4,2,1,1,0.23103,1
2,4,2,1,2,0.95750,163
2,4,2,1,3,2.27623,14
2,4,2,1,4,0.03752,0
2,4,2,2,0,0.66225,62
2,4,2,2,1,1.41401,4
2,4,2,2,2,1.45608,49
2,4,2,2,3,2.32125,36
2,4,2,2,4,1.42273,4
2,4,2,3,0,-0.92722,63
2,4,2,3,1,0.98652,0
2,4,2,3,2,-0.85455,127
2,4,2,3,3,0.20701,39
2,4,2,3,4,0.96009,0
2,4,2,4,0,0.32341,103
2,4,2,4,1,1.30197,3
2,4,2,4,2,-0.07653,133
2,4,2,4,3,0.79469,72
2,4,2,4,4,0.87181,0
2,4,3,0,0,0.53326,0
2,4,3,0,1,-0.31485,23
2,4,3,0,2,-0.95066,5
2,4,3,0,3,-0.26840,7
2,4,3,0,4,-0.02476,79
2,4,3,1,0,-0.99647,28
2,4,3,1,1,-0.94480,115
2,4,3,1,2,-0.99987,28
2,4,3,1,3,-0.37488,122
2,4,3,1,4,-0.99988,23
2,4,3,2,0,-0.38800,21
2,4,3,2,1,-0.88047,59
2,4,3,2,2,1.79323,7
2,4,3,2,3,0.21074,76
2,4,3,2,4,0.59478,25
2,4,3,3,0,-0.54763,7
2,4,3,3,1,0.72227,32
2,4,3,3,2,0.45152,0
2,4,3,3,3,-0.21032,162
2,4,3,3,4,-0.10530,11
2,4,3,4,0,0.67513,7
2,4,3,4,1,-0.41506,203
2,4,3,4,2,0.33458,8
2,4,3,4,3,-0.29469,146
2,4,3,4,4,-0.99956,19
2,4,4,0,0,-0.43496,4
2,4,4,0,1,0.18335,4
2,4,4,0,2,-0.99311,90
2,4,4,0,3,0.58825,0
2,4,4,0,4,-0.85499,4
2,4,4,1,0,-0.99183,22
2,4,4,1,1,-0.99006,18
2,4,4,1,2,-1.11825,71
2,4,4,1,3,-0.98928,84
2,4,4,1,4,-0.99011,80
2,4,4,2,0,0.36844,0
2,4,4,2,1,0.16638,0
2,4,4,2,2,0.30647,13
2,4,4,2,3,1.50123,59
2,4,4,2,4,0.07634,186
2,4,4,3,0,-0.77367,4
2,4,4,3,1,1.01052,9
2,4,4,3,2,-0.92267,37
2,4,4,3,3,-0.26739,357
2,4,4,3,4,2.23486,154
2,4,4,4,0,-0.18082,3
2,4,4,4,1,2.24559,13
2,4,4,4,2,0.41911,27
2,4,4,4,3,3.24591,350
2,4,4,4,4,2.76854,182
3,0,0,0,0,0.22611,0
3,0,0,0,1,0.04067,0
3,0,0,0,2,0.56295,0
3,0,0,0,3,0.71648,0
3,0,0,0,4,0.21331,0
3,0,0,1,0,1.75238,59
3,0,0,1,1,0.85549,0
3,0,0,1,2,0.14247,0
3,0,0,1,3,2.25238,185
3,0,0,1,4,0.33650,0
3,0,0,2,0,0.88934,0
3,0,0,2,1,0.03520,0
3,0,0,2,2,0.82594,68
3,0,0,2,3,2.21047,60
3,0,0,2,4,0.28062,0
3,0,0,3,0,2.74131,57
3,0,0,3,1,0.06439,0
3,0,0,3,2,1.68061,2
3,0,0,3,3,2.74131,394
3,0,0,3,4,0.98841,0
3,0,0,4,0,0.41769,1
3,0,0,4,1,0.89078,0
3,0,0,4,2,1.33961,2
3,0,0,4,3,3.99998,169
3,0,0,4,4,0.20577,0
3,0,1,0,0,0.10915,0
3,0,1,0,1,0.37468,0
3,0,1,0,2,0.88103,0
3,0,1,0,3,1.68914,3
3,0,1,0,4,0.11502,0
3,0,1,1,0,2.68220,60
3,0,1,1,1,1.34717,503
3,0,1,1,2,0.77855,4457
3,0,1,1,3,-0.01235,1654
3,0,1,1,4,2.71994,55
3,0,1,2,0,2.62161,5
3,0,1,2,1,2.56027,2230
3,0,1,2,2,3.13923,13994
3,0,1,2,3,3.99959,5880
3,0,1,2,4,2.07475,174
3,0,1,3,0,3.73848,8
3,0,1,3,1,2.18235,3551
3,0,1,3,2,2.41115,18873
3,0,1,3,3,1.85556,8819
3,0,1,3,4,2.74861,194
3,0,1,4,0,0.53827,0
3,0,1,4,1,3.35963,1116
3,0,1,4,2,1.21546,6474
3,0,1,4,3,2.29893,2686
3,0,1,4,4,1.81133,82
3,0,2,0,0,0.27082,0
3,0,2,0,1,0.51017,1
3,0,2,0,2,0.52293,0
3,0,2,0,3,0.35842,1
3,0,2,0,4,0.33835,2
3,0,2,1,0,0.17721,13
3,0,2,1,1,0.71748,1214
3,0,2,1,2,0.71514,503
3,0,2,1,3,0.98284,243
3,0,2,1,4,2.39485,3223
3,0,2,2,0,1.19634,33
3,0,2,2,1,0.96237,4286
3,0,2,2,2,2.49788,1676
3,0,2,2,3,0.39417,990
3,0,2,2,4,-0.01357,10151
3,0,2,3,0,2.54997,17
3,0,2,3,1,1.61896,5923
3,0,2,3,2,0.62531,2098
3,0,2,3,3,2.80371,1447
3,0,2,3,4,2.11810,14058
3,0,2,4,0,2.64480,6
3,0,2,4,1,1.50248,2301
3,0,2,4,2,1.76509,1027
3,0,2,4,3,2.66189,473
3,0,2,4,4,1.56214,5666
3,0,3,0,0,0.16584,0
3,0,3,0,1,0.87868,0
3,0,3,0,2,0.16820,0
3,0,3,0,3,0.48676,0
3,0,3,0,4,0.27658,0
3,0,3,1,0,-0.58137,25
3,0,3,1,1,0.43355,374
3,0,3,1,2,0.02799,139
3,0,3,1,3,2.32870,148
3,0,3,1,4,-0.61752,17
3,0,3,2,0,0.75383,186
3,0,3,2,1,0.27454,1691
3,0,3,2,2,2.69939,626
3,0,3,2,3,0.02183,556
3,0,3,2,4,1.47815,71
3,0,3,3,0,1.82555,257
3,0,3,3,1,0.47843,2188
3,0,3,3,2,1.70266,835
3,0,3,3,3,-0.37805,677
3,0,3,3,4,1.57101,97
3,0,3,4,0,0.60367,72
3,0,3,4,1,0.52109,785
3,0,3,4,2,2.21121,275
3,0,3,4,3,0.98788,310
3,0,3,4,4,3.04138,34
3,0,4,0,0,-0.13032,4
3,0,4,0,1,0.65194,0
3,0,4,0,2,0.44292,0
3,0,4,0,3,0.58845,0
3,0,4,0,4,0.42500,0
3,0,4,1,0,-1.02116,83
3,0,4,1,1,-0.48675,30
3,0,4,1,2,-1.02129,108
3,0,4,1,3,-0.39984,258
3,0,4,1,4,-1.01850,90
3,0,4,2,0,-0.19010,378
3,0,4,2,1,0.66772,179
3,0,4,2,2,-0.41474,1309
3,0,4,2,3,-0.22140,1141
3,0,4,2,4,2.06470,1054
3,0,4,3,0,0.90079,528
3,0,4,3,1,1.23679,264
3,0,4,3,2,0.65500,1620
3,0,4,3,3,3.12455,1765
3,0,4,3,4,3.63767,1366
3,0,4,4,0,0.65231,100
3,0,4,4,1,0.35696,93
3,0,4,4,2,0.48595,912
3,0,4,4,3,0.37559,720
3,0,4,4,4,0.33589,509
3,1,0,0,0,1.15787,7
3,1,0,0,1,0.48552,0
3,1,0,0,2,0.37487,0
3,1,0,0,3,0.02063,0
3,1,0,0,4,0.21408,0
3,1,0,1,0,2.22178,1975
3,1,0,1,1,1.12766,3
3,1,0,1,2,1.15776,3
3,1,0,1,3,1.18706,237
3,1,0,1,4,0.29570,0
3,1,0,2,0,0.34939,12257
3,1,0,2,1,2.62040,18
3,1,0,2,2,2.49416,28
3,1,0,2,3,2.62701,1075
3,1,0,2,4,2.27352,11
3,1,0,3,0,0.86828,15176
3,1,0,3,1,2.31808,141
3,1,0,3,2,0.03487,13
3,1,0,3,3,2.31679,1543
3,1,0,3,4,1.75572,4
3,1,0,4,0,2.10504,2362
3,1,0,4,1,0.23490,0
3,1,0,4,2,4.99891,64
3,1,0,4,3,2.10504,190
3,1,0,4,4,1.47339,3
3,1,1,0,0,-0.57759,7
3,1,1,0,1,2.66141,75
3,1,1,0,2,-0.48906,18
3,1,1,0,3,-0.41924,396
3,1,1,0,4,-0.51791,32
3,1,1,1,0,1.68764,486
3,1,1,1,1,0.21769,3191
3,1,1,1,2,2.33618,2521
3,1,1,1,3,3.99676,53154
3,1,1,1,4,2.37382,2195
3,1,1,2,0,0.68013,1680
3,1,1,2,1,1.30754,24152
3,1,1,2,2,1.52628,13186
3,1,1,2,3,-0.49852,494160
3,1,1,2,4,3.06806,8226
3,1,1,3,0,2.16978,1200
3,1,1,3,1,-0.50047,32195
3,1,1,3,2,0.44163,14833
3,1,1,3,3,2.13450,581449
3,1,1,3,4,2.91055,10893
3,1,1,4,0,3.80332,193
3,1,1,4,1,0.60983,5020
3,1,1,4,2,0.71370,3915
3,1,1,4,3,0.52563,96296
3,1,1,4,4,3.03965,3044
3,1,2,0,0,-0.96694,35
3,1,2,0,1,-0.97519,53
3,1,2,0,2,-0.98440,92
3,1,2,0,3,2.21250,178
3,1,2,0,4,-0.03061,42
3,1,2,1,0,1.52960,2401
3,1,2,1,1,0.87736,12425
3,1,2,1,2,1.52196,6540
3,1,2,1,3,0.04850,15067
3,1,2,1,4,3.36862,617
3,1,2,2,0,1.74873,11402
3,1,2,2,1,2.64254,97723
3,1,2,2,2,1.91188,41864
3,1,2,2,3,0.52615,170441
3,1,2,2,4,0.43912,1882
3,1,2,3,0,2.89912,13530
3,1,2,3,1,1.01699,120623
3,1,2,3,2,0.62455,51889
3,1,2,3,3,3.41748,196044
3,1,2,3,4,0.51075,2123
3,1,2,4,0,0.29090,3644
3,1,2,4,1,2.57776,21864
3,1,2,4,2,1.55975,12647
3,1,2,4,3,-0.45966,28350
3,1,2,4,4,1.23280,568
3,1,3,0,0,-0.75428,10
3,1,3,0,1,-0.77493,15
3,1,3,0,2,-0.95433,10
3,1,3,0,3,3.04324,143
3,1,3,0,4,-0.79783,26
3,1,3,1,0,-1.00307,592
3,1,3,1,1,-1.00000,2140
3,1,3,1,2,-1.02715,1209
3,1,3,1,3,-0.98647,9567
3,1,3,1,4,-0.99998,535
3,1,3,2,0,0.43222,3545
3,1,3,2,1,0.87379,17788
3,1,3,2,2,1.25223,9030
3,1,3,2,3,2.62467,125701
3,1,3,2,4,2.37866,3618
3,1,3,3,0,2.74638,3692
3,1,3,3,1,2.15213,20172
3,1,3,3,2,1.65817,11915
3,1,3,3,3,3.09130,145415
3,1,3,3,4,2.70450,2817
3,1,3,4,0,1.04092,1135
3,1,3,4,1,-0.28522,3664
3,1,3,4,2,1.40811,2984
3,1,3,4,3,0.98168,20903
3,1,3,4,4,1.03736,851
3,1,4,0,0,-0.77607,8
3,1,4,0,1,0.55277,0
3,1,4,0,2,-0.38314,7
3,1,4,0,3,-0.71495,280
3,1,4,0,4,0.27163,0
3,1,4,1,0,-1.00062,815
3,1,4,1,1,-0.99782,159
3,1,4,1,2,-1.00013,892
3,1,4,1,3,1.25567,9876
3,1,4,1,4,-1.07733,98
3,1,4,2,0,0.65580,4971
3,1,4,2,1,-0.66683,1639
3,1,4,2,2,1.92259,6794
3,1,4,2,3,1.83182,148405
3,1,4,2,4,0.05760,390
3,1,4,3,0,-0.96164,5971
3,1,4,3,1,1.70787,1675
3,1,4,3,2,1.39634,7905
3,1,4,3,3,0.62276,168428
3,1,4,3,4,1.53991,102
3,1,4,4,0,-0.53395,1443
3,1,4,4,1,1.60224,215
3,1,4,4,2,0.52256,1445
3,1,4,4,3,2.95256,24677
3,1,4,4,4,1.70408,34
3,2,0,0,0,-0.19839,4
3,2,0,0,1,0.07025,10
3,2,0,0,2,-0.14815,3
3,2,0,0,3,0.17573,7
3,2,0,0,4,0.03214,3
3,2,0,1,0,1.11300,440
3,2,0,1,1,1.14961,882
3,2,0,1,2,0.34486,0
3,2,0,1,3,1.29935,676
3,2,0,1,4,0.39914,0
3,2,0,2,0,-0.08052,1376
3,2,0,2,1,2.48193,4108
3,2,0,2,2,0.05261,0
3,2,0,2,3,0.73320,5798
3,2,0,2,4,-0.18906,4
3,2,0,3,0,0.69530,2300
3,2,0,3,1,0.51847,4102
3,2,0,3,2,0.28314,0
3,2,0,3,3,0.00893,5485
3,2,0,3,4,1.06811,2
3,2,0,4,0,-0.11785,713
3,2,0,4,1,2.02089,989
3,2,0,4,2,0.88111,5
3,2,0,4,3,1.29370,1408
3,2,0,4,4,0.02786,0
3,2,1,0,0,-0.97587,108
3,2,1,0,1,0.26814,31
3,2,1,0,2,-0.97397,64
3,2,1,0,3,-0.50665,54
3,2,1,0,4,-0.97262,37
3,2,1,1,0,-0.77970,2141
3,2,1,1,1,1.49523,2707
3,2,1,1,2,-0.83086,4776
3,2,1,1,3,-0.99823,2719
3,2,1,1,4,-0.93246,1392
3,2,1,2,0,2.19975,5376
3,2,1,2,1,-0.64702,14371
3,2,1,2,2,0.71927,29283
3,2,1,2,3,-0.99849,19968
3,2,1,2,4,2.44713,2037
3,2,1,3,0,2.61601,6240
3,2,1,3,1,-0.70374,19035
3,2,1,3,2,2.27803,36436
3,2,1,3,3,2.37537,22229
3,2,1,3,4,-0.54740,2578
3,2,1,4,0,1.33359,2087
3,2,1,4,1,1.25515,4674
3,2,1,4,2,2.47475,7182
3,2,1,4,3,-0.57270,6089
3,2,1,4,4,3.60816,913
3,2,2,0,0,-0.91562,34
3,2,2,0,1,-0.90876,34
3,2,2,0,2,-0.92148,40
3,2,2,0,3,-0.63071,69
3,2,2,0,4,-0.89563,25
3,2,2,1,0,1.02632,3908
3,2,2,1,1,0.41344,1387
3,2,2,1,2,0.94789,1249
3,2,2,1,3,0.39364,9830
3,2,2,1,4,-0.96809,954
3,2,2,2,0,-0.66872,21813
3,2,2,2,1,1.24943,11852
3,2,2,2,2,1.45496,6897
3,2,2,2,3,1.12238,58024
3,2,2,2,4,0.21524,1887
3,2,2,3,0,1.70022,27347
3,2,2,3,1,0.17628,14548
3,2,2,3,2,0.84568,9846
3,2,2,3,3,2.04053,71319
3,2,2,3,4,1.35356,2158
3,2,2,4,0,1.48449,6318
3,2,2,4,1,1.16250,2243
3,2,2,4,2,2.19851,2079
3,2,2,4,3,1.26711,15323
3,2,2,4,4,3.37126,549
3,2,3,0,0,-0.87267,26
3,2,3,0,1,-0.97394,22
3,2,3,0,2,-0.95990,20
3,2,3,0,3,0.62819,54
3,2,3,0,4,-0.87865,39
3,2,3,1,0,-0.96410,623
3,2,3,1,1,-0.99979,3380
3,2,3,1,2,-1.00000,257
3,2,3,1,3,-0.97741,3558
3,2,3,1,4,-0.99983,968
3,2,3,2,0,1.44076,1939
3,2,3,2,1,0.09572,25814
3,2,3,2,2,0.00403,1384
3,2,3,2,3,2.57766,16381
3,2,3,2,4,-0.99814,3015
3,2,3,3,0,-0.68320,2636
3,2,3,3,1,1.13758,30938
3,2,3,3,2,1.64116,1351
3,2,3,3,3,0.03270,20678
3,2,3,3,4,-0.96498,3436
3,2,3,4,0,0.29016,1055
3,2,3,4,1,-0.03250,5565
3,2,3,4,2,0.23942,376
3,2,3,4,3,-0.39913,5236
3,2,3,4,4,0.71428,1120
3,2,4,0,0,-0.99860,65
3,2,4,0,1,-0.75008,7
3,2,4,0,2,-0.89997,86
3,2,4,0,3,1.13568,361
3,2,4,0,4,-0.75211,187
3,2,4,1,0,-1.09503,1263
3,2,4,1,1,-1.08393,832
3,2,4,1,2,-0.92623,1908
3,2,4,1,3,-1.00010,7145
3,2,4,1,4,-1.08815,472
3,2,4,2,0,-1.06061,5503
3,2,4,2,1,-0.95493,7643
3,2,4,2,2,1.11689,20031
3,2,4,2,3,-0.64210,62625
3,2,4,2,4,-1.04145,2262
3,2,4,3,0,-0.99469,6783
3,2,4,3,1,-0.58006,8008
3,2,4,3,2,-0.86170,23649
3,2,4,3,3,-0.99968,73099
3,2,4,3,4,-0.94723,2193
3,2,4,4,0,0.39518,2104
3,2,4,4,1,-0.87106,1867
3,2,4,4,2,-0.37456,4723
3,2,4,4,3,-0.99994,16392
3,2,4,4,4,1.32378,1005
3,3,0,0,0,-0.34142,7
3,3,0,0,1,-0.35954,13
3,3,0,0,2,-0.46725,6
3,3,0,0,3,-0.48479,10
3,3,0,0,4,-0.31913,3
3,3,0,1,0,0.99285,0
3,3,0,1,1,-0.41194,729
3,3,0,1,2,1.11271,12
3,3,0,1,3,0.47264,17
3,3,0,1,4,0.95692,337
3,3,0,2,0,0.46343,0
3,3,0,2,1,-0.22135,2380
3,3,0,2,2,0.88204,16
3,3,0,2,3,1.16041,25
3,3,0,2,4,1.41181,39
3,3,0,3,0,0.68875,0
3,3,0,3,1,-0.18103,1746
3,3,0,3,2,1.06874,45
3,3,0,3,3,-0.84040,27
3,3,0,3,4,1.70530,594
3,3,0,4,0,0.77534,1
3,3,0,4,1,1.45302,980
3,3,0,4,2,0.20305,13
3,3,0,4,3,2.45376,15
3,3,0,4,4,0.57090,73
3,3,1,0,0,-0.67631,8
3,3,1,0,1,-0.26732,7
3,3,1,0,2,-0.36472,30
3,3,1,0,3,-0.61282,113
3,3,1,0,4,-0.23590,23
3,3,1,1,0,-0.61086,349
3,3,1,1,1,2.26967,27
3,3,1,1,2,0.71417,1299
3,3,1,1,3,1.70054,8145
3,3,1,1,4,0.25917,2194
3,3,1,2,0,-0.07639,455
3,3,1,2,1,1.23802,43
3,3,1,2,2,1.70944,2952
3,3,1,2,3,3.38581,14316
3,3,1,2,4,1.44730,3560
3,3,1,3,0,1.07784,489
3,3,1,3,1,0.10930,35
3,3,1,3,2,0.55602,4703
3,3,1,3,3,0.61986,17296
3,3,1,3,4,5.40166,5328
3,3,1,4,0,-0.38740,468
3,3,1,4,1,1.10569,47
3,3,1,4,2,1.00676,1928
3,3,1,4,3,2.27717,10455
3,3,1,4,4,-0.34241,2961
3,3,2,0,0,-0.57626,10
3,3,2,0,1,-0.85013,67
3,3,2,0,2,-0.57808,29
3,3,2,0,3,-0.14227,55
3,3,2,0,4,-0.78196,14
3,3,2,1,0,-0.43664,491
3,3,2,1,1,1.54217,2551
3,3,2,1,2,-0.10497,129
3,3,2,1,3,2.79688,3966
3,3,2,1,4,0.96936,870
3,3,2,2,0,0.48476,488
3,3,2,2,1,0.03294,4376
3,3,2,2,2,0.89605,197
3,3,2,2,3,-0.63536,8274
3,3,2,2,4,0.04925,1059
3,3,2,3,0,2.09812,760
3,3,2,3,1,0.52321,5343
3,3,2,3,2,1.64502,131
3,3,2,3,3,0.89367,10706
3,3,2,3,4,-0.40756,961
3,3,2,4,0,1.02082,531
3,3,2,4,1,-0.23429,3479
3,3,2,4,2,2.00363,56
3,3,2,4,3,2.06208,5131
3,3,2,4,4,-0.96652,1105
3,3,3,0,0,-0.96128,45
3,3,3,0,1,-0.96091,76
3,3,3,0,2,-0.99972,26
3,3,3,0,3,-1.00032,111
3,3,3,0,4,-0.99871,87
3,3,3,1,0,-0.71251,1237
3,3,3,1,1,-1.00041,2369
3,3,3,1,2,-1.02194,230
3,3,3,1,3,-1.00055,2616
3,3,3,1,4,-1.00202,518
3,3,3,2,0,-0.12495,1623
3,3,3,2,1,-0.26934,6232
3,3,3,2,2,0.32225,360
3,3,3,2,3,0.11432,4702
3,3,3,2,4,-0.15173,1186
3,3,3,3,0,1.48079,1774
3,3,3,3,1,-0.03682,7323
3,3,3,3,2,-0.75984,577
3,3,3,3,3,0.41402,6161
3,3,3,3,4,-0.66160,1391
3,3,3,4,0,0.13572,1374
3,3,3,4,1,-0.12480,3904
3,3,3,4,2,0.06555,260
3,3,3,4,3,0.27557,3600
3,3,3,4,4,-0.77663,555
3,3,4,0,0,-0.43533,9
3,3,4,0,1,-0.94822,97
3,3,4,0,2,-0.94781,35
3,3,4,0,3,1.46926,361
3,3,4,0,4,0.57240,0
3,3,4,1,0,-1.07805,376
3,3,4,1,1,-1.06780,2512
3,3,4,1,2,-1.00654,600
3,3,4,1,3,2.25383,3986
3,3,4,1,4,-1.06780,143
3,3,4,2,0,-1.02596,315
3,3,4,2,1,-0.98539,3633
3,3,4,2,2,2.23300,729
3,3,4,2,3,-0.99949,6293
3,3,4,2,4,0.28409,215
3,3,4,3,0,-0.19884,555
3,3,4,3,1,-0.95369,3040
3,3,4,3,2,-0.94908,844
3,3,4,3,3,0.01605,9438
3,3,4,3,4,-0.88252,687
3,3,4,4,0,1.36769,372
3,3,4,4,1,0.13983,2745
3,3,4,4,2,-0.60812,434
3,3,4,4,3,-0.57447,6051
3,3,4,4,4,-0.78228,211
3,4,0,0,0,0.37222,0
3,4,0,0,1,0.48095,0
3,4,0,0,2,0.13237,0
3,4,0,0,3,0.60421,0
3,4,0,0,4,0.59224,0
3,4,0,1,0,0.07997,0
3,4,0,1,1,0.97676,0
3,4,0,1,2,0.61714,0
3,4,0,1,3,2.70065,128
3,4,0,1,4,0.29309,0
3,4,0,2,0,0.74549,0
3,4,0,2,1,0.89886,0
3,4,0,2,2,0.95759,0
3,4,0,2,3,1.34554,200
3,4,0,2,4,0.46072,0
3,4,0,3,0,0.07348,0
3,4,0,3,1,-0.49391,2
3,4,0,3,2,0.51147,0
3,4,0,3,3,1.23096,180
3,4,0,3,4,0.30795,0
3,4,0,4,0,0.71890,0
3,4,0,4,1,0.43696,3
3,4,0,4,2,0.59008,0
3,4,0,4,3,2.02192,543
3,4,0,4,4,0.84255,0
3,4,1,0,0,-0.26853,15
3,4,1,0,1,0.96182,18
3,4,1,0,2,-0.24503,3
3,4,1,0,3,-0.08126,5
3,4,1,0,4,-0.29793,5
3,4,1,1,0,0.32575,53
3,4,1,1,1,1.33890,578
3,4,1,1,2,3.08884,234
3,4,1,1,3,1.56414,86
3,4,1,1,4,0.63248,0
3,4,1,2,0,-0.12644,15
3,4,1,2,1,-0.13722,236
3,4,1,2,2,1.99664,124
3,4,1,2,3,-0.99681,55
3,4,1,2,4,0.49347,0
3,4,1,3,0,0.24173,35
3,4,1,3,1,0.15878,891
3,4,1,3,2,0.56534,445
3,4,1,3,3,-0.57955,15
3,4,1,3,4,0.76957,0
3,4,1,4,0,1.50268,71
3,4,1,4,1,-0.04044,483
3,4,1,4,2,2.70392,501
3,4,1,4,3,1.92157,22
3,4,1,4,4,0.58832,0
3,4,2,0,0,-0.47685,4
3,4,2,0,1,0.16409,4
3,4,2,0,2,-0.39326,8
3,4,2,0,3,1.95930,10
3,4,2,0,4,-0.42833,3
3,4,2,1,0,0.39346,0
3,4,2,1,1,-0.03419,6
3,4,2,1,2,-0.32385,315
3,4,2,1,3,3.16510,295
3,4,2,1,4,-0.47716,216
3,4,2,2,0,0.44188,0
3,4,2,2,1,0.07031,0
3,4,2,2,2,1.25151,86
3,4,2,2,3,0.70973,176
3,4,2,2,4,-0.01020,50
3,4,2,3,0,0.06330,0
3,4,2,3,1,-0.15659,2
3,4,2,3,2,-0.99570,58
3,4,2,3,3,-0.53519,290
3,4,2,3,4,0.05554,94
3,4,2,4,0,0.89390,0
3,4,2,4,1,0.42098,0
3,4,2,4,2,1.25258,342
3,4,2,4,3,1.85113,295
3,4,2,4,4,-0.70723,99
3,4,3,0,0,0.21862,4
3,4,3,0,1,0.22164,9
3,4,3,0,2,-0.94156,17
3,4,3,0,3,2.24412,52
3,4,3,0,4,0.50414,0
3,4,3,1,0,-0.99990,166
3,4,3,1,1,-0.73430,17
3,4,3,1,2,-0.99911,19
3,4,3,1,3,3.57239,271
3,4,3,1,4,-0.88477,101
3,4,3,2,0,2.97751,175
3,4,3,2,1,-0.54955,9
3,4,3,2,2,1.13196,41
3,4,3,2,3,-0.51617,222
3,4,3,2,4,2.67056,12
3,4,3,3,0,-0.23406,203
3,4,3,3,1,-0.41224,33
3,4,3,3,2,1.02542,15
3,4,3,3,3,-0.41934,222
3,4,3,3,4,0.14775,0
3,4,3,4,0,0.80567,205
3,4,3,4,1,2.40706,30
3,4,3,4,2,0.38108,0
3,4,3,4,3,1.36798,400
3,4,3,4,4,2.40073,5
3,4,4,0,0,1.02537,56
3,4,4,0,1,0.16632,32
3,4,4,0,2,-0.93987,11
3,4,4,0,3,0.65574,91
3,4,4,0,4,0.83728,322
3,4,4,1,0,-1.00892,120
3,4,4,1,1,-1.00670,98
3,4,4,1,2,-1.00886,63
3,4,4,1,3,2.64179,224
3,4,4,1,4,-0.68782,114
3,4,4,2,0,-0.62427,81
3,4,4,2,1,-0.83052,146
3,4,4,2,2,-0.78245,27
3,4,4,2,3,1.66601,184
3,4,4,2,4,-0.74234,302
3,4,4,3,0,-0.88015,218
3,4,4,3,1,-0.65051,68
3,4,4,3,2,1.96391,30
3,4,4,3,3,2.44376,262
3,4,4,3,4,-0.91145,512
3,4,4,4,0,-0.40373,464
3,4,4,4,1,0.74964,82
3,4,4,4,2,-0.34205,52
3,4,4,4,3,-0.27578,469
3,4,4,4,4,0.97790,685
4,0,0,0,0,0.13709,0
4,0,0,0,1,0.35248,0
4,0,0,0,2,0.35681,0
4,0,0,0,3,0.74672,0
4,0,0,0,4,0.70270,0
4,0,0,1,0,0.61111,0
4,0,0,1,1,0.49523,0
4,0,0,1,2,0.22363,0
4,0,0,1,3,0.00774,1
4,0,0,1,4,0.07376,1
4,0,0,2,0,0.96856,0
4,0,0,2,1,4.52509,2
4,0,0,2,2,0.51352,0
4,0,0,2,3,7.00000,606
4,0,0,2,4,8.00000,122
4,0,0,3,0,0.50179,0
4,0,0,3,1,0.70461,0
4,0,0,3,2,2.97411,62
4,0,0,3,3,1.74131,562
4,0,0,3,4,7.99920,241
4,0,0,4,0,0.88074,0
4,0,0,4,1,0.24440,0
4,0,0,4,2,0.42291,0
4,0,0,4,3,2.25473,125
4,0,0,4,4,0.15347,0
4,0,1,0,0,0.98008,0
4,0,1,0,1,0.30111,0
4,0,1,0,2,0.60772,0
4,0,1,0,3,4.00019,134
4,0,1,0,4,0.59694,0
4,0,1,1,0,0.27578,0
4,0,1,1,1,4.99961,1973
4,0,1,1,2,0.62280,601
4,0,1,1,3,1.73697,12008
4,0,1,1,4,3.75736,29
4,0,1,2,0,0.30272,0
4,0,1,2,1,3.85097,7522
4,0,1,2,2,3.48409,1813
4,0,1,2,3,4.00022,38395
4,0,1,2,4,3.49241,240
4,0,1,3,0,0.51363,0
4,0,1,3,1,3.69959,9333
4,0,1,3,2,3.41047,3054
4,0,1,3,3,3.27424,49821
4,0,1,3,4,3.83470,263
4,0,1,4,0,0.90791,0
4,0,1,4,1,2.05096,1650
4,0,1,4,2,3.86001,1233
4,0,1,4,3,3.32650,17923
4,0,1,4,4,3.68260,107
4,0,2,0,0,0.08362,3
4,0,2,0,1,-0.48637,7
4,0,2,0,2,-0.01319,7
4,0,2,0,3,-0.12743,5
4,0,2,0,4,0.48461,20
4,0,2,1,0,2.29262,6
4,0,2,1,1,2.49256,1450
4,0,2,1,2,2.32486,1013
4,0,2,1,3,3.86660,504
4,0,2,1,4,3.87802,5176
4,0,2,2,0,2.74555,62
4,0,2,2,1,1.07105,1566
4,0,2,2,2,1.05711,3204
4,0,2,2,3,1.85820,1354
4,0,2,2,4,3.58848,15170
4,0,2,3,0,2.47825,35
4,0,2,3,1,3.09357,2091
4,0,2,3,2,3.68175,5060
4,0,2,3,3,3.95810,1569
4,0,2,3,4,1.76665,19567
4,0,2,4,0,1.98620,6
4,0,2,4,1,4.97516,1296
4,0,2,4,2,1.98351,1804
4,0,2,4,3,3.97102,477
4,0,2,4,4,3.97177,7250
4,0,3,0,0,0.40992,0
4,0,3,0,1,0.46993,0
4,0,3,0,2,0.32333,2
4,0,3,0,3,0.23949,21
4,0,3,0,4,0.35859,9
4,0,3,1,0,-0.65131,74
4,0,3,1,1,0.93539,2394
4,0,3,1,2,-0.70559,2065
4,0,3,1,3,0.41573,2188
4,0,3,1,4,-0.55163,978
4,0,3,2,0,3.39287,266
4,0,3,2,1,3.74661,8060
4,0,3,2,2,1.45427,9443
4,0,3,2,3,3.95027,8697
4,0,3,2,4,1.95704,3107
4,0,3,3,0,2.54677,339
4,0,3,3,1,3.30872,10790
4,0,3,3,2,2.65519,12051
4,0,3,3,3,3.88372,10451
4,0,3,3,4,2.24584,4276
4,0,3,4,0,3.88142,75
4,0,3,4,1,3.35515,3557
4,0,3,4,2,2.64562,4646
4,0,3,4,3,3.99565,2983
4,0,3,4,4,1.92399,1455
4,0,4,0,0,0.44396,0
4,0,4,0,1,0.47947,0
4,0,4,0,2,1.17181,46
4,0,4,0,3,1.89575,45
4,0,4,0,4,0.05328,0
4,0,4,1,0,-0.98736,32
4,0,4,1,1,-0.83647,143
4,0,4,1,2,-0.24070,2682
4,0,4,1,3,3.02704,8692
4,0,4,1,4,-0.97686,284
4,0,4,2,0,1.56274,208
4,0,4,2,1,1.28562,293
4,0,4,2,2,0.62573,18326
4,0,4,2,3,2.31365,41819
4,0,4,2,4,2.69690,1072
4,0,4,3,0,3.86391,132
4,0,4,3,1,1.41279,393
4,0,4,3,2,1.14452,21852
4,0,4,3,3,2.25028,50358
4,0,4,3,4,3.52018,1797
4,0,4,4,0,1.45824,8
4,0,4,4,1,1.50541,62
4,0,4,4,2,3.63401,7193
4,0,4,4,3,0.89446,12119
4,0,4,4,4,2.02290,463
4,1,0,0,0,-0.16252,4
4,1,0,0,1,0.27889,0
4,1,0,0,2,0.14469,0
4,1,0,0,3,1.04684,62
4,1,0,0,4,0.06245,241
4,1,0,1,0,0.24886,0
4,1,0,1,1,4.18742,28
4,1,0,1,2,3.81866,8
4,1,0,1,3,3.83034,5186
4,1,0,1,4,5.44045,6418
4,1,0,2,0,0.68183,0
4,1,0,2,1,4.41840,137
4,1,0,2,2,3.77375,74
4,1,0,2,3,4.10102,47000
4,1,0,2,4,4.96803,17413
4,1,0,3,0,0.34593,0
4,1,0,3,1,1.07478,209
4,1,0,3,2,2.25585,163
4,1,0,3,3,1.28158,55037
4,1,0,3,4,1.67522,16524
4,1,0,4,0,0.35267,0
4,1,0,4,1,5.53597,74
4,1,0,4,2,6.98132,23
4,1,0,4,3,6.99959,8720
4,1,0,4,4,7.99945,3951
4,1,1,0,0,-0.88273,5
4,1,1,0,1,-0.59029,33
4,1,1,0,2,-0.98870,13
4,1,1,0,3,3.99974,906
4,1,1,0,4,-0.93949,35
4,1,1,1,0,3.43348,9
4,1,1,1,1,2.27950,15572
4,1,1,1,2,3.04257,2251
4,1,1,1,3,0.87734,135675
4,1,1,1,4,1.72201,5826
4,1,1,2,0,1.99446,73
4,1,1,2,1,3.87627,133836
4,1,1,2,2,1.45191,9873
4,1,1,2,3,-0.59693,1113265
4,1,1,2,4,2.50664,13555
4,1,1,3,0,2.03556,58
4,1,1,3,1,1.95003,159092
4,1,1,3,2,1.20847,14033
4,1,1,3,3,1.34134,1315541
4,1,1,3,4,2.73503,14719
4,1,1,4,0,2.52624,11
4,1,1,4,1,2.06974,23573
4,1,1,4,2,3.84386,3922
4,1,1,4,3,3.99946,213928
4,1,1,4,4,2.38931,4151
4,1,2,0,0,-0.96056,97
4,1,2,0,1,-0.71186,33
4,1,2,0,2,-0.82147,42
4,1,2,0,3,3.70537,508
4,1,2,0,4,-0.86649,86
4,1,2,1,0,0.45638,4245
4,1,2,1,1,1.56789,1006
4,1,2,1,2,3.83796,1943
4,1,2,1,3,2.61067,65395
4,1,2,1,4,0.77699,6787
4,1,2,2,0,2.61295,21399
4,1,2,2,1,0.73010,6465
4,1,2,2,2,1.30559,15339
4,1,2,2,3,-0.67512,667995
4,1,2,2,4,2.48721,15243
4,1,2,3,0,3.07165,27808
4,1,2,3,1,2.56055,9027
4,1,2,3,2,1.26216,18957
4,1,2,3,3,2.12972,792515
4,1,2,3,4,1.81242,15985
4,1,2,4,0,1.52250,7469
4,1,2,4,1,3.74423,1206
4,1,2,4,2,0.74563,3933
4,1,2,4,3,1.07111,113462
4,1,2,4,4,1.22741,5160
4,1,3,0,0,-0.96860,23
4,1,3,0,1,-0.96920,48
4,1,3,0,2,-0.96861,56
4,1,3,0,3,-0.95984,633
4,1,3,0,4,-0.96988,175
4,1,3,1,0,-1.01452,645
4,1,3,1,1,-0.95562,15912
4,1,3,1,2,-0.99834,7795
4,1,3,1,3,-0.69152,87533
4,1,3,1,4,-0.99386,3909
4,1,3,2,0,0.29916,2860
4,1,3,2,1,3.30668,187848
4,1,3,2,2,1.58541,50226
4,1,3,2,3,-0.65595,1004134
4,1,3,2,4,1.89681,14217
4,1,3,3,0,2.58192,4599
4,1,3,3,1,1.47651,239895
4,1,3,3,2,1.42019,62138
4,1,3,3,3,1.46261,1174296
4,1,3,3,4,1.62554,14505
4,1,3,4,0,1.47600,1200
4,1,3,4,1,1.90415,33057
4,1,3,4,2,1.38748,14557
4,1,3,4,3,-0.63991,158755
4,1,3,4,4,3.36627,4626
4,1,4,0,0,0.32321,0
4,1,4,0,1,0.64031,9
4,1,4,0,2,0.96000,97
4,1,4,0,3,1.22391,1386
4,1,4,0,4,-0.08027,27
4,1,4,1,0,-1.03111,267
4,1,4,1,1,-0.99786,2116
4,1,4,1,2,-0.70973,16129
4,1,4,1,3,0.56732,169972
4,1,4,1,4,-1.03247,878
4,1,4,2,0,-0.31345,2377
4,1,4,2,1,0.94963,13447
4,1,4,2,2,0.19719,134857
4,1,4,2,3,2.01176,1833689
4,1,4,2,4,0.55790,6714
4,1,4,3,0,-0.17526,3349
4,1,4,3,1,1.69415,19275
4,1,4,3,2,1.04680,179050
4,1,4,3,3,0.56698,2145390
4,1,4,3,4,1.05492,4957
4,1,4,4,0,-0.16109,918
4,1,4,4,1,1.32280,3454
4,1,4,4,2,2.01868,37273
4,1,4,4,3,2.16229,297586
4,1,4,4,4,0.04448,1726
4,2,0,0,0,0.40663,0
4,2,0,0,1,-0.62608,19
4,2,0,0,2,2.37439,20
4,2,0,0,3,0.10200,0
4,2,0,0,4,0.39430,0
4,2,0,1,0,0.98279,0
4,2,0,1,1,0.38609,1687
4,2,0,1,2,1.79012,820
4,2,0,1,3,-0.70768,18
4,2,0,1,4,-0.61029,6
4,2,0,2,0,1.58815,3
4,2,0,2,1,1.65906,11019
4,2,0,2,2,3.99392,6127
4,2,0,2,3,0.70737,78
4,2,0,2,4,1.06002,52
4,2,0,3,0,-0.01828,6
4,2,0,3,1,2.28070,11458
4,2,0,3,2,2.15247,7822
4,2,0,3,3,2.50882,139
4,2,0,3,4,2.01368,120
4,2,0,4,0,0.97390,0
4,2,0,4,1,5.74882,1869
4,2,0,4,2,2.79081,1254
4,2,0,4,3,6.95906,34
4,2,0,4,4,7.99810,66
4,2,1,0,0,-0.92260,25
4,2,1,0,1,0.43203,60
4,2,1,0,2,-0.95411,16
4,2,1,0,3,-0.95652,50
4,2,1,0,4,-0.95939,80
4,2,1,1,0,-0.84761,668
4,2,1,1,1,3.43779,17182
4,2,1,1,2,-0.76497,655
4,2,1,1,3,3.96610,5215
4,2,1,1,4,0.36292,1542
4,2,1,2,0,3.76765,3989
4,2,1,2,1,3.93893,161444
4,2,1,2,2,3.53911,4563
4,2,1,2,3,3.20290,33838
4,2,1,2,4,2.31628,6714
4,2,1,3,0,2.64256,5780
4,2,1,3,1,3.99849,200880
4,2,1,3,2,3.37117,6401
4,2,1,3,3,3.99849,42499
4,2,1,3,4,3.32592,7209
4,2,1,4,0,2.65789,1017
4,2,1,4,1,0.67592,29633
4,2,1,4,2,2.34790,881
4,2,1,4,3,3.56324,9041
4,2,1,4,4,1.91280,1491
4,2,2,0,0,-1.00563,20
4,2,2,0,1,0.96345,42
4,2,2,0,2,-1.01205,58
4,2,2,0,3,-1.01856,52
4,2,2,0,4,-0.99855,60
4,2,2,1,0,1.11909,75
4,2,2,1,1,1.54024,9240
4,2,2,1,2,0.18426,1844
4,2,2,1,3,2.94910,954
4,2,2,1,4,0.04308,3408
4,2,2,2,0,0.18139,232
4,2,2,2,1,3.54134,69109
4,2,2,2,2,3.60802,11392
4,2,2,2,3,2.76113,2835
4,2,2,2,4,1.81722,7695
4,2,2,3,0,1.89803,401
4,2,2,3,1,3.53345,91358
4,2,2,3,2,3.47022,13577
4,2,2,3,3,3.42843,4279
4,2,2,3,4,1.87884,7947
4,2,2,4,0,2.48476,75
4,2,2,4,1,3.58058,15192
4,2,2,4,2,0.92645,2847
4,2,2,4,3,3.64267,623
4,2,2,4,4,0.56634,1921
4,2,3,0,0,-0.97615,32
4,2,3,0,1,-0.90516,126
4,2,3,0,2,-0.90518,75
4,2,3,0,3,2.32541,142
4,2,3,0,4,0.50778,163
4,2,3,1,0,-1.00791,739
4,2,3,1,1,-0.99833,22657
4,2,3,1,2,-0.99014,1903
4,2,3,1,3,1.56892,4825
4,2,3,1,4,-0.78586,1224
4,2,3,2,0,0.81337,3529
4,2,3,2,1,2.03776,203318
4,2,3,2,2,-0.65767,9372
4,2,3,2,3,0.46238,31904
4,2,3,2,4,-0.68294,3595
4,2,3,3,0,3.48838,6452
4,2,3,3,1,0.86948,269644
4,2,3,3,2,2.93117,12326
4,2,3,3,3,0.66450,39190
4,2,3,3,4,-0.37184,4152
4,2,3,4,0,0.29287,1732
4,2,3,4,1,3.41051,45712
4,2,3,4,2,1.40603,2748
4,2,3,4,3,3.44305,6352
4,2,3,4,4,-0.71268,1081
4,2,4,0,0,0.70839,59
4,2,4,0,1,-0.57690,56
4,2,4,0,2,-0.59611,898
4,2,4,0,3,0.55982,1426
4,2,4,0,4,0.26552,0
4,2,4,1,0,-1.05451,1027
4,2,4,1,1,-1.00235,10295
4,2,4,1,2,1.04560,79115
4,2,4,1,3,-0.81892,48933
4,2,4,1,4,-1.05547,365
4,2,4,2,0,0.20149,386067
4,2,4,2,1,1.01701,58342
4,2,4,2,2,2.71811,430533
4,2,4,2,3,0.26865,301846
4,2,4,2,4,0.20771,386195
4,2,4,3,0,-0.22679,4284
4,2,4,3,1,-0.32582,76432
4,2,4,3,2,0.98250,525236
4,2,4,3,3,1.31001,361766
4,2,4,3,4,-0.08100,1477
4,2,4,4,0,-0.14016,2179
4,2,4,4,1,0.25311,15660
4,2,4,4,2,2.45609,118922
4,2,4,4,3,-0.98164,79765
4,2,4,4,4,0.00413,140
4,3,0,0,0,-0.13280,3
4,3,0,0,1,-0.62220,8
4,3,0,0,2,-0.20536,2
4,3,0,0,3,-0.69616,6
4,3,0,0,4,-0.88293,274
4,3,0,1,0,0.55600,122
4,3,0,1,1,-0.80310,1774
4,3,0,1,2,5.43225,3
4,3,0,1,3,0.55654,9
4,3,0,1,4,-0.59200,4085
4,3,0,2,0,4.38421,9
4,3,0,2,1,0.86730,3326
4,3,0,2,2,0.77293,0
4,3,0,2,3,0.64583,1
4,3,0,2,4,7.99848,5601
4,3,0,3,0,3.07901,6
4,3,0,3,1,2.77567,2285
4,3,0,3,2,2.89386,16
4,3,0,3,3,0.30094,0
4,3,0,3,4,2.83330,9264
4,3,0,4,0,6.10838,99
4,3,0,4,1,0.91374,1235
4,3,0,4,2,0.28784,3
4,3,0,4,3,0.09651,0
4,3,0,4,4,6.81117,3306
4,3,1,0,0,0.44542,140
4,3,1,0,1,-0.99542,287
4,3,1,0,2,-0.98234,27
4,3,1,0,3,1.75845,163
4,3,1,0,4,-0.98201,482
4,3,1,1,0,0.65410,5467
4,3,1,1,1,-0.48456,11926
4,3,1,1,2,1.19274,516
4,3,1,1,3,2.51198,5579
4,3,1,1,4,0.49060,14310
4,3,1,2,0,3.95859,10853
4,3,1,2,1,2.47185,25393
4,3,1,2,2,3.32427,1676
4,3,1,2,3,3.99853,11425
4,3,1,2,4,2.58908,21822
4,3,1,3,0,2.51167,12471
4,3,1,3,1,-0.52575,31138
4,3,1,3,2,0.34886,1714
4,3,1,3,3,2.48291,13343
4,3,1,3,4,3.99956,22907
4,3,1,4,0,2.35037,9362
4,3,1,4,1,2.19907,18327
4,3,1,4,2,3.56504,461
4,3,1,4,3,-0.99771,10108
4,3,1,4,4,3.99918,17521
4,3,2,0,0,-0.94294,30
4,3,2,0,1,-0.94401,22
4,3,2,0,2,-0.95324,35
4,3,2,0,3,-0.23187,306
4,3,2,0,4,-0.94536,19
4,3,2,1,0,-0.83801,562
4,3,2,1,1,1.92050,1652
4,3,2,1,2,2.20834,1067
4,3,2,1,3,2.28195,15540
4,3,2,1,4,-0.56269,12
4,3,2,2,0,0.54646,750
4,3,2,2,1,1.08153,4527
4,3,2,2,2,1.00893,3605
4,3,2,2,3,1.83275,26816
4,3,2,2,4,0.97936,8
4,3,2,3,0,-0.25812,1323
4,3,2,3,1,1.15673,5771
4,3,2,3,2,0.19628,5799
4,3,2,3,3,3.26103,30030
4,3,2,3,4,0.70942,16
4,3,2,4,0,3.21222,1273
4,3,2,4,1,3.43699,2819
4,3,2,4,2,1.36496,1787
4,3,2,4,3,-0.09885,21174
4,3,2,4,4,2.31684,14
4,3,3,0,0,-0.99355,19
4,3,3,0,1,-0.53841,105
4,3,3,0,2,-0.98043,113
4,3,3,0,3,-0.68231,441
4,3,3,0,4,-0.99024,15
4,3,3,1,0,-1.00785,577
4,3,3,1,1,-0.96631,3755
4,3,3,1,2,-0.70406,3590
4,3,3,1,3,-0.98331,12534
4,3,3,1,4,-1.00000,1363
4,3,3,2,0,-0.20701,938
4,3,3,2,1,-0.72117,8844
4,3,3,2,2,0.10883,8389
4,3,3,2,3,0.47835,23395
4,3,3,2,4,1.19615,2606
4,3,3,3,0,0.45277,1400
4,3,3,3,1,-0.94604,10006
4,3,3,3,2,2.47579,10243
4,3,3,3,3,-0.80325,29039
4,3,3,3,4,2.16637,4031
4,3,3,4,0,3.07394,545
4,3,3,4,1,1.90666,5844
4,3,3,4,2,1.08358,5267
4,3,3,4,3,2.05287,22567
4,3,3,4,4,1.57462,2846
4,3,4,0,0,1.40854,743
4,3,4,0,1,-0.63965,115
4,3,4,0,2,-0.72536,570
4,3,4,0,3,0.64522,1860
4,3,4,0,4,0.89027,257
4,3,4,1,0,-1.04975,16666
4,3,4,1,1,-1.04984,7811
4,3,4,1,2,0.19414,36175
4,3,4,1,3,-0.99073,60181
4,3,4,1,4,-1.04989,531
4,3,4,2,0,-1.02774,17897
4,3,4,2,1,-0.29341,13195
4,3,4,2,2,0.20149,69398
4,3,4,2,3,-0.11431,94333
4,3,4,2,4,-0.75822,881
4,3,4,3,0,-0.40988,17896
4,3,4,3,1,1.43458,14700
4,3,4,3,2,0.24631,91102
4,3,4,3,3,1.22488,122255
4,3,4,3,4,0.41857,1041
4,3,4,4,0,-0.05557,22194
4,3,4,4,1,1.73093,11564
4,3,4,4,2,1.03420,50827
4,3,4,4,3,2.42541,95500
4,3,4,4,4,0.02552,184
4,4,0,0,0,0.08532,8
4,4,0,0,1,-0.26462,7
4,4,0,0,2,-0.83869,28
4,4,0,0,3,1.16742,14
4,4,0,0,4,-0.03195,5
4,4,0,1,0,5.80254,8
4,4,0,1,1,5.41685,4
4,4,0,1,2,5.34831,293
4,4,0,1,3,0.63798,0
4,4,0,1,4,7.99848,2079
4,4,0,2,0,0.90985,0
4,4,0,2,1,2.41030,3
4,4,0,2,2,5.20077,93
4,4,0,2,3,0.70589,0
4,4,0,2,4,2.14929,495
4,4,0,3,0,0.21269,0
4,4,0,3,1,6.76158,6
4,4,0,3,2,3.01769,86
4,4,0,3,3,0.95722,4
4,4,0,3,4,7.99659,1089
4,4,0,4,0,0.59234,0
4,4,0,4,1,-0.51733,4
4,4,0,4,2,6.20370,101
4,4,0,4,3,0.31318,0
4,4,0,4,4,7.99702,979
4,4,1,0,0,2.25694,143
4,4,1,0,1,-0.98699,64
4,4,1,0,2,-0.98730,82
4,4,1,0,3,-0.98306,97
4,4,1,0,4,-0.98730,125
4,4,1,1,0,1.46662,1181
4,4,1,1,1,0.21662,529
4,4,1,1,2,3.86921,1015
4,4,1,1,3,0.62215,1746
4,4,1,1,4,1.55493,61
4,4,1,2,0,1.97955,1012
4,4,1,2,1,1.13382,566
4,4,1,2,2,2.44047,556
4,4,1,2,3,2.68341,1076
4,4,1,2,4,0.71939,4
4,4,1,3,0,2.47717,1624
4,4,1,3,1,3.60809,434
4,4,1,3,2,2.80579,1152
4,4,1,3,3,3.92325,1924
4,4,1,3,4,3.80151,8
4,4,1,4,0,3.99781,1946
4,4,1,4,1,3.57522,760
4,4,1,4,2,2.38082,1555
4,4,1,4,3,3.99941,3257
4,4,1,4,4,3.74955,4
4,4,2,0,0,-0.16078,11
4,4,2,0,1,0.61387,31
4,4,2,0,2,0.07933,0
4,4,2,0,3,-0.24909,78
4,4,2,0,4,0.05195,7
4,4,2,1,0,-0.30518,265
4,4,2,1,1,1.49639,281
4,4,2,1,2,0.06960,0
4,4,2,1,3,2.09494,662
4,4,2,1,4,2.58259,322
4,4,2,2,0,3.47266,210
4,4,2,2,1,0.76432,224
4,4,2,2,2,1.74366,2
4,4,2,2,3,3.10364,281
4,4,2,2,4,3.15716,485
4,4,2,3,0,2.41588,243
4,4,2,3,1,2.50032,277
4,4,2,3,2,3.40302,5
4,4,2,3,3,3.46843,599
4,4,2,3,4,0.79393,107
4,4,2,4,0,2.59131,216
4,4,2,4,1,1.59218,410
4,4,2,4,2,2.84969,5
4,4,2,4,3,2.74075,1032
4,4,2,4,4,-0.52537,511
4,4,3,0,0,-0.69392,12
4,4,3,0,1,-0.71375,2
4,4,3,0,2,0.93513,59
4,4,3,0,3,2.05491,157
4,4,3,0,4,-0.67848,13
4,4,3,1,0,-0.99568,46
4,4,3,1,1,-0.06693,47
4,4,3,1,2,-0.75138,434
4,4,3,1,3,2.12772,1089
4,4,3,1,4,-0.95337,223
4,4,3,2,0,0.44227,101
4,4,3,2,1,3.47308,43
4,4,3,2,2,2.51526,296
4,4,3,2,3,2.18027,806
4,4,3,2,4,0.09566,236
4,4,3,3,0,1.23179,115
4,4,3,3,1,3.81316,27
4,4,3,3,2,2.93745,440
4,4,3,3,3,3.59928,1156
4,4,3,3,4,0.73176,150
4,4,3,4,0,1.79964,46
4,4,3,4,1,2.01031,77
4,4,3,4,2,1.06501,548
4,4,3,4,3,-0.96004,2123
4,4,3,4,4,0.79799,129
4,4,4,0,0,-0.45349,163
4,4,4,0,1,-0.65494,86
4,4,4,0,2,-0.68361,40
4,4,4,0,3,1.22469,769
4,4,4,0,4,0.49741,30
4,4,4,1,0,-0.99731,1136
4,4,4,1,1,-1.00457,932
4,4,4,1,2,-1.00071,409
4,4,4,1,3,3.19172,5649
4,4,4,1,4,-1.01642,427
4,4,4,2,0,1.45444,584
4,4,4,2,1,-0.29118,600
4,4,4,2,2,-0.22614,195
4,4,4,2,3,-0.08508,4231
4,4,4,2,4,0.10817,820
4,4,4,3,0,2.42972,868
4,4,4,3,1,0.41543,1249
4,4,4,3,2,1.32597,326
4,4,4,3,3,-0.01177,7567
4,4,4,3,4,0.26885,519
4,4,4,4,0,-0.14603,1674
4,4,4,4,1,-0.02585,1755
4,4,4,4,2,0.01316,527
4,4,4,4,3,-0.75191,9874
4,4,4,4,4,-0.45595,320
