3125
5
0,0,0,0,0,0.96009,0
0,0,0,0,1,0.73493,0
0,0,0,0,2,0.10888,0
0,0,0,0,3,0.04585,0
0,0,0,0,4,0.60925,0
0,0,0,1,0,0.94287,0
0,0,0,1,1,0.12380,0
0,0,0,1,2,0.07572,0
0,0,0,1,3,0.88287,0
0,0,0,1,4,0.23007,0
0,0,0,2,0,0.39879,0
0,0,0,2,1,0.75165,0
0,0,0,2,2,0.83717,0
0,0,0,2,3,0.49030,0
0,0,0,2,4,0.34601,0
0,0,0,3,0,0.61100,0
0,0,0,3,1,0.56313,0
0,0,0,3,2,0.08207,0
0,0,0,3,3,0.35585,0
0,0,0,3,4,0.25360,0
0,0,0,4,0,0.70507,0
0,0,0,4,1,0.76762,0
0,0,0,4,2,0.15427,0
0,0,0,4,3,0.32411,0
0,0,0,4,4,0.79494,0
0,0,1,0,0,0.18104,0
0,0,1,0,1,0.75918,0
0,0,1,0,2,0.95141,0
0,0,1,0,3,0.31307,0
0,0,1,0,4,0.42548,0
0,0,1,1,0,0.21991,4
0,0,1,1,1,-1.22562,69
0,0,1,1,2,-0.99772,193
0,0,1,1,3,-1.33404,16
0,0,1,1,4,0.65952,3
0,0,1,2,0,-1.01589,11
0,0,1,2,1,-0.01949,134
0,0,1,2,2,1.26566,322
0,0,1,2,3,-0.05678,51
0,0,1,2,4,1.50445,5
0,0,1,3,0,-1.05162,12
0,0,1,3,1,-1.12709,227
0,0,1,3,2,-1.10554,712
0,0,1,3,3,-1.08617,99
0,0,1,3,4,0.97357,4
0,0,1,4,0,-0.13994,3
0,0,1,4,1,-0.88515,136
0,0,1,4,2,-1.16153,403
0,0,1,4,3,-1.30223,42
0,0,1,4,4,-0.35107,1
0,0,2,0,0,0.44795,0
0,0,2,0,1,0.48042,0
0,0,2,0,2,0.98469,0
0,0,2,0,3,0.79698,0
0,0,2,0,4,0.31419,0
0,0,2,1,0,-0.74097,10
0,0,2,1,1,-1.14797,98
0,0,2,1,2,-1.03737,318
0,0,2,1,3,0.79677,0
0,0,2,1,4,-0.43194,9
0,0,2,2,0,-0.90154,15
0,0,2,2,1,-1.05539,219
0,0,2,2,2,-1.28487,583
0,0,2,2,3,0.41234,21
0,0,2,2,4,-1.01061,23
0,0,2,3,0,-0.41062,9
0,0,2,3,1,-1.07752,285
0,0,2,3,2,-1.22263,925
0,0,2,3,3,-0.81414,33
0,0,2,3,4,-0.04973,31
0,0,2,4,0,-0.18026,5
0,0,2,4,1,-1.18538,96
0,0,2,4,2,-1.21084,344
0,0,2,4,3,-1.06538,10
0,0,2,4,4,-0.31467,2
0,0,3,0,0,0.03891,0
0,0,3,0,1,0.69247,0
0,0,3,0,2,0.35170,0
0,0,3,0,3,0.28179,0
0,0,3,0,4,0.32888,0
0,0,3,1,0,-1.05096,12
0,0,3,1,1,-1.01621,109
0,0,3,1,2,-1.12293,15
0,0,3,1,3,-0.82429,16
0,0,3,1,4,-0.98145,10
0,0,3,2,0,-0.56421,79
0,0,3,2,1,-1.32938,339
0,0,3,2,2,-1.18909,15
0,0,3,2,3,-0.89750,24
0,0,3,2,4,-0.80819,64
0,0,3,3,0,-1.11796,185
0,0,3,3,1,-1.39600,520
0,0,3,3,2,-1.36203,31
0,0,3,3,3,3.13831,51
0,0,3,3,4,-1.22599,81
0,0,3,4,0,-1.25343,22
0,0,3,4,1,-0.95811,142
0,0,3,4,2,-1.04125,10
0,0,3,4,3,0.53974,14
0,0,3,4,4,-0.75230,46
0,0,4,0,0,0.28618,0
0,0,4,0,1,0.96777,0
0,0,4,0,2,0.06179,0
0,0,4,0,3,0.80357,0
0,0,4,0,4,0.71505,0
0,0,4,1,0,-0.55411,11
0,0,4,1,1,-0.43631,1
0,0,4,1,2,-0.39688,6
0,0,4,1,3,-0.73007,9
0,0,4,1,4,-0.58569,8
0,0,4,2,0,-0.39817,17
0,0,4,2,1,-0.26627,27
0,0,4,2,2,-1.21631,35
0,0,4,2,3,-1.34553,44
0,0,4,2,4,-1.35992,35
0,0,4,3,0,-0.99629,58
0,0,4,3,1,-0.88744,16
0,0,4,3,2,-1.08731,54
0,0,4,3,3,-0.73465,22
0,0,4,3,4,-1.05081,21
0,0,4,4,0,-0.03086,6
0,0,4,4,1,-0.13460,1
0,0,4,4,2,-1.17301,15
0,0,4,4,3,-0.51899,21
0,0,4,4,4,0.21224,1
0,1,0,0,0,0.67479,0
0,1,0,0,1,0.23136,0
0,1,0,0,2,0.24840,0
0,1,0,0,3,0.12384,0
0,1,0,0,4,0.02286,0
0,1,0,1,0,3.99967,67
0,1,0,1,1,0.53829,0
0,1,0,1,2,0.02573,0
0,1,0,1,3,0.63334,0
0,1,0,1,4,0.99648,0
0,1,0,2,0,2.59360,552
0,1,0,2,1,-0.99987,22
0,1,0,2,2,1.27774,19
0,1,0,2,3,3.99902,157
0,1,0,2,4,-0.91299,100
0,1,0,3,0,2.25909,1067
0,1,0,3,1,3.98629,73
0,1,0,3,2,3.97710,8
0,1,0,3,3,2.69432,570
0,1,0,3,4,3.24915,13
0,1,0,4,0,-1.12500,282
0,1,0,4,1,0.76047,0
0,1,0,4,2,0.58765,0
0,1,0,4,3,0.24469,0
0,1,0,4,4,0.57508,0
0,1,1,0,0,0.36681,4
0,1,1,0,1,0.35456,4
0,1,1,0,2,0.11786,2
0,1,1,0,3,0.30715,0
0,1,1,0,4,0.36853,0
0,1,1,1,0,-1.06979,256
0,1,1,1,1,-0.98226,17
0,1,1,1,2,-0.98378,32
0,1,1,1,3,-0.36322,400
0,1,1,1,4,-0.86284,724
0,1,1,2,0,-1.15008,1605
0,1,1,2,1,-0.84914,64
0,1,1,2,2,0.23702,86
0,1,1,2,3,-0.07224,1968
0,1,1,2,4,-0.19725,7637
0,1,1,3,0,-0.88211,1592
0,1,1,3,1,-1.02352,56
0,1,1,3,2,-1.12761,174
0,1,1,3,3,0.15429,2802
0,1,1,3,4,-1.28321,7806
0,1,1,4,0,0.60736,697
0,1,1,4,1,-0.05079,19
0,1,1,4,2,-0.83437,104
0,1,1,4,3,-0.86601,686
0,1,1,4,4,-1.06474,1260
0,1,2,0,0,-0.47902,5
0,1,2,0,1,-0.54413,4
0,1,2,0,2,-0.35226,8
0,1,2,0,3,-0.99236,7
0,1,2,0,4,-0.45044,4
0,1,2,1,0,-0.76039,13
0,1,2,1,1,-0.64898,12
0,1,2,1,2,1.89507,435
0,1,2,1,3,0.02649,437
0,1,2,1,4,-0.94049,4
0,1,2,2,0,-1.16304,37
0,1,2,2,1,-1.10273,69
0,1,2,2,2,-1.22861,2885
0,1,2,2,3,0.06854,1574
0,1,2,2,4,-0.67255,49
0,1,2,3,0,-0.20862,44
0,1,2,3,1,-1.02497,55
0,1,2,3,2,0.45484,3568
0,1,2,3,3,0.42737,2093
0,1,2,3,4,-1.15127,96
0,1,2,4,0,0.22160,21
0,1,2,4,1,-1.39796,32
0,1,2,4,2,-1.33273,734
0,1,2,4,3,-1.28517,552
0,1,2,4,4,-1.15706,8
0,1,3,0,0,0.05285,3
0,1,3,0,1,0.07811,1
0,1,3,0,2,0.40435,0
0,1,3,0,3,0.03557,0
0,1,3,0,4,0.50545,0
0,1,3,1,0,-1.33555,43
0,1,3,1,1,-1.33568,187
0,1,3,1,2,-0.37265,40
0,1,3,1,3,-1.28118,56
0,1,3,1,4,-0.62860,117
0,1,3,2,0,-1.20237,134
0,1,3,2,1,-1.09471,787
0,1,3,2,2,-0.43630,247
0,1,3,2,3,-0.57722,407
0,1,3,2,4,-0.76472,862
0,1,3,3,0,-0.33812,110
0,1,3,3,1,0.65606,1192
0,1,3,3,2,-1.29202,358
0,1,3,3,3,-1.10671,478
0,1,3,3,4,-1.40670,1429
0,1,3,4,0,-1.15392,36
0,1,3,4,1,-1.34159,336
0,1,3,4,2,-0.95277,106
0,1,3,4,3,0.79573,113
0,1,3,4,4,-1.15280,300
0,1,4,0,0,0.56973,0
0,1,4,0,1,0.18658,2
0,1,4,0,2,0.63355,0
0,1,4,0,3,0.03746,12
0,1,4,0,4,0.04616,0
0,1,4,1,0,-1.38665,29
0,1,4,1,1,-1.22184,17
0,1,4,1,2,-1.26543,10
0,1,4,1,3,-1.39031,28
0,1,4,1,4,-1.38550,24
0,1,4,2,0,-0.31266,347
0,1,4,2,1,-0.25019,543
0,1,4,2,2,0.16642,297
0,1,4,2,3,-0.30782,417
0,1,4,2,4,-0.14867,331
0,1,4,3,0,-1.28355,173
0,1,4,3,1,0.08384,413
0,1,4,3,2,-1.12094,343
0,1,4,3,3,-1.09217,653
0,1,4,3,4,-1.21561,286
0,1,4,4,0,-1.27409,86
0,1,4,4,1,-1.28741,203
0,1,4,4,2,-1.13317,111
0,1,4,4,3,-1.29386,173
0,1,4,4,4,-1.41030,100
0,2,0,0,0,0.92150,0
0,2,0,0,1,0.67257,0
0,2,0,0,2,0.22423,0
0,2,0,0,3,0.27648,0
0,2,0,0,4,0.27970,0
0,2,0,1,0,-1.15788,150
0,2,0,1,1,0.51401,0
0,2,0,1,2,0.21757,0
0,2,0,1,3,0.99853,0
0,2,0,1,4,0.76653,0
0,2,0,2,0,3.99933,570
0,2,0,2,1,2.28847,31
0,2,0,2,2,1.37329,21
0,2,0,2,3,-0.99999,83
0,2,0,2,4,-0.99553,30
0,2,0,3,0,-1.07664,18
0,2,0,3,1,0.18996,3
0,2,0,3,2,0.10344,4
0,2,0,3,3,0.62796,0
0,2,0,3,4,0.28005,0
0,2,0,4,0,4.00000,378
0,2,0,4,1,3.99992,19
0,2,0,4,2,4.00000,31
0,2,0,4,3,2.87500,28
0,2,0,4,4,3.99907,21
0,2,1,0,0,-1.12787,20
0,2,1,0,1,-0.87917,16
0,2,1,0,2,-1.02625,13
0,2,1,0,3,-1.01780,16
0,2,1,0,4,-0.93368,8
0,2,1,1,0,-0.05767,186
0,2,1,1,1,0.12982,173
0,2,1,1,2,0.50643,12
0,2,1,1,3,-0.05822,68
0,2,1,1,4,0.00484,14
0,2,1,2,0,1.27321,275
0,2,1,2,1,1.33396,294
0,2,1,2,2,2.28118,33
0,2,1,2,3,1.33552,107
0,2,1,2,4,0.62213,22
0,2,1,3,0,-1.30592,444
0,2,1,3,1,-1.29826,463
0,2,1,3,2,-1.15789,28
0,2,1,3,3,-1.11876,246
0,2,1,3,4,-0.95041,140
0,2,1,4,0,-0.99128,295
0,2,1,4,1,-0.37201,257
0,2,1,4,2,-0.82841,14
0,2,1,4,3,-0.89476,208
0,2,1,4,4,-1.06269,31
0,2,2,0,0,-1.15544,19
0,2,2,0,1,-1.13298,12
0,2,2,0,2,-1.04065,11
0,2,2,0,3,-1.21406,25
0,2,2,0,4,-1.02833,34
0,2,2,1,0,-0.81037,25
0,2,2,1,1,-0.91365,16
0,2,2,1,2,-0.99099,111
0,2,2,1,3,-0.99203,258
0,2,2,1,4,-0.04518,689
0,2,2,2,0,0.36875,19
0,2,2,2,1,-0.78344,74
0,2,2,2,2,-0.84613,274
0,2,2,2,3,-0.88460,843
0,2,2,2,4,-1.07210,2243
0,2,2,3,0,-0.68906,39
0,2,2,3,1,-0.64535,64
0,2,2,3,2,-0.58682,362
0,2,2,3,3,-0.69013,908
0,2,2,3,4,-0.81512,2920
0,2,2,4,0,-0.92151,38
0,2,2,4,1,-0.96842,23
0,2,2,4,2,-0.91266,222
0,2,2,4,3,0.31489,313
0,2,2,4,4,-0.83197,731
0,2,3,0,0,-1.15379,9
0,2,3,0,1,-1.07168,19
0,2,3,0,2,-1.11260,19
0,2,3,0,3,-0.98237,12
0,2,3,0,4,-1.00422,8
0,2,3,1,0,-1.31789,72
0,2,3,1,1,-0.93335,114
0,2,3,1,2,-1.18201,132
0,2,3,1,3,-1.26159,186
0,2,3,1,4,-1.31759,32
0,2,3,2,0,-0.57509,63
0,2,3,2,1,-1.32222,289
0,2,3,2,2,-1.16388,341
0,2,3,2,3,-0.58307,820
0,2,3,2,4,-0.02008,139
0,2,3,3,0,-0.47374,49
0,2,3,3,1,-1.13603,348
0,2,3,3,2,-1.03145,454
0,2,3,3,3,-1.14871,872
0,2,3,3,4,-0.66892,121
0,2,3,4,0,-1.01680,41
0,2,3,4,1,-0.58576,261
0,2,3,4,2,-0.28095,171
0,2,3,4,3,-0.59365,379
0,2,3,4,4,-0.51101,81
0,2,4,0,0,0.06545,0
0,2,4,0,1,-1.09056,13
0,2,4,0,2,-0.87102,15
0,2,4,0,3,0.22418,16
0,2,4,0,4,0.47861,0
0,2,4,1,0,-1.38950,116
0,2,4,1,1,-1.38950,89
0,2,4,1,2,-1.35267,140
0,2,4,1,3,-1.32361,102
0,2,4,1,4,-1.31685,110
0,2,4,2,0,1.95021,200
0,2,4,2,1,-0.86558,86
0,2,4,2,2,-0.61289,498
0,2,4,2,3,-0.99147,254
0,2,4,2,4,-0.89845,189
0,2,4,3,0,-1.38789,268
0,2,4,3,1,-1.32051,72
0,2,4,3,2,-1.26601,522
0,2,4,3,3,-1.34739,244
0,2,4,3,4,-1.04249,129
0,2,4,4,0,-1.13098,167
0,2,4,4,1,-1.31762,125
0,2,4,4,2,-1.25682,243
0,2,4,4,3,-1.47284,196
0,2,4,4,4,-1.38327,54
0,3,0,0,0,0.58902,0
0,3,0,0,1,0.69176,63
0,3,0,0,2,0.61093,0
0,3,0,0,3,0.50783,0
0,3,0,0,4,0.45981,0
0,3,0,1,0,3.73947,20
0,3,0,1,1,3.80460,687
0,3,0,1,2,3.79349,31
0,3,0,1,3,2.55837,81
0,3,0,1,4,3.66554,43
0,3,0,2,0,-0.88138,34
0,3,0,2,1,0.33897,442
0,3,0,2,2,-0.84822,34
0,3,0,2,3,-1.09829,52
0,3,0,2,4,-0.84792,27
0,3,0,3,0,3.27687,11
0,3,0,3,1,3.45765,576
0,3,0,3,2,2.55798,34
0,3,0,3,3,2.61844,104
0,3,0,3,4,3.15091,34
0,3,0,4,0,1.62689,3
0,3,0,4,1,1.47017,447
0,3,0,4,2,0.76133,0
0,3,0,4,3,1.41322,8
0,3,0,4,4,0.64657,0
0,3,1,0,0,-0.84900,16
0,3,1,0,1,-0.83881,24
0,3,1,0,2,-1.11431,19
0,3,1,0,3,-0.89936,19
0,3,1,0,4,-0.83879,15
0,3,1,1,0,1.44936,25
0,3,1,1,1,0.07427,343
0,3,1,1,2,0.59915,9
0,3,1,1,3,0.01180,513
0,3,1,1,4,0.69936,135
0,3,1,2,0,1.02534,3
0,3,1,2,1,0.01258,357
0,3,1,2,2,0.35011,2
0,3,1,2,3,-0.11425,878
0,3,1,2,4,-0.17492,129
0,3,1,3,0,2.74840,21
0,3,1,3,1,0.25035,372
0,3,1,3,2,-0.99954,157
0,3,1,3,3,-1.12466,1808
0,3,1,3,4,-1.12470,67
0,3,1,4,0,0.54971,3
0,3,1,4,1,1.49105,301
0,3,1,4,2,0.65474,10
0,3,1,4,3,0.11601,646
0,3,1,4,4,0.11685,121
0,3,2,0,0,-0.91107,13
0,3,2,0,1,-0.82812,8
0,3,2,0,2,-0.98182,11
0,3,2,0,3,-0.82978,18
0,3,2,0,4,-0.85603,12
0,3,2,1,0,-0.69630,102
0,3,2,1,1,2.58483,272
0,3,2,1,2,-0.34517,6
0,3,2,1,3,-0.50887,105
0,3,2,1,4,-0.63147,7
0,3,2,2,0,-0.93288,86
0,3,2,2,1,-1.12038,300
0,3,2,2,2,-0.91050,21
0,3,2,2,3,-0.93287,126
0,3,2,2,4,-1.05366,21
0,3,2,3,0,-0.29066,60
0,3,2,3,1,-0.33619,459
0,3,2,3,2,0.13508,9
0,3,2,3,3,-0.14869,197
0,3,2,3,4,0.51790,3
0,3,2,4,0,-0.88506,56
0,3,2,4,1,-0.42352,150
0,3,2,4,2,0.01863,12
0,3,2,4,3,-0.23698,70
0,3,2,4,4,0.13253,10
0,3,3,0,0,-1.22136,25
0,3,3,0,1,-1.11195,21
0,3,3,0,2,-1.12850,41
0,3,3,0,3,-1.09631,23
0,3,3,0,4,-1.20952,15
0,3,3,1,0,-0.97628,33
0,3,3,1,1,-1.09686,100
0,3,3,1,2,-0.89524,52
0,3,3,1,3,-1.00277,51
0,3,3,1,4,-0.85767,80
0,3,3,2,0,1.97564,56
0,3,3,2,1,-0.44097,148
0,3,3,2,2,-1.16788,137
0,3,3,2,3,-1.25091,188
0,3,3,2,4,-1.31350,121
0,3,3,3,0,0.27204,46
0,3,3,3,1,-1.04085,135
0,3,3,3,2,-1.21210,106
0,3,3,3,3,-1.28404,161
0,3,3,3,4,-1.34658,104
0,3,3,4,0,-0.50386,26
0,3,3,4,1,-1.28566,83
0,3,3,4,2,-1.18137,86
0,3,3,4,3,-1.32357,140
0,3,3,4,4,-1.32352,70
0,3,4,0,0,-0.12350,3
0,3,4,0,1,-0.31964,19
0,3,4,0,2,0.15714,0
0,3,4,0,3,0.45748,0
0,3,4,0,4,0.86551,19
0,3,4,1,0,-1.37024,78
0,3,4,1,1,-1.30240,55
0,3,4,1,2,-0.39827,165
0,3,4,1,3,-1.38210,144
0,3,4,1,4,-1.30772,67
0,3,4,2,0,-0.47003,34
0,3,4,2,1,-0.83356,36
0,3,4,2,2,-0.66436,183
0,3,4,2,3,-1.13046,94
0,3,4,2,4,-0.12868,152
0,3,4,3,0,-1.06684,50
0,3,4,3,1,-0.28088,88
0,3,4,3,2,-0.35797,164
0,3,4,3,3,-1.01555,155
0,3,4,3,4,0.10252,138
0,3,4,4,0,-1.25873,96
0,3,4,4,1,-1.30510,72
0,3,4,4,2,-1.13945,134
0,3,4,4,3,-1.24568,169
0,3,4,4,4,-1.30509,94
0,4,0,0,0,0.40573,0
0,4,0,0,1,0.05522,0
0,4,0,0,2,0.64718,0
0,4,0,0,3,0.75297,0
0,4,0,0,4,0.41525,0
0,4,0,1,0,0.83603,0
0,4,0,1,1,0.25271,0
0,4,0,1,2,0.49282,0
0,4,0,1,3,0.31414,0
0,4,0,1,4,0.71249,0
0,4,0,2,0,0.12890,0
0,4,0,2,1,0.57186,0
0,4,0,2,2,0.76563,0
0,4,0,2,3,0.07802,0
0,4,0,2,4,0.20778,0
0,4,0,3,0,0.61279,0
0,4,0,3,1,0.51767,0
0,4,0,3,2,0.11904,0
0,4,0,3,3,0.46407,0
0,4,0,3,4,0.08371,0
0,4,0,4,0,0.98352,0
0,4,0,4,1,0.60079,0
0,4,0,4,2,0.41859,0
0,4,0,4,3,0.36264,14
0,4,0,4,4,0.47733,0
0,4,1,0,0,-0.47684,7
0,4,1,0,1,-0.50247,10
0,4,1,0,2,-0.62796,11
0,4,1,0,3,-0.50141,8
0,4,1,0,4,-0.88659,11
0,4,1,1,0,0.39626,0
0,4,1,1,1,0.17759,0
0,4,1,1,2,0.19324,2
0,4,1,1,3,-0.27695,36
0,4,1,1,4,0.65231,0
0,4,1,2,0,0.85205,0
0,4,1,2,1,0.59651,0
0,4,1,2,2,1.40808,3
0,4,1,2,3,1.24618,14
0,4,1,2,4,0.25499,0
0,4,1,3,0,0.13082,0
0,4,1,3,1,0.66961,0
0,4,1,3,2,0.40232,0
0,4,1,3,3,0.09318,0
0,4,1,3,4,0.27524,0
0,4,1,4,0,0.24497,16
0,4,1,4,1,0.49428,0
0,4,1,4,2,0.73845,0
0,4,1,4,3,0.31737,3
0,4,1,4,4,0.10688,0
0,4,2,0,0,0.39514,0
0,4,2,0,1,0.94046,0
0,4,2,0,2,0.99181,0
0,4,2,0,3,0.35254,0
0,4,2,0,4,0.38201,0
0,4,2,1,0,0.04737,0
0,4,2,1,1,0.71665,0
0,4,2,1,2,-1.17095,23
0,4,2,1,3,0.67254,0
0,4,2,1,4,0.76801,0
0,4,2,2,0,0.97672,0
0,4,2,2,1,0.73817,0
0,4,2,2,2,0.88768,0
0,4,2,2,3,0.20562,0
0,4,2,2,4,0.01846,0
0,4,2,3,0,0.02401,0
0,4,2,3,1,0.32641,0
0,4,2,3,2,0.62080,0
0,4,2,3,3,0.21586,0
0,4,2,3,4,0.73470,0
0,4,2,4,0,0.16196,0
0,4,2,4,1,-0.70167,6
0,4,2,4,2,-0.27561,18
0,4,2,4,3,-0.19194,3
0,4,2,4,4,0.35777,0
0,4,3,0,0,0.41470,0
0,4,3,0,1,0.36360,0
0,4,3,0,2,0.94853,0
0,4,3,0,3,0.57095,0
0,4,3,0,4,0.06312,0
0,4,3,1,0,0.91690,0
0,4,3,1,1,0.33463,0
0,4,3,1,2,0.56213,0
0,4,3,1,3,0.56758,0
0,4,3,1,4,0.83953,0
0,4,3,2,0,0.88205,0
0,4,3,2,1,0.66271,0
0,4,3,2,2,0.19863,0
0,4,3,2,3,0.18105,0
0,4,3,2,4,0.54675,0
0,4,3,3,0,0.66406,0
0,4,3,3,1,0.44066,0
0,4,3,3,2,0.89400,0
0,4,3,3,3,0.61130,0
0,4,3,3,4,0.08793,0
0,4,3,4,0,-0.08572,5
0,4,3,4,1,0.16734,0
0,4,3,4,2,-0.22426,3
0,4,3,4,3,-0.56748,7
0,4,3,4,4,0.21881,0
0,4,4,0,0,-0.18888,7
0,4,4,0,1,-0.10589,2
0,4,4,0,2,0.07240,0
0,4,4,0,3,0.04436,0
0,4,4,0,4,-0.07007,3
0,4,4,1,0,-0.68758,9
0,4,4,1,1,-0.11499,4
0,4,4,1,2,-0.35002,4
0,4,4,1,3,-0.45749,6
0,4,4,1,4,-0.45677,6
0,4,4,2,0,-0.29853,10
0,4,4,2,1,0.33916,0
0,4,4,2,2,0.15104,0
0,4,4,2,3,0.40005,0
0,4,4,2,4,0.60058,0
0,4,4,3,0,0.98454,0
0,4,4,3,1,0.51240,0
0,4,4,3,2,0.98906,0
0,4,4,3,3,0.22661,0
0,4,4,3,4,0.40020,0
0,4,4,4,0,-0.53767,42
0,4,4,4,1,0.48924,0
0,4,4,4,2,-0.13356,4
0,4,4,4,3,-0.29809,5
0,4,4,4,4,-0.29701,4
1,0,0,0,0,0.28903,0
1,0,0,0,1,0.40435,0
1,0,0,0,2,0.50159,0
1,0,0,0,3,0.75003,0
1,0,0,0,4,0.05166,0
1,0,0,1,0,0.50941,0
1,0,0,1,1,0.80302,0
1,0,0,1,2,0.32069,0
1,0,0,1,3,3.99938,62
1,0,0,1,4,0.02755,0
1,0,0,2,0,0.11327,0
1,0,0,2,1,0.02584,0
1,0,0,2,2,0.52951,0
1,0,0,2,3,3.99969,66
1,0,0,2,4,0.21823,0
1,0,0,3,0,0.76771,0
1,0,0,3,1,0.55513,0
1,0,0,3,2,0.93433,0
1,0,0,3,3,3.99959,68
1,0,0,3,4,0.40551,0
1,0,0,4,0,0.77126,0
1,0,0,4,1,0.58779,0
1,0,0,4,2,0.54457,0
1,0,0,4,3,0.50536,0
1,0,0,4,4,0.54498,0
1,0,1,0,0,0.92974,0
1,0,1,0,1,0.34851,0
1,0,1,0,2,0.03544,0
1,0,1,0,3,0.99907,0
1,0,1,0,4,0.17490,0
1,0,1,1,0,-0.00455,7
1,0,1,1,1,3.74967,1849
1,0,1,1,2,1.18883,524
1,0,1,1,3,3.99956,5123
1,0,1,1,4,2.43689,71
1,0,1,2,0,-0.84561,17
1,0,1,2,1,0.24459,5435
1,0,1,2,2,2.40878,1899
1,0,1,2,3,0.87567,12852
1,0,1,2,4,0.98616,327
1,0,1,3,0,2.20567,225
1,0,1,3,1,3.30202,7885
1,0,1,3,2,1.01987,2187
1,0,1,3,3,3.99964,18237
1,0,1,3,4,0.78038,294
1,0,1,4,0,3.32901,50
1,0,1,4,1,0.57885,3573
1,0,1,4,2,2.14071,1201
1,0,1,4,3,2.52986,7078
1,0,1,4,4,3.45735,70
1,0,2,0,0,0.78726,0
1,0,2,0,1,1.35379,5
1,0,2,0,2,0.12048,2
1,0,2,0,3,0.48912,0
1,0,2,0,4,0.29506,0
1,0,2,1,0,0.77562,25
1,0,2,1,1,2.43484,975
1,0,2,1,2,2.93816,95
1,0,2,1,3,3.58281,100
1,0,2,1,4,3.01737,42
1,0,2,2,0,0.50536,46
1,0,2,2,1,-0.71855,3173
1,0,2,2,2,0.80139,202
1,0,2,2,3,-0.41977,301
1,0,2,2,4,-0.47317,184
1,0,2,3,0,1.03323,72
1,0,2,3,1,0.63519,4566
1,0,2,3,2,3.31031,275
1,0,2,3,3,1.51771,416
1,0,2,3,4,0.78309,300
1,0,2,4,0,1.71402,25
1,0,2,4,1,1.12966,1384
1,0,2,4,2,1.87883,64
1,0,2,4,3,3.03457,114
1,0,2,4,4,1.17404,64
1,0,3,0,0,0.63253,0
1,0,3,0,1,0.47320,0
1,0,3,0,2,0.00583,3
1,0,3,0,3,0.24184,0
1,0,3,0,4,-0.22519,6
1,0,3,1,0,-0.47877,216
1,0,3,1,1,-0.71864,81
1,0,3,1,2,2.06357,234
1,0,3,1,3,-0.38061,252
1,0,3,1,4,-0.40985,901
1,0,3,2,0,0.79067,422
1,0,3,2,1,1.44630,242
1,0,3,2,2,1.54051,888
1,0,3,2,3,2.54037,629
1,0,3,2,4,2.19782,2998
1,0,3,3,0,3.15848,837
1,0,3,3,1,1.82983,285
1,0,3,3,2,3.17892,1478
1,0,3,3,3,2.90847,1070
1,0,3,3,4,1.31555,4403
1,0,3,4,0,0.37085,259
1,0,3,4,1,1.24665,120
1,0,3,4,2,0.67432,347
1,0,3,4,3,1.19092,287
1,0,3,4,4,-0.11551,1515
1,0,4,0,0,0.52350,0
1,0,4,0,1,0.29749,0
1,0,4,0,2,0.69484,0
1,0,4,0,3,0.94382,0
1,0,4,0,4,0.23914,0
1,0,4,1,0,-1.16592,55
1,0,4,1,1,-1.09003,77
1,0,4,1,2,1.29487,141
1,0,4,1,3,-1.01514,139
1,0,4,1,4,-1.08425,47
1,0,4,2,0,2.20897,210
1,0,4,2,1,0.81485,211
1,0,4,2,2,1.65945,886
1,0,4,2,3,2.54606,426
1,0,4,2,4,1.12565,409
1,0,4,3,0,0.68542,219
1,0,4,3,1,1.90229,252
1,0,4,3,2,2.49001,1067
1,0,4,3,3,2.89822,722
1,0,4,3,4,1.04698,429
1,0,4,4,0,0.84492,125
1,0,4,4,1,-0.00594,90
1,0,4,4,2,-0.17957,404
1,0,4,4,3,0.34394,167
1,0,4,4,4,0.63674,235
1,1,0,0,0,0.17213,0
1,1,0,0,1,0.14393,0
1,1,0,0,2,0.30779,0
1,1,0,0,3,0.83980,0
1,1,0,0,4,0.45739,0
1,1,0,1,0,1.32319,4
1,1,0,1,1,1.42961,5
1,1,0,1,2,0.09822,0
1,1,0,1,3,3.04316,757
1,1,0,1,4,2.28392,3
1,1,0,2,0,3.72779,89
1,1,0,2,1,1.43182,1
1,1,0,2,2,3.67009,25
1,1,0,2,3,2.22739,6947
1,1,0,2,4,3.99982,66
1,1,0,3,0,2.44935,14
1,1,0,3,1,3.99810,143
1,1,0,3,2,2.23628,94
1,1,0,3,3,1.47183,7042
1,1,0,3,4,0.49908,74
1,1,0,4,0,3.97599,7
1,1,0,4,1,0.09977,0
1,1,0,4,2,3.69144,6
1,1,0,4,3,3.79666,2092
1,1,0,4,4,0.02458,0
1,1,1,0,0,-0.73367,6
1,1,1,0,1,-0.74329,25
1,1,1,0,2,-0.75276,17
1,1,1,0,3,3.99800,91
1,1,1,0,4,-0.75660,10
1,1,1,1,0,1.65020,52
1,1,1,1,1,2.73767,903
1,1,1,1,2,1.29620,2371
1,1,1,1,3,3.99998,38872
1,1,1,1,4,-0.80222,338
1,1,1,2,0,0.90434,496
1,1,1,2,1,2.44929,5110
1,1,1,2,2,2.34594,8002
1,1,1,2,3,3.99975,233277
1,1,1,2,4,-0.44713,1373
1,1,1,3,0,2.84596,685
1,1,1,3,1,2.27846,5359
1,1,1,3,2,3.36693,10085
1,1,1,3,3,3.99821,280301
1,1,1,3,4,0.14827,982
1,1,1,4,0,1.65614,223
1,1,1,4,1,2.65198,1707
1,1,1,4,2,0.38568,2683
1,1,1,4,3,-0.99356,57655
1,1,1,4,4,0.43954,650
1,1,2,0,0,-0.94610,37
1,1,2,0,1,-0.95242,58
1,1,2,0,2,-0.94998,33
1,1,2,0,3,0.62612,69
1,1,2,0,4,-0.94402,68
1,1,2,1,0,0.07034,904
1,1,2,1,1,-0.38113,2338
1,1,2,1,2,2.16936,1469
1,1,2,1,3,-0.91260,7305
1,1,2,1,4,1.20084,2657
1,1,2,2,0,1.36080,4181
1,1,2,2,1,1.02245,11484
1,1,2,2,2,-0.58125,5320
1,1,2,2,3,-0.97541,46890
1,1,2,2,4,-0.39614,8776
1,1,2,3,0,0.84741,5772
1,1,2,3,1,0.48080,13379
1,1,2,3,2,-0.60607,5285
1,1,2,3,3,1.09065,57186
1,1,2,3,4,-0.57521,8835
1,1,2,4,0,0.36803,1223
1,1,2,4,1,0.09837,3949
1,1,2,4,2,2.35204,1888
1,1,2,4,3,1.37034,12423
1,1,2,4,4,-0.46439,2805
1,1,3,0,0,-0.99060,29
1,1,3,0,1,-1.16070,27
1,1,3,0,2,-1.00899,48
1,1,3,0,3,-0.97995,14
1,1,3,0,4,-0.99274,45
1,1,3,1,0,-0.99130,2225
1,1,3,1,1,-1.15764,478
1,1,3,1,2,-1.24931,3887
1,1,3,1,3,2.62857,2533
1,1,3,1,4,-1.06107,674
1,1,3,2,0,3.06078,14700
1,1,3,2,1,2.12570,3334
1,1,3,2,2,-0.22667,20649
1,1,3,2,3,1.11035,24397
1,1,3,2,4,0.57327,2808
1,1,3,3,0,2.26691,18385
1,1,3,3,1,0.32735,3833
1,1,3,3,2,3.34710,25766
1,1,3,3,3,1.43409,28771
1,1,3,3,4,-0.00391,3136
1,1,3,4,0,-0.59592,4761
1,1,3,4,1,-0.50526,992
1,1,3,4,2,-1.21177,6254
1,1,3,4,3,0.30502,4953
1,1,3,4,4,0.03905,763
1,1,4,0,0,-0.85263,3
1,1,4,0,1,-0.82792,14
1,1,4,0,2,-0.51056,9
1,1,4,0,3,0.16036,60
1,1,4,0,4,-0.64809,7
1,1,4,1,0,-1.11661,488
1,1,4,1,1,-1.32551,732
1,1,4,1,2,-1.23307,705
1,1,4,1,3,0.17368,1754
1,1,4,1,4,-1.23123,409
1,1,4,2,0,-0.46283,2382
1,1,4,2,1,0.03036,5967
1,1,4,2,2,1.43053,4795
1,1,4,2,3,0.37796,18245
1,1,4,2,4,-0.36380,1874
1,1,4,3,0,0.27258,3047
1,1,4,3,1,0.55253,8194
1,1,4,3,2,0.70338,6807
1,1,4,3,3,-1.02902,20197
1,1,4,3,4,-0.45136,2381
1,1,4,4,0,-1.12029,634
1,1,4,4,1,-1.05264,1746
1,1,4,4,2,0.90903,1444
1,1,4,4,3,-1.12505,3603
1,1,4,4,4,-1.22763,601
1,2,0,0,0,0.46491,0
1,2,0,0,1,0.26688,0
1,2,0,0,2,0.62109,0
1,2,0,0,3,0.41908,0
1,2,0,0,4,-0.07817,70
1,2,0,1,0,1.86626,138
1,2,0,1,1,0.80642,16
1,2,0,1,2,1.07900,207
1,2,0,1,3,0.10533,32
1,2,0,1,4,0.31649,2147
1,2,0,2,0,2.63220,33
1,2,0,2,1,3.72676,143
1,2,0,2,2,3.28205,934
1,2,0,2,3,4.00001,310
1,2,0,2,4,4.88301,3589
1,2,0,3,0,1.93115,151
1,2,0,3,1,2.14600,268
1,2,0,3,2,3.84529,1159
1,2,0,3,3,3.89189,116
1,2,0,3,4,4.10303,3751
1,2,0,4,0,2.66097,11
1,2,0,4,1,3.90330,203
1,2,0,4,2,2.56751,330
1,2,0,4,3,3.88287,31
1,2,0,4,4,2.74344,939
1,2,1,0,0,-1.20656,172
1,2,1,0,1,-1.02277,103
1,2,1,0,2,-0.85891,81
1,2,1,0,3,-1.02034,39
1,2,1,0,4,-1.02276,85
1,2,1,1,0,-1.02205,3553
1,2,1,1,1,1.42174,1020
1,2,1,1,2,-0.53594,3180
1,2,1,1,3,0.65886,640
1,2,1,1,4,0.38137,1357
1,2,1,2,0,-0.96650,9521
1,2,1,2,1,2.18288,3487
1,2,1,2,2,2.21114,9147
1,2,1,2,3,0.71687,2140
1,2,1,2,4,2.89110,4419
1,2,1,3,0,0.66882,11447
1,2,1,3,1,3.80943,4797
1,2,1,3,2,0.82339,12058
1,2,1,3,3,1.56454,2677
1,2,1,3,4,0.81700,3632
1,2,1,4,0,2.49566,4201
1,2,1,4,1,2.49856,1964
1,2,1,4,2,2.02543,3299
1,2,1,4,3,3.82947,1168
1,2,1,4,4,2.81641,2028
1,2,2,0,0,-1.12166,41
1,2,2,0,1,-1.08123,59
1,2,2,0,2,-1.12314,25
1,2,2,0,3,0.49816,176
1,2,2,0,4,-1.13353,144
1,2,2,1,0,-0.42180,1058
1,2,2,1,1,-0.42600,609
1,2,2,1,2,-0.23560,327
1,2,2,1,3,-1.05175,4928
1,2,2,1,4,-0.04452,3773
1,2,2,2,0,-0.72000,2910
1,2,2,2,1,-1.07634,1721
1,2,2,2,2,1.00727,1183
1,2,2,2,3,-0.79587,15864
1,2,2,2,4,-0.38338,10653
1,2,2,3,0,-0.86714,3460
1,2,2,3,1,-0.06100,1835
1,2,2,3,2,-0.95116,1097
1,2,2,3,3,0.02696,17941
1,2,2,3,4,0.77605,10177
1,2,2,4,0,-0.83945,1184
1,2,2,4,1,-0.38799,667
1,2,2,4,2,1.42807,473
1,2,2,4,3,1.33053,5901
1,2,2,4,4,-0.73030,5238
1,2,3,0,0,-1.00631,50
1,2,3,0,1,-1.01347,59
1,2,3,0,2,-1.06426,63
1,2,3,0,3,-1.00093,66
1,2,3,0,4,-1.15278,69
1,2,3,1,0,-1.13574,2495
1,2,3,1,1,-1.09363,722
1,2,3,1,2,-1.07083,776
1,2,3,1,3,3.09038,2005
1,2,3,1,4,-1.09597,1769
1,2,3,2,0,-0.64981,8933
1,2,3,2,1,-0.63853,2916
1,2,3,2,2,-0.72095,3026
1,2,3,2,3,2.28564,8067
1,2,3,2,4,1.27411,4593
1,2,3,3,0,0.12444,11850
1,2,3,3,1,-0.95676,2882
1,2,3,3,2,1.79166,2994
1,2,3,3,3,1.89092,8515
1,2,3,3,4,-0.75095,4249
1,2,3,4,0,-0.82055,3638
1,2,3,4,1,1.56396,1149
1,2,3,4,2,1.62686,899
1,2,3,4,3,0.04680,2955
1,2,3,4,4,-0.14485,1514
1,2,4,0,0,0.14091,97
1,2,4,0,1,-1.06997,36
1,2,4,0,2,-1.29487,23
1,2,4,0,3,-0.21529,28
1,2,4,0,4,0.31319,3
1,2,4,1,0,-1.22603,1610
1,2,4,1,1,-1.28558,1480
1,2,4,1,2,-1.28558,662
1,2,4,1,3,-1.05138,1193
1,2,4,1,4,-1.34548,565
1,2,4,2,0,-0.99651,6010
1,2,4,2,1,-1.20918,10765
1,2,4,2,2,-0.35423,3663
1,2,4,2,3,0.98148,4956
1,2,4,2,4,-0.27749,1813
1,2,4,3,0,-0.78353,6929
1,2,4,3,1,-0.97042,11773
1,2,4,3,2,0.42295,4936
1,2,4,3,3,2.43270,5288
1,2,4,3,4,1.18031,1565
1,2,4,4,0,-1.14224,2104
1,2,4,4,1,-0.87776,3028
1,2,4,4,2,-0.09254,1411
1,2,4,4,3,2.03093,1733
1,2,4,4,4,1.18864,783
1,3,0,0,0,-0.79966,31
1,3,0,0,1,-0.95002,7
1,3,0,0,2,-0.81715,7
1,3,0,0,3,0.88822,93
1,3,0,0,4,-0.83240,33
1,3,0,1,0,-0.59342,434
1,3,0,1,1,2.45836,14
1,3,0,1,2,1.04164,27
1,3,0,1,3,4.00072,347
1,3,0,1,4,1.60191,1086
1,3,0,2,0,-0.19801,654
1,3,0,2,1,-0.36643,42
1,3,0,2,2,2.43455,34
1,3,0,2,3,3.99633,385
1,3,0,2,4,2.42678,1448
1,3,0,3,0,-0.75710,612
1,3,0,3,1,0.23386,20
1,3,0,3,2,1.84762,149
1,3,0,3,3,0.66508,1122
1,3,0,3,4,-0.68449,1234
1,3,0,4,0,0.01895,289
1,3,0,4,1,2.82342,11
1,3,0,4,2,3.95550,47
1,3,0,4,3,4.00055,616
1,3,0,4,4,1.80996,105
1,3,1,0,0,1.96921,144
1,3,1,0,1,-1.00536,89
1,3,1,0,2,-0.99590,27
1,3,1,0,3,-0.99740,221
1,3,1,0,4,-0.99560,99
1,3,1,1,0,1.47919,1493
1,3,1,1,1,2.86239,233
1,3,1,1,2,0.08929,156
1,3,1,1,3,1.24368,6172
1,3,1,1,4,-0.91590,664
1,3,1,2,0,1.83060,2728
1,3,1,2,1,-0.80668,321
1,3,1,2,2,2.79056,247
1,3,1,2,3,-0.93587,11355
1,3,1,2,4,0.34871,1110
1,3,1,3,0,-0.13384,4275
1,3,1,3,1,-0.09782,246
1,3,1,3,2,-0.65389,181
1,3,1,3,3,-0.16005,17815
1,3,1,3,4,0.47694,1730
1,3,1,4,0,0.21861,2229
1,3,1,4,1,0.06157,88
1,3,1,4,2,2.57610,115
1,3,1,4,3,0.17588,9598
1,3,1,4,4,-1.14860,817
1,3,2,0,0,-0.90427,25
1,3,2,0,1,-0.90474,18
1,3,2,0,2,-0.98689,23
1,3,2,0,3,-0.78011,59
1,3,2,0,4,-1.11438,19
1,3,2,1,0,-0.80923,53
1,3,2,1,1,-0.76300,163
1,3,2,1,2,-0.25932,261
1,3,2,1,3,-1.10054,1538
1,3,2,1,4,-0.82616,1415
1,3,2,2,0,-1.00117,53
1,3,2,2,1,-0.77413,254
1,3,2,2,2,-0.35537,550
1,3,2,2,3,-1.12037,2177
1,3,2,2,4,-0.83957,1340
1,3,2,3,0,-0.06522,62
1,3,2,3,1,-0.92218,259
1,3,2,3,2,-0.19941,844
1,3,2,3,3,-0.25917,2950
1,3,2,3,4,-0.46851,1942
1,3,2,4,0,1.85532,39
1,3,2,4,1,-0.12623,125
1,3,2,4,2,-0.97405,325
1,3,2,4,3,-1.12616,1588
1,3,2,4,4,0.04680,841
1,3,3,0,0,-1.03125,22
1,3,3,0,1,0.24273,51
1,3,3,0,2,-1.01513,43
1,3,3,0,3,0.14867,34
1,3,3,0,4,-1.02018,47
1,3,3,1,0,-1.06657,265
1,3,3,1,1,2.30640,660
1,3,3,1,2,-1.15336,469
1,3,3,1,3,1.74242,1005
1,3,3,1,4,-1.03954,570
1,3,3,2,0,-0.57620,237
1,3,3,2,1,-0.20357,832
1,3,3,2,2,-0.97777,449
1,3,3,2,3,0.54149,1336
1,3,3,2,4,1.11542,955
1,3,3,3,0,-0.99231,284
1,3,3,3,1,2.23987,693
1,3,3,3,2,1.85040,412
1,3,3,3,3,-1.13613,1414
1,3,3,3,4,2.44691,1396
1,3,3,4,0,-0.43675,149
1,3,3,4,1,-0.25873,504
1,3,3,4,2,1.47134,228
1,3,3,4,3,1.93617,787
1,3,3,4,4,0.38247,484
1,3,4,0,0,-0.91128,10
1,3,4,0,1,-1.02302,48
1,3,4,0,2,-0.12119,33
1,3,4,0,3,-0.11921,40
1,3,4,0,4,0.15710,50
1,3,4,1,0,-1.27472,483
1,3,4,1,1,-1.27148,856
1,3,4,1,2,-0.45354,900
1,3,4,1,3,-1.19207,1548
1,3,4,1,4,-1.29964,355
1,3,4,2,0,0.47161,519
1,3,4,2,1,1.12055,1292
1,3,4,2,2,-0.25096,1469
1,3,4,2,3,2.28277,1262
1,3,4,2,4,-0.85346,575
1,3,4,3,0,-0.94538,1188
1,3,4,3,1,-0.26379,1534
1,3,4,3,2,-0.70508,1948
1,3,4,3,3,-1.12760,1651
1,3,4,3,4,0.57663,313
1,3,4,4,0,0.98130,685
1,3,4,4,1,1.03628,873
1,3,4,4,2,-1.01068,704
1,3,4,4,3,-1.05152,1059
1,3,4,4,4,3.03973,467
1,4,0,0,0,0.04439,0
1,4,0,0,1,0.09663,0
1,4,0,0,2,0.84039,0
1,4,0,0,3,0.22374,0
1,4,0,0,4,0.33825,0
1,4,0,1,0,0.94789,0
1,4,0,1,1,0.33264,0
1,4,0,1,2,-0.26677,12
1,4,0,1,3,0.99071,0
1,4,0,1,4,0.72803,0
1,4,0,2,0,0.78361,0
1,4,0,2,1,0.28942,0
1,4,0,2,2,0.41067,16
1,4,0,2,3,0.80542,0
1,4,0,2,4,0.47322,0
1,4,0,3,0,0.27919,0
1,4,0,3,1,0.48959,0
1,4,0,3,2,2.19095,2
1,4,0,3,3,0.95086,0
1,4,0,3,4,0.44861,0
1,4,0,4,0,1.07566,9
1,4,0,4,1,1.07716,75
1,4,0,4,2,3.95355,13
1,4,0,4,3,0.10289,0
1,4,0,4,4,0.60350,0
1,4,1,0,0,-0.77737,5
1,4,1,0,1,-0.18118,5
1,4,1,0,2,-0.53422,77
1,4,1,0,3,-0.46239,5
1,4,1,0,4,-0.17734,6
1,4,1,1,0,0.87565,0
1,4,1,1,1,2.15617,23
1,4,1,1,2,-0.80218,95
1,4,1,1,3,3.21102,12
1,4,1,1,4,-0.42465,637
1,4,1,2,0,0.05321,0
1,4,1,2,1,-0.24526,7
1,4,1,2,2,-0.93392,73
1,4,1,2,3,0.00039,0
1,4,1,2,4,2.14886,329
1,4,1,3,0,0.94289,0
1,4,1,3,1,0.28864,1
1,4,1,3,2,0.15814,19
1,4,1,3,3,1.75646,72
1,4,1,3,4,-0.08927,470
1,4,1,4,0,0.45693,8
1,4,1,4,1,-0.69317,83
1,4,1,4,2,-0.12142,5
1,4,1,4,3,0.96311,108
1,4,1,4,4,-0.10941,419
1,4,2,0,0,0.02156,0
1,4,2,0,1,1.03669,6
1,4,2,0,2,0.45459,0
1,4,2,0,3,0.06486,0
1,4,2,0,4,-0.04510,21
1,4,2,1,0,0.83054,0
1,4,2,1,1,-0.39548,116
1,4,2,1,2,3.19976,8
1,4,2,1,3,-0.79850,11
1,4,2,1,4,1.48471,24
1,4,2,2,0,0.16474,5
1,4,2,2,1,-0.94255,45
1,4,2,2,2,0.55544,0
1,4,2,2,3,-0.30373,6
1,4,2,2,4,2.01806,8
1,4,2,3,0,0.17026,5
1,4,2,3,1,0.26052,86
1,4,2,3,2,0.16247,13
1,4,2,3,3,-0.39634,6
1,4,2,3,4,-0.09561,8
1,4,2,4,0,1.20255,3
1,4,2,4,1,0.41315,13
1,4,2,4,2,-0.77218,8
1,4,2,4,3,0.43858,3
1,4,2,4,4,0.14053,12
1,4,3,0,0,0.88294,0
1,4,3,0,1,0.72366,0
1,4,3,0,2,1.69518,3
1,4,3,0,3,0.82106,0
1,4,3,0,4,0.58797,0
1,4,3,1,0,-0.89468,4
1,4,3,1,1,-0.36489,3
1,4,3,1,2,-0.46370,49
1,4,3,1,3,-0.39475,4
1,4,3,1,4,0.76285,0
1,4,3,2,0,-0.46188,8
1,4,3,2,1,0.66684,5
1,4,3,2,2,-0.83978,12
1,4,3,2,3,2.36403,6
1,4,3,2,4,1.22936,6
1,4,3,3,0,0.14574,0
1,4,3,3,1,0.81418,0
1,4,3,3,2,-0.70193,36
1,4,3,3,3,1.19144,10
1,4,3,3,4,0.13703,0
1,4,3,4,0,0.37914,0
1,4,3,4,1,1.36428,11
1,4,3,4,2,1.13143,34
1,4,3,4,3,0.18158,0
1,4,3,4,4,0.57904,0
1,4,4,0,0,-0.08141,11
1,4,4,0,1,0.32035,9
1,4,4,0,2,1.16555,18
1,4,4,0,3,2.23681,7
1,4,4,0,4,1.30261,378
1,4,4,1,0,-0.95114,10
1,4,4,1,1,-0.58077,6
1,4,4,1,2,-0.92208,17
1,4,4,1,3,-0.65649,21
1,4,4,1,4,-1.11638,16
1,4,4,2,0,0.87273,0
1,4,4,2,1,0.11549,20
1,4,4,2,2,0.11231,0
1,4,4,2,3,0.81754,0
1,4,4,2,4,-0.11135,13
1,4,4,3,0,-0.67312,12
1,4,4,3,1,1.08412,25
1,4,4,3,2,-0.28608,30
1,4,4,3,3,0.42936,25
1,4,4,3,4,-0.05298,695
1,4,4,4,0,0.84414,5
1,4,4,4,1,0.27816,22
1,4,4,4,2,-0.92487,39
1,4,4,4,3,-0.14989,24
1,4,4,4,4,-0.35875,223
2,0,0,0,0,0.87295,0
2,0,0,0,1,0.21574,0
2,0,0,0,2,0.25515,0
2,0,0,0,3,0.19543,0
2,0,0,0,4,0.94417,0
2,0,0,1,0,0.96879,0
2,0,0,1,1,0.98241,0
2,0,0,1,2,0.80003,0
2,0,0,1,3,0.12000,0
2,0,0,1,4,1.36627,1
2,0,0,2,0,2.32495,61
2,0,0,2,1,2.28501,4
2,0,0,2,2,0.63620,0
2,0,0,2,3,0.43327,0
2,0,0,2,4,1.33872,25
2,0,0,3,0,7.99987,61
2,0,0,3,1,7.99987,62
2,0,0,3,2,0.00051,0
2,0,0,3,3,7.99983,80
2,0,0,3,4,4.71776,9
2,0,0,4,0,0.68118,0
2,0,0,4,1,0.18272,0
2,0,0,4,2,0.37933,0
2,0,0,4,3,0.35439,0
2,0,0,4,4,-0.28983,1
2,0,1,0,0,0.67640,2
2,0,1,0,1,2.03546,9
2,0,1,0,2,0.14350,0
2,0,1,0,3,0.68531,0
2,0,1,0,4,0.24909,0
2,0,1,1,0,2.50600,485
2,0,1,1,1,2.79177,6348
2,0,1,1,2,1.46016,492
2,0,1,1,3,2.36997,965
2,0,1,1,4,2.12213,155
2,0,1,2,0,2.93169,723
2,0,1,2,1,1.50068,19994
2,0,1,2,2,2.71411,1598
2,0,1,2,3,3.75452,5185
2,0,1,2,4,2.44452,641
2,0,1,3,0,2.01935,902
2,0,1,3,1,1.77819,29606
2,0,1,3,2,5.12101,2354
2,0,1,3,3,4.65567,6590
2,0,1,3,4,4.29957,769
2,0,1,4,0,2.66204,305
2,0,1,4,1,2.86473,10486
2,0,1,4,2,1.81682,491
2,0,1,4,3,1.94887,1876
2,0,1,4,4,1.40814,177
2,0,2,0,0,0.35486,0
2,0,2,0,1,0.12368,0
2,0,2,0,2,0.08834,0
2,0,2,0,3,0.10361,2
2,0,2,0,4,0.44257,4
2,0,2,1,0,0.83345,25
2,0,2,1,1,1.65142,150
2,0,2,1,2,1.11949,510
2,0,2,1,3,1.71930,1219
2,0,2,1,4,1.04334,2374
2,0,2,2,0,-0.57206,140
2,0,2,2,1,1.83977,329
2,0,2,2,2,2.28634,1609
2,0,2,2,3,3.38178,3594
2,0,2,2,4,2.34198,8965
2,0,2,3,0,0.48915,125
2,0,2,3,1,4.75237,499
2,0,2,3,2,2.74193,2292
2,0,2,3,3,3.98927,4982
2,0,2,3,4,0.91203,13201
2,0,2,4,0,1.36819,25
2,0,2,4,1,3.50081,147
2,0,2,4,2,2.46324,718
2,0,2,4,3,3.61730,1835
2,0,2,4,4,2.46043,4011
2,0,3,0,0,0.72167,0
2,0,3,0,1,0.90643,0
2,0,3,0,2,-0.05240,5
2,0,3,0,3,0.86543,2
2,0,3,0,4,0.58713,0
2,0,3,1,0,-0.92307,39
2,0,3,1,1,0.56708,250
2,0,3,1,2,0.47774,219
2,0,3,1,3,1.19578,174
2,0,3,1,4,-0.77937,32
2,0,3,2,0,0.88082,100
2,0,3,2,1,3.43833,861
2,0,3,2,2,2.18955,875
2,0,3,2,3,2.09729,821
2,0,3,2,4,0.94665,111
2,0,3,3,0,1.69357,87
2,0,3,3,1,2.54258,1218
2,0,3,3,2,2.53676,1253
2,0,3,3,3,3.71568,1024
2,0,3,3,4,0.72558,163
2,0,3,4,0,1.61045,44
2,0,3,4,1,1.27159,370
2,0,3,4,2,1.29690,374
2,0,3,4,3,3.66712,370
2,0,3,4,4,1.01908,33
2,0,4,0,0,0.66528,0
2,0,4,0,1,0.70924,0
2,0,4,0,2,0.44393,0
2,0,4,0,3,0.38678,0
2,0,4,0,4,0.55189,0
2,0,4,1,0,-1.05210,69
2,0,4,1,1,0.04765,117
2,0,4,1,2,-0.53159,352
2,0,4,1,3,1.04273,351
2,0,4,1,4,-1.08633,107
2,0,4,2,0,0.59563,366
2,0,4,2,1,2.36618,358
2,0,4,2,2,-0.03510,1143
2,0,4,2,3,2.69123,1284
2,0,4,2,4,2.33371,311
2,0,4,3,0,2.43956,529
2,0,4,3,1,-0.31261,346
2,0,4,3,2,2.41633,1379
2,0,4,3,3,2.31650,1991
2,0,4,3,4,0.17248,411
2,0,4,4,0,2.26450,100
2,0,4,4,1,2.03883,139
2,0,4,4,2,2.13954,567
2,0,4,4,3,2.53454,681
2,0,4,4,4,3.11807,98
2,1,0,0,0,0.74948,0
2,1,0,0,1,0.36676,0
2,1,0,0,2,0.55353,0
2,1,0,0,3,0.67169,0
2,1,0,0,4,0.36450,0
2,1,0,1,0,2.93575,1497
2,1,0,1,1,2.43051,65
2,1,0,1,2,0.91613,0
2,1,0,1,3,2.15921,56
2,1,0,1,4,1.89824,13
2,1,0,2,0,2.65229,10047
2,1,0,2,1,2.37917,79
2,1,0,2,2,0.21237,30
2,1,0,2,3,3.78551,290
2,1,0,2,4,0.25742,80
2,1,0,3,0,2.73190,9419
2,1,0,3,1,0.84989,253
2,1,0,3,2,0.25494,29
2,1,0,3,3,3.93118,630
2,1,0,3,4,2.38985,128
2,1,0,4,0,3.60215,1988
2,1,0,4,1,0.09836,20
2,1,0,4,2,-0.55043,9
2,1,0,4,3,3.36457,367
2,1,0,4,4,-0.99486,13
2,1,1,0,0,-1.01052,41
2,1,1,0,1,-0.99802,59
2,1,1,0,2,-0.99815,105
2,1,1,0,3,3.99957,530
2,1,1,0,4,-0.99793,152
2,1,1,1,0,4.97816,3264
2,1,1,1,1,3.63433,3823
2,1,1,1,2,1.04311,3721
2,1,1,1,3,3.99945,48512
2,1,1,1,4,3.66340,11294
2,1,1,2,0,0.90147,12745
2,1,1,2,1,3.80909,17280
2,1,1,2,2,1.51539,18115
2,1,1,2,3,4.49952,434311
2,1,1,2,4,2.24218,37402
2,1,1,3,0,2.22525,13410
2,1,1,3,1,3.58442,21766
2,1,1,3,2,1.21090,25476
2,1,1,3,3,3.99874,536679
2,1,1,3,4,0.58308,36916
2,1,1,4,0,1.95455,3694
2,1,1,4,1,1.48115,5908
2,1,1,4,2,2.02420,5755
2,1,1,4,3,3.99983,82523
2,1,1,4,4,2.76121,11526
2,1,2,0,0,-0.97852,60
2,1,2,0,1,-0.98999,85
2,1,2,0,2,0.35686,172
2,1,2,0,3,-0.28683,288
2,1,2,0,4,-0.97902,55
2,1,2,1,0,-0.34741,2939
2,1,2,1,1,0.42703,6518
2,1,2,1,2,1.21234,9859
2,1,2,1,3,1.53876,12298
2,1,2,1,4,0.36332,3157
2,1,2,2,0,3.00771,17254
2,1,2,2,1,1.03836,47692
2,1,2,2,2,1.24090,54738
2,1,2,2,3,3.46657,132304
2,1,2,2,4,1.81362,10953
2,1,2,3,0,1.08045,20296
2,1,2,3,1,3.27055,55362
2,1,2,3,2,1.84147,71998
2,1,2,3,3,2.06944,159181
2,1,2,3,4,-0.81688,11951
2,1,2,4,0,1.91459,5302
2,1,2,4,1,-0.46681,11463
2,1,2,4,2,2.14848,15833
2,1,2,4,3,1.82791,23110
2,1,2,4,4,1.01053,3956
2,1,3,0,0,0.12991,6
2,1,3,0,1,0.01865,17
2,1,3,0,2,0.16236,10
2,1,3,0,3,0.96337,84
2,1,3,0,4,-0.46112,6
2,1,3,1,0,-1.04271,213
2,1,3,1,1,-0.98717,559
2,1,3,1,2,-0.98359,1280
2,1,3,1,3,-0.30421,7128
2,1,3,1,4,-1.06730,570
2,1,3,2,0,1.09492,1342
2,1,3,2,1,1.13526,3976
2,1,3,2,2,0.79098,8362
2,1,3,2,3,0.20067,98509
2,1,3,2,4,1.05840,2997
2,1,3,3,0,1.81581,1272
2,1,3,3,1,-0.84946,4035
2,1,3,3,2,0.21487,10585
2,1,3,3,3,0.29995,115088
2,1,3,3,4,1.57671,2634
2,1,3,4,0,-0.89736,304
2,1,3,4,1,-0.84818,939
2,1,3,4,2,0.94211,2335
2,1,3,4,3,1.80139,18603
2,1,3,4,4,-0.99668,575
2,1,4,0,0,-1.02647,13
2,1,4,0,1,-0.07938,31
2,1,4,0,2,0.90777,31
2,1,4,0,3,1.44579,162
2,1,4,0,4,1.79978,22
2,1,4,1,0,-1.07013,882
2,1,4,1,1,-1.07094,1349
2,1,4,1,2,-0.91370,1902
2,1,4,1,3,1.54350,4680
2,1,4,1,4,-1.07066,667
2,1,4,2,0,-0.55768,5356
2,1,4,2,1,1.36122,4162
2,1,4,2,2,0.64566,11774
2,1,4,2,3,2.90304,55405
2,1,4,2,4,1.20164,3835
2,1,4,3,0,0.70599,7590
2,1,4,3,1,1.57909,4514
2,1,4,3,2,0.67641,14238
2,1,4,3,3,0.08978,63043
2,1,4,3,4,1.66877,3775
2,1,4,4,0,-0.78573,1726
2,1,4,4,1,-0.82015,1261
2,1,4,4,2,2.01135,3729
2,1,4,4,3,-0.98997,11506
2,1,4,4,4,-0.41887,1158
2,2,0,0,0,-0.05259,15
2,2,0,0,1,-0.05710,59
2,2,0,0,2,0.20466,0
2,2,0,0,3,2.57851,4
2,2,0,0,4,-0.00648,20
2,2,0,1,0,2.83036,31
2,2,0,1,1,1.33086,1024
2,2,0,1,2,3.96797,25
2,2,0,1,3,3.99946,739
2,2,0,1,4,0.26000,2575
2,2,0,2,0,3.84906,116
2,2,0,2,1,1.75308,8949
2,2,0,2,2,-0.96109,162
2,2,0,2,3,3.99877,4029
2,2,0,2,4,2.50550,7000
2,2,0,3,0,3.85523,123
2,2,0,3,1,-0.01096,12122
2,2,0,3,2,2.58824,184
2,2,0,3,3,4.00017,5172
2,2,0,3,4,-0.32066,6353
2,2,0,4,0,2.08655,109
2,2,0,4,1,1.80563,2760
2,2,0,4,2,2.65205,23
2,2,0,4,3,4.00017,493
2,2,0,4,4,-0.97407,2045
2,2,1,0,0,-1.00642,46
2,2,1,0,1,0.52372,117
2,2,1,0,2,-1.00706,20
2,2,1,0,3,-1.02206,59
2,2,1,0,4,-1.01128,15
2,2,1,1,0,-0.97104,2805
2,2,1,1,1,2.39639,8616
2,2,1,1,2,0.43338,720
2,2,1,1,3,-0.60012,2868
2,2,1,1,4,0.47359,1445
2,2,1,2,0,1.52464,10773
2,2,1,2,1,3.32730,45094
2,2,1,2,2,0.04762,5154
2,2,1,2,3,2.20862,9994
2,2,1,2,4,0.53444,4593
2,2,1,3,0,-0.21744,11704
2,2,1,3,1,2.51355,52134
2,2,1,3,2,-0.10785,4879
2,2,1,3,3,2.48422,9584
2,2,1,3,4,3.52684,5016
2,2,1,4,0,0.17015,2969
2,2,1,4,1,2.06359,11367
2,2,1,4,2,-0.94445,1413
2,2,1,4,3,0.67378,3040
2,2,1,4,4,0.14955,2589
2,2,2,0,0,-1.09562,127
2,2,2,0,1,-1.09562,62
2,2,2,0,2,-0.99139,129
2,2,2,0,3,1.43260,184
2,2,2,0,4,-1.09562,118
2,2,2,1,0,-1.00152,3448
2,2,2,1,1,-0.32930,373
2,2,2,1,2,1.23444,5470
2,2,2,1,3,3.33121,2045
2,2,2,1,4,-1.08976,1763
2,2,2,2,0,0.45841,13014
2,2,2,2,1,1.58955,1533
2,2,2,2,2,1.08965,37138
2,2,2,2,3,3.59624,8526
2,2,2,2,4,0.48664,4973
2,2,2,3,0,1.46727,18428
2,2,2,3,1,1.21720,1830
2,2,2,3,2,2.30069,43513
2,2,2,3,3,1.64922,9197
2,2,2,3,4,0.46222,4970
2,2,2,4,0,-0.47211,4983
2,2,2,4,1,1.59082,438
2,2,2,4,2,-1.00749,10841
2,2,2,4,3,3.91570,2661
2,2,2,4,4,0.92125,1826
2,2,3,0,0,-0.99142,40
2,2,3,0,1,-0.88150,35
2,2,3,0,2,-0.82631,38
2,2,3,0,3,-0.93827,113
2,2,3,0,4,-0.83984,91
2,2,3,1,0,-1.00910,542
2,2,3,1,1,-1.00420,945
2,2,3,1,2,1.86366,448
2,2,3,1,3,-0.96243,2705
2,2,3,1,4,-1.00525,1940
2,2,3,2,0,3.11503,2210
2,2,3,2,1,1.47205,4245
2,2,3,2,2,2.69688,1806
2,2,3,2,3,0.18931,10660
2,2,3,2,4,-0.98076,6695
2,2,3,3,0,-0.94761,2637
2,2,3,3,1,-0.40308,5085
2,2,3,3,2,1.52398,1996
2,2,3,3,3,1.21990,11108
2,2,3,3,4,0.19717,7548
2,2,3,4,0,1.93315,768
2,2,3,4,1,-0.57547,1258
2,2,3,4,2,3.53225,414
2,2,3,4,3,-0.18561,3272
2,2,3,4,4,0.60473,2723
2,2,4,0,0,-0.93224,27
2,2,4,0,1,0.38520,69
2,2,4,0,2,-1.01908,89
2,2,4,0,3,-0.91120,82
2,2,4,0,4,-1.02971,62
2,2,4,1,0,-1.15817,1792
2,2,4,1,1,-1.12242,1011
2,2,4,1,2,-0.96154,1863
2,2,4,1,3,-1.12493,2766
2,2,4,1,4,-1.12312,1065
2,2,4,2,0,-0.69378,7015
2,2,4,2,1,-1.08183,4600
2,2,4,2,2,0.24761,8755
2,2,4,2,3,0.68046,17152
2,2,4,2,4,-0.73183,3260
2,2,4,3,0,-0.94763,8696
2,2,4,3,1,-0.76004,4142
2,2,4,3,2,-0.34278,8863
2,2,4,3,3,1.96376,20966
2,2,4,3,4,-0.86417,3949
2,2,4,4,0,-0.84395,2577
2,2,4,4,1,-0.75487,1245
2,2,4,4,2,0.33038,2184
2,2,4,4,3,-0.89322,5062
2,2,4,4,4,-0.13846,887
2,3,0,0,0,-0.43985,6
2,3,0,0,1,-0.50387,58
2,3,0,0,2,0.61372,17
2,3,0,0,3,-0.51534,32
2,3,0,0,4,-0.44353,8
2,3,0,1,0,2.75434,4
2,3,0,1,1,0.73099,15
2,3,0,1,2,1.02311,1140
2,3,0,1,3,1.24374,616
2,3,0,1,4,0.43548,0
2,3,0,2,0,0.68264,0
2,3,0,2,1,0.30834,86
2,3,0,2,2,1.77971,2778
2,3,0,2,3,-0.78742,1074
2,3,0,2,4,0.24723,14
2,3,0,3,0,2.86356,4
2,3,0,3,1,3.13991,21
2,3,0,3,2,1.05488,4529
2,3,0,3,3,0.07317,2127
2,3,0,3,4,-0.77743,33
2,3,0,4,0,3.88239,12
2,3,0,4,1,2.78612,21
2,3,0,4,2,3.89885,1394
2,3,0,4,3,-0.54802,1270
2,3,0,4,4,1.33156,13
2,3,1,0,0,-0.99895,15
2,3,1,0,1,-0.99903,23
2,3,1,0,2,-0.99901,20
2,3,1,0,3,-0.75600,118
2,3,1,0,4,-0.99903,147
2,3,1,1,0,-0.69690,290
2,3,1,1,1,2.61061,160
2,3,1,1,2,1.44309,554
2,3,1,1,3,3.99885,6931
2,3,1,1,4,2.14988,1844
2,3,1,2,0,2.67950,233
2,3,1,2,1,0.05233,107
2,3,1,2,2,1.14924,914
2,3,1,2,3,0.30814,11385
2,3,1,2,4,0.75609,3963
2,3,1,3,0,2.16740,242
2,3,1,3,1,0.58174,218
2,3,1,3,2,-0.91875,1113
2,3,1,3,3,0.11940,18590
2,3,1,3,4,0.24723,5093
2,3,1,4,0,-0.62844,256
2,3,1,4,1,1.85034,127
2,3,1,4,2,2.16449,687
2,3,1,4,3,3.99982,8822
2,3,1,4,4,-0.54580,3087
2,3,2,0,0,-0.74853,6
2,3,2,0,1,-0.83467,24
2,3,2,0,2,-0.95844,27
2,3,2,0,3,0.50481,29
2,3,2,0,4,-0.75398,13
2,3,2,1,0,-0.66523,116
2,3,2,1,1,3.68210,132
2,3,2,1,2,-0.83962,1122
2,3,2,1,3,0.69650,1171
2,3,2,1,4,-0.58518,82
2,3,2,2,0,-0.99980,240
2,3,2,2,1,1.82849,300
2,3,2,2,2,0.40410,2280
2,3,2,2,3,-0.46477,2753
2,3,2,2,4,-0.91647,123
2,3,2,3,0,-0.97084,278
2,3,2,3,1,1.11975,354
2,3,2,3,2,-0.99407,2661
2,3,2,3,3,0.33290,4550
2,3,2,3,4,-0.99092,297
2,3,2,4,0,0.62514,39
2,3,2,4,1,0.23147,199
2,3,2,4,2,-0.89168,894
2,3,2,4,3,0.49663,2564
2,3,2,4,4,-0.33024,90
2,3,3,0,0,-0.67333,55
2,3,3,0,1,-0.59331,17
2,3,3,0,2,-0.71611,25
2,3,3,0,3,-0.97268,57
2,3,3,0,4,-0.79024,39
2,3,3,1,0,-1.00502,788
2,3,3,1,1,1.23946,307
2,3,3,1,2,-1.03267,148
2,3,3,1,3,-0.99721,910
2,3,3,1,4,-1.03101,449
2,3,3,2,0,-0.54862,1396
2,3,3,2,1,0.56761,571
2,3,3,2,2,0.12190,124
2,3,3,2,3,-0.95967,1119
2,3,3,2,4,0.07997,681
2,3,3,3,0,1.28720,1623
2,3,3,3,1,0.39987,837
2,3,3,3,2,-0.06948,208
2,3,3,3,3,0.02555,1410
2,3,3,3,4,-0.29919,1059
2,3,3,4,0,-0.23354,733
2,3,3,4,1,-0.27608,475
2,3,3,4,2,1.59436,78
2,3,3,4,3,-0.84205,739
2,3,3,4,4,0.04178,895
2,3,4,0,0,-0.96507,25
2,3,4,0,1,-0.89064,30
2,3,4,0,2,-0.87195,68
2,3,4,0,3,-0.48066,169
2,3,4,0,4,-0.18427,40
2,3,4,1,0,-1.12722,725
2,3,4,1,1,-1.12843,881
2,3,4,1,2,0.02996,538
2,3,4,1,3,-1.16677,2119
2,3,4,1,4,-1.13455,1290
2,3,4,2,0,0.09188,635
2,3,4,2,1,-0.98284,1052
2,3,4,2,2,1.09173,738
2,3,4,2,3,-1.00697,2622
2,3,4,2,4,-1.12459,1381
2,3,4,3,0,-0.97751,647
2,3,4,3,1,-0.97678,1423
2,3,4,3,2,-0.99915,1642
2,3,4,3,3,-0.96906,3908
2,3,4,3,4,1.11209,1924
2,3,4,4,0,-0.67419,508
2,3,4,4,1,0.22539,941
2,3,4,4,2,-0.76590,729
2,3,4,4,3,-0.33672,2510
2,3,4,4,4,-0.95440,918
2,4,0,0,0,0.82240,0
2,4,0,0,1,0.33923,0
2,4,0,0,2,0.69581,0
2,4,0,0,3,0.65211,0
2,4,0,0,4,0.66346,0
2,4,0,1,0,0.31083,89
2,4,0,1,1,0.02392,0
2,4,0,1,2,0.43927,0
2,4,0,1,3,0.47039,0
2,4,0,1,4,0.95277,0
2,4,0,2,0,1.08895,34
2,4,0,2,1,0.95137,2
2,4,0,2,2,0.50726,0
2,4,0,2,3,0.30649,0
2,4,0,2,4,0.74850,0
2,4,0,3,0,-0.02956,12
2,4,0,3,1,-0.12772,2
2,4,0,3,2,0.26422,0
2,4,0,3,3,0.10179,0
2,4,0,3,4,0.18524,0
2,4,0,4,0,2.44032,7
2,4,0,4,1,0.64024,0
2,4,0,4,2,0.27268,0
2,4,0,4,3,0.67351,0
2,4,0,4,4,0.16951,0
2,4,1,0,0,-0.08178,11
2,4,1,0,1,-0.04908,2
2,4,1,0,2,-0.11182,3
2,4,1,0,3,0.08207,0
2,4,1,0,4,0.03956,0
2,4,1,1,0,-0.15731,30
2,4,1,1,1,-0.10422,171
2,4,1,1,2,0.23938,0
2,4,1,1,3,-0.18845,696
2,4,1,1,4,0.48165,0
2,4,1,2,0,2.16324,7
2,4,1,2,1,-0.75995,149
2,4,1,2,2,0.51588,0
2,4,1,2,3,-0.99163,278
2,4,1,2,4,0.54699,0
2,4,1,3,0,-0.13225,17
2,4,1,3,1,1.07459,324
2,4,1,3,2,0.97589,0
2,4,1,3,3,2.55858,763
2,4,1,3,4,0.77048,0
2,4,1,4,0,0.63326,12
2,4,1,4,1,-0.45681,204
2,4,1,4,2,0.39435,0
2,4,1,4,3,4.00017,285
2,4,1,4,4,0.48577,0
2,4,2,0,0,0.80082,0
2,4,2,0,1,0.59457,1
2,4,2,0,2,0.01799,0
2,4,2,0,3,0.30951,37
2,4,2,0,4,0.29504,0
2,4,2,1,0,1.06947,56
2,4,2,1,1,2.08089,1
2,4,2,1,2,0.60373,0
2,4,2,1,3,-0.92263,306
2,4,2,1,4,0.43775,0
2,4,2,2,0,0.71945,100
2,4,2,2,1,0.86334,0
2,4,2,2,2,0.77886,3
2,4,2,2,3,-0.38278,126
2,4,2,2,4,0.96191,0
2,4,2,3,0,-0.73101,103
2,4,2,3,1,0.38136,0
2,4,2,3,2,0.83799,0
2,4,2,3,3,-0.56799,252
2,4,2,3,4,2.45097,4
2,4,2,4,0,0.11465,73
2,4,2,4,1,0.28911,0
2,4,2,4,2,1.54219,3
2,4,2,4,3,-0.75280,135
2,4,2,4,4,0.21857,0
2,4,3,0,0,0.07941,0
2,4,3,0,1,0.01241,0
2,4,3,0,2,0.14963,0
2,4,3,0,3,1.63387,13
2,4,3,0,4,-0.09073,60
2,4,3,1,0,-0.27745,9
2,4,3,1,1,-0.25030,8
2,4,3,1,2,-0.29627,8
2,4,3,1,3,1.54545,52
2,4,3,1,4,0.54746,35
2,4,3,2,0,0.01406,0
2,4,3,2,1,-0.88036,7
2,4,3,2,2,0.49109,0
2,4,3,2,3,-0.97029,18
2,4,3,2,4,1.12260,53
2,4,3,3,0,0.06307,0
2,4,3,3,1,0.60369,0
2,4,3,3,2,0.07740,0
2,4,3,3,3,-0.29512,41
2,4,3,3,4,2.06790,92
2,4,3,4,0,-0.11269,9
2,4,3,4,1,0.00195,0
2,4,3,4,2,0.39757,0
2,4,3,4,3,1.54902,31
2,4,3,4,4,-0.57168,43
2,4,4,0,0,-0.89611,4
2,4,4,0,1,-0.99678,12
2,4,4,0,2,0.76489,7
2,4,4,0,3,0.20976,26
2,4,4,0,4,1.33259,244
2,4,4,1,0,-1.01369,30
2,4,4,1,1,0.43173,22
2,4,4,1,2,-0.99899,16
2,4,4,1,3,-0.99957,53
2,4,4,1,4,-0.99922,39
2,4,4,2,0,0.68070,9
2,4,4,2,1,-0.73141,126
2,4,4,2,2,0.54480,3
2,4,4,2,3,0.12712,19
2,4,4,2,4,0.56017,46
2,4,4,3,0,-0.85434,29
2,4,4,3,1,-0.96706,223
2,4,4,3,2,0.94670,8
2,4,4,3,3,-0.74806,35
2,4,4,3,4,-0.51453,727
2,4,4,4,0,-0.60319,21
2,4,4,4,1,-0.50319,99
2,4,4,4,2,0.85067,23
2,4,4,4,3,-0.35079,95
2,4,4,4,4,0.90516,204
3,0,0,0,0,0.34734,0
3,0,0,0,1,0.47771,0
3,0,0,0,2,0.87124,0
3,0,0,0,3,0.96410,0
3,0,0,0,4,0.49516,0
3,0,0,1,0,0.48622,0
3,0,0,1,1,0.61627,0
3,0,0,1,2,2.18489,3
3,0,0,1,3,0.88886,0
3,0,0,1,4,0.63432,0
3,0,0,2,0,0.97301,0
3,0,0,2,1,0.44989,0
3,0,0,2,2,6.03099,418
3,0,0,2,3,3.99985,313
3,0,0,2,4,0.00666,0
3,0,0,3,0,-0.29358,9
3,0,0,3,1,0.31823,0
3,0,0,3,2,4.13456,304
3,0,0,3,3,3.99997,693
3,0,0,3,4,0.63486,0
3,0,0,4,0,0.17451,0
3,0,0,4,1,0.32577,0
3,0,0,4,2,2.94743,63
3,0,0,4,3,2.89894,63
3,0,0,4,4,2.33160,64
3,0,1,0,0,-0.55494,17
3,0,1,0,1,2.51398,45
3,0,1,0,2,0.28797,0
3,0,1,0,3,-0.46262,6
3,0,1,0,4,0.52739,0
3,0,1,1,0,4.46245,2014
3,0,1,1,1,3.77748,1631
3,0,1,1,2,2.33443,316
3,0,1,1,3,3.99992,524
3,0,1,1,4,0.15512,38
3,0,1,2,0,2.75005,6983
3,0,1,2,1,4.36605,4701
3,0,1,2,2,3.76933,1033
3,0,1,2,3,3.15474,1926
3,0,1,2,4,-0.09420,80
3,0,1,3,0,3.81582,9648
3,0,1,3,1,4.90995,7712
3,0,1,3,2,2.71542,1776
3,0,1,3,3,6.34321,1986
3,0,1,3,4,1.92060,157
3,0,1,4,0,2.70476,3699
3,0,1,4,1,1.28280,2804
3,0,1,4,2,3.64027,442
3,0,1,4,3,2.03420,646
3,0,1,4,4,2.73735,30
3,0,2,0,0,0.70634,7
3,0,2,0,1,0.58473,0
3,0,2,0,2,0.40665,3
3,0,2,0,3,2.08275,14
3,0,2,0,4,0.71036,0
3,0,2,1,0,2.36471,1420
3,0,2,1,1,0.41560,85
3,0,2,1,2,3.24538,384
3,0,2,1,3,1.80837,1008
3,0,2,1,4,2.41410,19
3,0,2,2,0,1.43821,4191
3,0,2,2,1,0.97405,272
3,0,2,2,2,1.55092,1052
3,0,2,2,3,0.89969,3256
3,0,2,2,4,2.73830,116
3,0,2,3,0,2.07126,5726
3,0,2,3,1,1.63540,632
3,0,2,3,2,2.27101,1445
3,0,2,3,3,3.47092,4868
3,0,2,3,4,0.17614,127
3,0,2,4,0,1.32915,1844
3,0,2,4,1,1.77431,90
3,0,2,4,2,1.21200,492
3,0,2,4,3,3.10129,1517
3,0,2,4,4,1.95365,48
3,0,3,0,0,0.81601,0
3,0,3,0,1,0.37413,2
3,0,3,0,2,-0.11493,7
3,0,3,0,3,0.17483,0
3,0,3,0,4,0.13851,0
3,0,3,1,0,3.51565,325
3,0,3,1,1,-0.04002,159
3,0,3,1,2,2.15497,78
3,0,3,1,3,2.41348,309
3,0,3,1,4,-0.02383,64
3,0,3,2,0,1.35869,1380
3,0,3,2,1,0.34591,412
3,0,3,2,2,2.01002,301
3,0,3,2,3,3.87030,1008
3,0,3,2,4,3.82422,171
3,0,3,3,0,3.94957,1776
3,0,3,3,1,1.28665,571
3,0,3,3,2,1.79830,528
3,0,3,3,3,3.93277,1271
3,0,3,3,4,2.99010,294
3,0,3,4,0,2.29020,548
3,0,3,4,1,1.31454,130
3,0,3,4,2,1.01926,199
3,0,3,4,3,2.54113,536
3,0,3,4,4,2.35886,132
3,0,4,0,0,0.21823,0
3,0,4,0,1,-0.02775,8
3,0,4,0,2,0.26352,1
3,0,4,0,3,-0.41095,14
3,0,4,0,4,0.34449,1
3,0,4,1,0,-0.48311,99
3,0,4,1,1,-0.83156,150
3,0,4,1,2,2.25227,197
3,0,4,1,3,1.05986,585
3,0,4,1,4,-0.49528,122
3,0,4,2,0,1.29658,810
3,0,4,2,1,0.95426,652
3,0,4,2,2,2.01471,1740
3,0,4,2,3,3.01964,2655
3,0,4,2,4,2.06991,696
3,0,4,3,0,2.96924,1308
3,0,4,3,1,1.98830,852
3,0,4,3,2,2.45365,2360
3,0,4,3,3,3.60487,3770
3,0,4,3,4,1.34947,836
3,0,4,4,0,2.35060,599
3,0,4,4,1,1.27741,232
3,0,4,4,2,2.98408,871
3,0,4,4,3,2.74961,1211
3,0,4,4,4,1.35027,322
3,1,0,0,0,0.00530,0
3,1,0,0,1,0.67205,0
3,1,0,0,2,0.86982,0
3,1,0,0,3,2.68112,7
3,1,0,0,4,0.02330,0
3,1,0,1,0,2.53386,9
3,1,0,1,1,2.43061,1
3,1,0,1,2,3.04138,1649
3,1,0,1,3,-0.99816,534
3,1,0,1,4,1.74561,1
3,1,0,2,0,1.25402,103
3,1,0,2,1,-0.08753,25
3,1,0,2,2,1.70732,13414
3,1,0,2,3,4.00017,4321
3,1,0,2,4,4.92465,80
3,1,0,3,0,-0.57321,104
3,1,0,3,1,5.61666,179
3,1,0,3,2,3.84509,15131
3,1,0,3,3,2.20783,5884
3,1,0,3,4,-0.89920,424
3,1,0,4,0,-0.77408,15
3,1,0,4,1,0.53319,16
3,1,0,4,2,4.73986,2955
3,1,0,4,3,2.36711,623
3,1,0,4,4,1.00781,17
3,1,1,0,0,-0.95944,128
3,1,1,0,1,-0.96370,30
3,1,1,0,2,-0.96144,69
3,1,1,0,3,3.99995,1171
3,1,1,0,4,-0.96355,35
3,1,1,1,0,2.90007,3449
3,1,1,1,1,3.10646,578
3,1,1,1,2,3.03044,6100
3,1,1,1,3,-0.99132,86509
3,1,1,1,4,-0.53487,5192
3,1,1,2,0,3.53960,15700
3,1,1,2,1,3.78152,2962
3,1,1,2,2,3.75784,33454
3,1,1,2,3,4.00007,755098
3,1,1,2,4,1.56439,13338
3,1,1,3,0,3.84008,19794
3,1,1,3,1,0.48309,3723
3,1,1,3,2,3.67850,42813
3,1,1,3,3,0.38170,918429
3,1,1,3,4,2.85836,13991
3,1,1,4,0,2.66183,6076
3,1,1,4,1,2.50929,1175
3,1,1,4,2,1.36604,9733
3,1,1,4,3,3.99938,148315
3,1,1,4,4,2.11702,3893
3,1,2,0,0,-0.91430,73
3,1,2,0,1,-0.93222,29
3,1,2,0,2,-0.93058,53
3,1,2,0,3,0.11345,414
3,1,2,0,4,-0.93267,53
3,1,2,1,0,1.10560,3063
3,1,2,1,1,-0.14709,1755
3,1,2,1,2,1.84176,4017
3,1,2,1,3,3.82640,31076
3,1,2,1,4,1.05626,1988
3,1,2,2,0,0.96402,15049
3,1,2,2,1,3.42139,7549
3,1,2,2,2,3.44175,22913
3,1,2,2,3,0.84155,355399
3,1,2,2,4,1.83912,6631
3,1,2,3,0,3.06331,17582
3,1,2,3,1,2.13229,9304
3,1,2,3,2,2.09041,27691
3,1,2,3,3,0.15573,428807
3,1,2,3,4,-0.27104,7572
3,1,2,4,0,-0.76321,4607
3,1,2,4,1,3.09559,2523
3,1,2,4,2,2.22075,6711
3,1,2,4,3,0.67720,60048
3,1,2,4,4,2.12062,2731
3,1,3,0,0,-0.54699,17
3,1,3,0,1,-0.59900,15
3,1,3,0,2,0.50519,23
3,1,3,0,3,3.54975,180
3,1,3,0,4,-0.53180,6
3,1,3,1,0,-0.87519,1220
3,1,3,1,1,-0.99078,462
3,1,3,1,2,-0.88949,1075
3,1,3,1,3,1.42002,11748
3,1,3,1,4,-0.99088,582
3,1,3,2,0,3.16355,7248
3,1,3,2,1,0.34493,3111
3,1,3,2,2,0.92384,6523
3,1,3,2,3,-0.52838,150155
3,1,3,2,4,0.38755,3025
3,1,3,3,0,1.79339,8865
3,1,3,3,1,1.34146,3893
3,1,3,3,2,1.88439,7557
3,1,3,3,3,-0.99302,176569
3,1,3,3,4,0.33442,3267
3,1,3,4,0,1.52003,2178
3,1,3,4,1,0.24709,885
3,1,3,4,2,0.90379,1691
3,1,3,4,3,0.23471,25606
3,1,3,4,4,1.46345,891
3,1,4,0,0,1.07042,77
3,1,4,0,1,-0.05470,40
3,1,4,0,2,-0.81604,55
3,1,4,0,3,-0.85782,267
3,1,4,0,4,2.18882,56
3,1,4,1,0,-1.06240,1304
3,1,4,1,1,-1.05736,1842
3,1,4,1,2,-0.76390,2776
3,1,4,1,3,2.67553,12919
3,1,4,1,4,-1.03800,995
3,1,4,2,0,0.79060,5699
3,1,4,2,1,0.24361,12529
3,1,4,2,2,1.07695,17839
3,1,4,2,3,2.68224,164823
3,1,4,2,4,1.11661,4628
3,1,4,3,0,1.50899,6586
3,1,4,3,1,-0.78210,16661
3,1,4,3,2,0.22261,22896
3,1,4,3,3,-0.93068,189460
3,1,4,3,4,0.07678,4606
3,1,4,4,0,1.86677,2047
3,1,4,4,1,1.43827,3124
3,1,4,4,2,1.05314,5314
3,1,4,4,3,1.19731,28273
3,1,4,4,4,-0.77196,1195
3,2,0,0,0,0.25783,8
3,2,0,0,1,0.20668,2
3,2,0,0,2,0.08739,3
3,2,0,0,3,2.15280,2
3,2,0,0,4,0.34845,0
3,2,0,1,0,2.74927,1453
3,2,0,1,1,2.73348,7
3,2,0,1,2,3.62113,5
3,2,0,1,3,3.99878,476
3,2,0,1,4,2.60612,4
3,2,0,2,0,2.57047,5110
3,2,0,2,1,1.58454,161
3,2,0,2,2,2.82742,35
3,2,0,2,3,4.00013,3311
3,2,0,2,4,3.46947,3
3,2,0,3,0,-0.06061,6981
3,2,0,3,1,3.48854,159
3,2,0,3,2,3.99995,26
3,2,0,3,3,4.00014,4391
3,2,0,3,4,2.80572,39
3,2,0,4,0,3.91950,2206
3,2,0,4,1,3.80508,41
3,2,0,4,2,3.81036,19
3,2,0,4,3,4.00017,601
3,2,0,4,4,3.38313,8
3,2,1,0,0,-0.99457,30
3,2,1,0,1,1.40275,139
3,2,1,0,2,-0.99625,34
3,2,1,0,3,-0.99914,54
3,2,1,0,4,-0.99525,32
3,2,1,1,0,1.46048,528
3,2,1,1,1,1.38833,9332
3,2,1,1,2,1.51138,681
3,2,1,1,3,0.86843,1820
3,2,1,1,4,-0.98481,961
3,2,1,2,0,0.13847,3243
3,2,1,2,1,-0.00963,67213
3,2,1,2,2,2.69129,3059
3,2,1,2,3,1.56453,7005
3,2,1,2,4,-0.40277,1620
3,2,1,3,0,3.04880,4022
3,2,1,3,1,3.90411,82449
3,2,1,3,2,1.71701,3633
3,2,1,3,3,3.93506,8784
3,2,1,3,4,1.99495,1897
3,2,1,4,0,0.30812,1001
3,2,1,4,1,1.70886,14530
3,2,1,4,2,0.35830,1110
3,2,1,4,3,0.94446,1724
3,2,1,4,4,0.28767,640
3,2,2,0,0,-0.96172,40
3,2,2,0,1,-0.93652,56
3,2,2,0,2,-0.15286,142
3,2,2,0,3,-0.75960,56
3,2,2,0,4,-0.93678,39
3,2,2,1,0,-0.96470,426
3,2,2,1,1,-0.69967,2218
3,2,2,1,2,0.66174,10040
3,2,2,1,3,-0.99567,1237
3,2,2,1,4,-0.21419,1129
3,2,2,2,0,-0.88885,1157
3,2,2,2,1,2.47332,11812
3,2,2,2,2,3.86655,54197
3,2,2,2,3,3.97719,5776
3,2,2,2,4,-0.95472,3072
3,2,2,3,0,-0.97352,1582
3,2,2,3,1,2.80580,15910
3,2,2,3,2,2.98871,66791
3,2,2,3,3,2.03438,6922
3,2,2,3,4,1.03575,2851
3,2,2,4,0,2.49984,476
3,2,2,4,1,2.95609,3413
3,2,2,4,2,3.27160,15301
3,2,2,4,3,2.84912,1726
3,2,2,4,4,0.69053,1207
3,2,3,0,0,-0.90508,95
3,2,3,0,1,-0.94367,50
3,2,3,0,2,1.03414,97
3,2,3,0,3,-0.87969,157
3,2,3,0,4,-0.88523,24
3,2,3,1,0,-0.96737,2611
3,2,3,1,1,-1.00859,860
3,2,3,1,2,3.16129,1872
3,2,3,1,3,0.97454,4027
3,2,3,1,4,-0.99623,627
3,2,3,2,0,-0.97014,9391
3,2,3,2,1,-0.05885,3139
3,2,3,2,2,3.24668,8303
3,2,3,2,3,3.01323,17650
3,2,3,2,4,3.49560,1767
3,2,3,3,0,0.14554,12487
3,2,3,3,1,-0.91032,3349
3,2,3,3,2,2.13460,9932
3,2,3,3,3,0.66814,19649
3,2,3,3,4,1.23999,1608
3,2,3,4,0,-0.86828,3743
3,2,3,4,1,-0.13401,1167
3,2,3,4,2,0.21514,2429
3,2,3,4,3,-0.90388,4904
3,2,3,4,4,3.33903,512
3,2,4,0,0,-0.63002,41
3,2,4,0,1,-0.99650,113
3,2,4,0,2,-0.96154,73
3,2,4,0,3,-0.92533,201
3,2,4,0,4,-0.90693,271
3,2,4,1,0,-1.09224,1767
3,2,4,1,1,-1.08956,4115
3,2,4,1,2,-0.14419,3287
3,2,4,1,3,-1.00559,5724
3,2,4,1,4,-1.09068,2543
3,2,4,2,0,1.24498,6008
3,2,4,2,1,-0.99992,32259
3,2,4,2,2,-0.92787,27693
3,2,4,2,3,-0.92935,36751
3,2,4,2,4,-0.82224,9800
3,2,4,3,0,0.06550,6700
3,2,4,3,1,-0.52321,36949
3,2,4,3,2,0.11764,33919
3,2,4,3,3,-0.98816,43214
3,2,4,3,4,0.25739,8641
3,2,4,4,0,-0.00853,2066
3,2,4,4,1,-0.71121,6969
3,2,4,4,2,-0.99166,7067
3,2,4,4,3,-1.00000,10214
3,2,4,4,4,-0.25508,2650
3,3,0,0,0,-0.08878,4
3,3,0,0,1,0.08144,0
3,3,0,0,2,0.01084,2
3,3,0,0,3,0.61010,15
3,3,0,0,4,-0.10832,4
3,3,0,1,0,0.02961,291
3,3,0,1,1,2.71661,11
3,3,0,1,2,2.56504,16
3,3,0,1,3,1.85771,969
3,3,0,1,4,2.45262,9
3,3,0,2,0,1.98357,806
3,3,0,2,1,0.43319,12
3,3,0,2,2,-0.39475,18
3,3,0,2,3,-0.83340,2561
3,3,0,2,4,3.69090,6
3,3,0,3,0,1.19886,761
3,3,0,3,1,3.99681,16
3,3,0,3,2,3.47956,20
3,3,0,3,3,4.00015,4969
3,3,0,3,4,3.99708,28
3,3,0,4,0,2.82473,491
3,3,0,4,1,3.67144,8
3,3,0,4,2,1.67677,141
3,3,0,4,3,1.33337,1667
3,3,0,4,4,0.60121,0
3,3,1,0,0,-0.93404,38
3,3,1,0,1,0.15314,19
3,3,1,0,2,0.37366,37
3,3,1,0,3,-0.92156,23
3,3,1,0,4,-0.93381,51
3,3,1,1,0,-0.74945,3720
3,3,1,1,1,2.36554,591
3,3,1,1,2,-0.33163,3595
3,3,1,1,3,3.48742,1291
3,3,1,1,4,0.32527,1255
3,3,1,2,0,-0.54088,6729
3,3,1,2,1,-0.48866,957
3,3,1,2,2,1.09171,8246
3,3,1,2,3,-0.34314,2179
3,3,1,2,4,2.82031,2694
3,3,1,3,0,2.03628,10737
3,3,1,3,1,1.92735,1805
3,3,1,3,2,1.16871,10171
3,3,1,3,3,2.90180,2803
3,3,1,3,4,2.80937,3731
3,3,1,4,0,1.17319,6504
3,3,1,4,1,-0.09979,1086
3,3,1,4,2,3.44504,4284
3,3,1,4,3,-0.16358,1136
3,3,1,4,4,2.63396,2275
3,3,2,0,0,-0.66155,16
3,3,2,0,1,-0.66298,31
3,3,2,0,2,-0.69210,42
3,3,2,0,3,3.95583,62
3,3,2,0,4,-0.69202,30
3,3,2,1,0,0.85680,66
3,3,2,1,1,2.56056,345
3,3,2,1,2,2.28070,56
3,3,2,1,3,-0.99947,3532
3,3,2,1,4,-0.35360,299
3,3,2,2,0,0.02366,63
3,3,2,2,1,0.99948,593
3,3,2,2,2,0.10906,72
3,3,2,2,3,3.92356,6850
3,3,2,2,4,-0.97213,433
3,3,2,3,0,2.02978,79
3,3,2,3,1,2.09508,1012
3,3,2,3,2,-0.91215,56
3,3,2,3,3,3.17718,9695
3,3,2,3,4,1.11066,494
3,3,2,4,0,1.65337,3
3,3,2,4,1,1.83649,447
3,3,2,4,2,0.04143,49
3,3,2,4,3,0.86781,5357
3,3,2,4,4,0.39029,290
3,3,3,0,0,-0.97578,39
3,3,3,0,1,-0.76083,40
3,3,3,0,2,-0.98338,73
3,3,3,0,3,-0.68015,58
3,3,3,0,4,-0.74896,36
3,3,3,1,0,-0.99821,311
3,3,3,1,1,-0.99421,327
3,3,3,1,2,-0.99886,1428
3,3,3,1,3,-0.45504,998
3,3,3,1,4,-1.02969,170
3,3,3,2,0,-0.99222,314
3,3,3,2,1,-0.11011,415
3,3,3,2,2,-0.88936,2575
3,3,3,2,3,0.20293,1225
3,3,3,2,4,-0.68890,196
3,3,3,3,0,-0.94504,487
3,3,3,3,1,-0.13328,421
3,3,3,3,2,0.44621,3709
3,3,3,3,3,1.50898,1469
3,3,3,3,4,0.47649,319
3,3,3,4,0,-0.89425,264
3,3,3,4,1,-0.76378,265
3,3,3,4,2,-0.59050,1727
3,3,3,4,3,0.64972,1210
3,3,3,4,4,2.15827,135
3,3,4,0,0,-0.93163,59
3,3,4,0,1,-0.01949,82
3,3,4,0,2,-1.05240,63
3,3,4,0,3,-0.89654,117
3,3,4,0,4,-0.45502,88
3,3,4,1,0,-1.07778,1085
3,3,4,1,1,-1.12073,2456
3,3,4,1,2,1.22783,1957
3,3,4,1,3,-1.03800,2669
3,3,4,1,4,-1.07598,1770
3,3,4,2,0,-0.81260,1817
3,3,4,2,1,-1.04419,4059
3,3,4,2,2,-0.99582,4004
3,3,4,2,3,-0.92267,4169
3,3,4,2,4,-1.03544,2067
3,3,4,3,0,-0.86401,1730
3,3,4,3,1,-0.99620,4008
3,3,4,3,2,-0.99492,3675
3,3,4,3,3,-0.99979,5002
3,3,4,3,4,0.49431,3711
3,3,4,4,0,0.18019,1857
3,3,4,4,1,-0.74038,2711
3,3,4,4,2,-0.97811,2280
3,3,4,4,3,0.13863,3124
3,3,4,4,4,-0.73950,2680
3,4,0,0,0,0.69890,0
3,4,0,0,1,0.18922,0
3,4,0,0,2,0.92363,0
3,4,0,0,3,0.44560,0
3,4,0,0,4,0.03881,0
3,4,0,1,0,0.40857,4
3,4,0,1,1,0.13199,0
3,4,0,1,2,2.07234,36
3,4,0,1,3,0.84728,0
3,4,0,1,4,0.64787,0
3,4,0,2,0,0.54270,0
3,4,0,2,1,0.80822,0
3,4,0,2,2,2.45547,62
3,4,0,2,3,0.99721,5
3,4,0,2,4,0.87549,0
3,4,0,3,0,0.52518,0
3,4,0,3,1,0.18113,0
3,4,0,3,2,-0.63150,96
3,4,0,3,3,0.51930,0
3,4,0,3,4,0.65723,0
3,4,0,4,0,1.58506,3
3,4,0,4,1,0.55924,0
3,4,0,4,2,0.36064,92
3,4,0,4,3,0.97571,0
3,4,0,4,4,0.00114,0
3,4,1,0,0,-0.96575,14
3,4,1,0,1,-0.94805,143
3,4,1,0,2,-0.92203,60
3,4,1,0,3,-0.93908,22
3,4,1,0,4,-0.92373,21
3,4,1,1,0,-0.51744,113
3,4,1,1,1,1.17443,99
3,4,1,1,2,2.36557,226
3,4,1,1,3,0.08689,77
3,4,1,1,4,-0.98300,337
3,4,1,2,0,0.09706,169
3,4,1,2,1,0.17965,120
3,4,1,2,2,-0.10918,230
3,4,1,2,3,2.47611,146
3,4,1,2,4,1.21666,107
3,4,1,3,0,3.71344,278
3,4,1,3,1,2.47753,123
3,4,1,3,2,2.47753,431
3,4,1,3,3,1.97005,21
3,4,1,3,4,0.19704,436
3,4,1,4,0,1.62897,263
3,4,1,4,1,-0.21006,84
3,4,1,4,2,-0.08190,540
3,4,1,4,3,0.02137,123
3,4,1,4,4,1.80682,269
3,4,2,0,0,-0.72112,9
3,4,2,0,1,-0.73406,10
3,4,2,0,2,-0.71995,13
3,4,2,0,3,-0.71674,39
3,4,2,0,4,-0.94624,11
3,4,2,1,0,-0.19184,42
3,4,2,1,1,-0.86337,56
3,4,2,1,2,1.21803,4
3,4,2,1,3,0.30982,326
3,4,2,1,4,-0.04406,312
3,4,2,2,0,0.17813,0
3,4,2,2,1,1.83921,18
3,4,2,2,2,0.41455,0
3,4,2,2,3,1.35632,299
3,4,2,2,4,2.56619,117
3,4,2,3,0,0.74688,58
3,4,2,3,1,-0.28220,113
3,4,2,3,2,0.18815,4
3,4,2,3,3,-0.67773,539
3,4,2,3,4,0.29128,228
3,4,2,4,0,2.16575,23
3,4,2,4,1,0.44565,89
3,4,2,4,2,0.04364,0
3,4,2,4,3,-0.90080,478
3,4,2,4,4,-0.94639,137
3,4,3,0,0,0.28376,0
3,4,3,0,1,0.08312,0
3,4,3,0,2,0.06149,4
3,4,3,0,3,0.36099,0
3,4,3,0,4,0.27770,18
3,4,3,1,0,1.17256,3
3,4,3,1,1,0.34148,0
3,4,3,1,2,1.18967,14
3,4,3,1,3,-0.95962,37
3,4,3,1,4,2.11153,132
3,4,3,2,0,0.00673,0
3,4,3,2,1,0.89580,0
3,4,3,2,2,0.67804,33
3,4,3,2,3,-0.71649,34
3,4,3,2,4,1.30191,178
3,4,3,3,0,0.46251,0
3,4,3,3,1,0.32080,0
3,4,3,3,2,-0.72005,28
3,4,3,3,3,-0.98313,41
3,4,3,3,4,0.40479,188
3,4,3,4,0,0.97213,0
3,4,3,4,1,1.37224,3
3,4,3,4,2,0.21576,0
3,4,3,4,3,0.90725,89
3,4,3,4,4,0.80778,193
3,4,4,0,0,1.26550,54
3,4,4,0,1,-0.75344,9
3,4,4,0,2,-0.00752,4
3,4,4,0,3,2.26023,66
3,4,4,0,4,2.79869,113
3,4,4,1,0,-0.96476,11
3,4,4,1,1,-1.01289,50
3,4,4,1,2,-0.98425,33
3,4,4,1,3,-1.02929,104
3,4,4,1,4,-0.11039,62
3,4,4,2,0,0.85518,30
3,4,4,2,1,-0.55866,13
3,4,4,2,2,2.71788,8
3,4,4,2,3,2.15907,98
3,4,4,2,4,1.36930,318
3,4,4,3,0,-0.82015,65
3,4,4,3,1,-0.30265,13
3,4,4,3,2,0.77585,21
3,4,4,3,3,0.48886,198
3,4,4,3,4,-0.72868,839
3,4,4,4,0,1.04041,102
3,4,4,4,1,-0.42033,23
3,4,4,4,2,0.82886,18
3,4,4,4,3,0.17628,131
3,4,4,4,4,-0.47218,452
4,0,0,0,0,0.97292,0
4,0,0,0,1,0.83290,0
4,0,0,0,2,0.76362,0
4,0,0,0,3,0.28222,0
4,0,0,0,4,0.17526,0
4,0,0,1,0,0.49509,0
4,0,0,1,1,0.97559,0
4,0,0,1,2,0.28577,0
4,0,0,1,3,0.63700,0
4,0,0,1,4,0.79581,0
4,0,0,2,0,2.01164,7
4,0,0,2,1,0.10019,0
4,0,0,2,2,0.94708,0
4,0,0,2,3,1.36372,2
4,0,0,2,4,0.71451,0
4,0,0,3,0,1.72876,176
4,0,0,3,1,1.85073,78
4,0,0,3,2,0.24689,0
4,0,0,3,3,0.98265,0
4,0,0,3,4,0.52025,0
4,0,0,4,0,1.80088,4
4,0,0,4,1,0.77819,0
4,0,0,4,2,0.32190,0
4,0,0,4,3,0.92183,0
4,0,0,4,4,0.99688,0
4,0,1,0,0,0.25558,3
4,0,1,0,1,0.45165,5
4,0,1,0,2,0.00706,0
4,0,1,0,3,0.02704,3
4,0,1,0,4,0.36907,0
4,0,1,1,0,1.75153,1896
4,0,1,1,1,2.87023,7168
4,0,1,1,2,3.68327,319
4,0,1,1,3,2.49363,1262
4,0,1,1,4,1.84028,29
4,0,1,2,0,-0.18748,5591
4,0,1,2,1,3.25540,21979
4,0,1,2,2,2.52414,717
4,0,1,2,3,0.35302,4254
4,0,1,2,4,2.04244,136
4,0,1,3,0,3.60944,9387
4,0,1,3,1,4.61731,29068
4,0,1,3,2,3.09602,946
4,0,1,3,3,3.77100,6207
4,0,1,3,4,2.74997,437
4,0,1,4,0,1.63562,2577
4,0,1,4,1,2.86777,10235
4,0,1,4,2,3.70068,269
4,0,1,4,3,2.55060,1477
4,0,1,4,4,1.57261,27
4,0,2,0,0,0.08397,0
4,0,2,0,1,0.64611,0
4,0,2,0,2,0.31372,4
4,0,2,0,3,1.43250,9
4,0,2,0,4,-0.11160,5
4,0,2,1,0,0.05938,35
4,0,2,1,1,2.12898,573
4,0,2,1,2,2.53143,3333
4,0,2,1,3,3.19510,3282
4,0,2,1,4,3.18395,280
4,0,2,2,0,1.78595,167
4,0,2,2,1,2.65189,1865
4,0,2,2,2,2.26134,10551
4,0,2,2,3,2.18656,12575
4,0,2,2,4,2.01586,828
4,0,2,3,0,1.62884,287
4,0,2,3,1,1.17746,2634
4,0,2,3,2,3.66880,13441
4,0,2,3,3,3.41911,15904
4,0,2,3,4,2.68774,1198
4,0,2,4,0,3.16473,46
4,0,2,4,1,2.93634,1141
4,0,2,4,2,2.05854,4675
4,0,2,4,3,2.16646,4532
4,0,2,4,4,1.95613,282
4,0,3,0,0,0.53750,0
4,0,3,0,1,0.05718,0
4,0,3,0,2,0.29007,0
4,0,3,0,3,0.07096,0
4,0,3,0,4,0.14963,0
4,0,3,1,0,-0.29529,2569
4,0,3,1,1,-0.69263,547
4,0,3,1,2,-0.63721,537
4,0,3,1,3,0.01045,2201
4,0,3,1,4,1.00726,252
4,0,3,2,0,1.64941,10163
4,0,3,2,1,0.78941,1736
4,0,3,2,2,1.46665,2687
4,0,3,2,3,0.95928,9068
4,0,3,2,4,1.71487,1254
4,0,3,3,0,2.61872,12993
4,0,3,3,1,1.99446,2116
4,0,3,3,2,0.00526,4001
4,0,3,3,3,3.82694,11192
4,0,3,3,4,2.62506,1621
4,0,3,4,0,1.76290,3695
4,0,3,4,1,0.12522,825
4,0,3,4,2,1.68491,917
4,0,3,4,3,3.98797,3003
4,0,3,4,4,3.98932,388
4,0,4,0,0,0.78965,0
4,0,4,0,1,0.41651,3
4,0,4,0,2,0.40677,3
4,0,4,0,3,0.85559,0
4,0,4,0,4,0.01823,13
4,0,4,1,0,-0.99280,188
4,0,4,1,1,-0.96508,392
4,0,4,1,2,-0.53642,2934
4,0,4,1,3,1.82775,9114
4,0,4,1,4,-0.98691,268
4,0,4,2,0,2.35613,978
4,0,4,2,1,0.83691,1972
4,0,4,2,2,1.89757,15805
4,0,4,2,3,2.64056,45304
4,0,4,2,4,0.50127,2146
4,0,4,3,0,1.21884,1343
4,0,4,3,1,1.69025,2316
4,0,4,3,2,1.78169,21817
4,0,4,3,3,2.02784,56742
4,0,4,3,4,2.02295,2463
4,0,4,4,0,1.87802,252
4,0,4,4,1,1.22932,481
4,0,4,4,2,2.27831,6417
4,0,4,4,3,2.50585,13442
4,0,4,4,4,1.31352,588
4,1,0,0,0,-0.17886,4
4,1,0,0,1,-0.01189,2
4,1,0,0,2,-0.20513,3
4,1,0,0,3,2.08776,11
4,1,0,0,4,-0.13314,3
4,1,0,1,0,-0.07199,160
4,1,0,1,1,3.33957,3
4,1,0,1,2,1.16803,3
4,1,0,1,3,2.58549,3870
4,1,0,1,4,1.21389,5
4,1,0,2,0,2.44723,1154
4,1,0,2,1,2.31418,123
4,1,0,2,2,2.50727,27
4,1,0,2,3,3.99979,36080
4,1,0,2,4,3.99263,9
4,1,0,3,0,2.73426,2076
4,1,0,3,1,1.84415,218
4,1,0,3,2,2.29334,50
4,1,0,3,3,3.99924,43524
4,1,0,3,4,2.91796,147
4,1,0,4,0,-0.23643,324
4,1,0,4,1,2.87419,19
4,1,0,4,2,2.04563,16
4,1,0,4,3,2.43164,7684
4,1,0,4,4,3.60703,17
4,1,1,0,0,-0.90851,71
4,1,1,0,1,0.51696,38
4,1,1,0,2,-0.89586,47
4,1,1,0,3,4.00008,905
4,1,1,0,4,-0.89584,20
4,1,1,1,0,1.54716,3927
4,1,1,1,1,2.75052,4574
4,1,1,1,2,2.24335,2857
4,1,1,1,3,3.99980,167068
4,1,1,1,4,0.64076,2525
4,1,1,2,0,0.97692,20619
4,1,1,2,1,3.97344,35153
4,1,1,2,2,1.16730,13143
4,1,1,2,3,1.04773,1304333
4,1,1,2,4,3.05716,5648
4,1,1,3,0,3.17007,26636
4,1,1,3,1,3.24719,39403
4,1,1,3,2,2.41766,17301
4,1,1,3,3,-0.65832,1593459
4,1,1,3,4,1.13149,7227
4,1,1,4,0,1.08463,7283
4,1,1,4,1,1.03864,7904
4,1,1,4,2,2.42633,4673
4,1,1,4,3,3.99978,268234
4,1,1,4,4,1.98697,2051
4,1,2,0,0,-0.90057,71
4,1,2,0,1,0.33080,122
4,1,2,0,2,-0.91733,38
4,1,2,0,3,3.49020,248
4,1,2,0,4,-0.94270,77
4,1,2,1,0,2.28604,2455
4,1,2,1,1,0.40738,37207
4,1,2,1,2,2.72656,5746
4,1,2,1,3,2.50420,57203
4,1,2,1,4,-0.74680,2620
4,1,2,2,0,2.10897,12738
4,1,2,2,1,3.47155,360111
4,1,2,2,2,3.36668,36884
4,1,2,2,3,3.57481,589811
4,1,2,2,4,0.56523,6992
4,1,2,3,0,2.56247,14250
4,1,2,3,1,0.00425,438952
4,1,2,3,2,2.93038,43562
4,1,2,3,3,3.37809,715810
4,1,2,3,4,0.60545,7916
4,1,2,4,0,2.14288,4452
4,1,2,4,1,0.67905,66583
4,1,2,4,2,3.02215,9294
4,1,2,4,3,0.46501,100583
4,1,2,4,4,2.33840,2412
4,1,3,0,0,1.52987,90
4,1,3,0,1,-0.91377,76
4,1,3,0,2,-0.88620,61
4,1,3,0,3,2.42149,660
4,1,3,0,4,2.01649,206
4,1,3,1,0,-0.99046,4604
4,1,3,1,1,-0.99993,7026
4,1,3,1,2,-0.99764,4608
4,1,3,1,3,2.93026,105501
4,1,3,1,4,-0.99993,5302
4,1,3,2,0,2.17785,21588
4,1,3,2,1,2.94599,63153
4,1,3,2,2,1.08017,24733
4,1,3,2,3,1.09485,1216251
4,1,3,2,4,0.42755,20640
4,1,3,3,0,3.34852,29135
4,1,3,3,1,2.94784,76203
4,1,3,3,2,0.59973,33336
4,1,3,3,3,-0.53574,1440272
4,1,3,3,4,1.53397,22236
4,1,3,4,0,2.49019,8258
4,1,3,4,1,-0.22189,13293
4,1,3,4,2,2.46088,8543
4,1,3,4,3,-0.89552,195099
4,1,3,4,4,3.42441,6085
4,1,4,0,0,-0.97291,115
4,1,4,0,1,0.14539,130
4,1,4,0,2,1.26932,272
4,1,4,0,3,-0.50830,1103
4,1,4,0,4,-0.45412,299
4,1,4,1,0,-0.99834,3568
4,1,4,1,1,-1.04644,4110
4,1,4,1,2,-0.99809,16846
4,1,4,1,3,2.71243,182587
4,1,4,1,4,-1.04820,3682
4,1,4,2,0,0.86091,16023
4,1,4,2,1,1.21423,21622
4,1,4,2,2,2.13985,136154
4,1,4,2,3,-0.13800,2086484
4,1,4,2,4,-0.92833,17404
4,1,4,3,0,0.96669,19478
4,1,4,3,1,1.32002,24964
4,1,4,3,2,1.62270,174414
4,1,4,3,3,1.81486,2489053
4,1,4,3,4,-0.08672,17483
4,1,4,4,0,2.03324,4400
4,1,4,4,1,1.57171,6016
4,1,4,4,2,-0.21656,39397
4,1,4,4,3,1.90676,342902
4,1,4,4,4,2.43024,4357
4,2,0,0,0,0.18424,0
4,2,0,0,1,1.50275,73
4,2,0,0,2,0.35793,0
4,2,0,0,3,0.67034,0
4,2,0,0,4,0.91691,0
4,2,0,1,0,3.83476,8
4,2,0,1,1,0.82619,1481
4,2,0,1,2,0.90633,0
4,2,0,1,3,1.93090,98
4,2,0,1,4,1.41972,34
4,2,0,2,0,3.65145,54
4,2,0,2,1,0.32105,14330
4,2,0,2,2,1.22377,155
4,2,0,2,3,0.96135,341
4,2,0,2,4,0.00161,106
4,2,0,3,0,2.59133,24
4,2,0,3,1,3.45368,17082
4,2,0,3,2,0.32128,169
4,2,0,3,3,0.73594,261
4,2,0,3,4,-0.24225,67
4,2,0,4,0,2.21580,12
4,2,0,4,1,1.69632,2433
4,2,0,4,2,2.70326,16
4,2,0,4,3,3.93534,29
4,2,0,4,4,-0.05007,10
4,2,1,0,0,-0.91187,38
4,2,1,0,1,-0.18715,13
4,2,1,0,2,-0.91089,177
4,2,1,0,3,-0.88366,194
4,2,1,0,4,-0.91290,6
4,2,1,1,0,3.98851,1899
4,2,1,1,1,2.18810,7588
4,2,1,1,2,0.51002,6331
4,2,1,1,3,2.00080,6962
4,2,1,1,4,0.71817,190
4,2,1,2,0,3.99376,8613
4,2,1,2,1,1.89469,74605
4,2,1,2,2,0.42804,52615
4,2,1,2,3,0.31276,36292
4,2,1,2,4,2.88942,669
4,2,1,3,0,3.35012,11389
4,2,1,3,1,1.91568,90977
4,2,1,3,2,1.89082,66785
4,2,1,3,3,1.22091,46209
4,2,1,3,4,-0.13731,727
4,2,1,4,0,2.89490,2786
4,2,1,4,1,3.76960,11730
4,2,1,4,2,-0.78964,13710
4,2,1,4,3,3.69281,9309
4,2,1,4,4,2.23577,140
4,2,2,0,0,-0.95000,34
4,2,2,0,1,1.21374,220
4,2,2,0,2,-0.95116,35
4,2,2,0,3,-0.93541,245
4,2,2,0,4,-0.93404,74
4,2,2,1,0,2.90529,310
4,2,2,1,1,3.94199,41416
4,2,2,1,2,0.33702,1044
4,2,2,1,3,3.50016,19628
4,2,2,1,4,2.05040,5508
4,2,2,2,0,2.66952,895
4,2,2,2,1,3.96591,380874
4,2,2,2,2,3.54591,4836
4,2,2,2,3,3.94938,121417
4,2,2,2,4,2.26351,17553
4,2,2,3,0,0.31451,1119
4,2,2,3,1,1.90901,473017
4,2,2,3,2,3.38209,5943
4,2,2,3,3,3.56595,149132
4,2,2,3,4,1.62638,21994
4,2,2,4,0,2.17557,312
4,2,2,4,1,2.25081,75364
4,2,2,4,2,0.84855,1138
4,2,2,4,3,-0.13852,34332
4,2,2,4,4,1.55401,6610
4,2,3,0,0,-0.85350,207
4,2,3,0,1,-0.88772,103
4,2,3,0,2,-0.90534,15
4,2,3,0,3,-0.99552,455
4,2,3,0,4,-0.93249,41
4,2,3,1,0,1.70341,4556
4,2,3,1,1,-0.95144,6811
4,2,3,1,2,-0.99998,1555
4,2,3,1,3,1.09910,10744
4,2,3,1,4,-0.99998,2230
4,2,3,2,0,3.64261,19966
4,2,3,2,1,3.25401,53636
4,2,3,2,2,0.71083,8351
4,2,3,2,3,1.77131,61808
4,2,3,2,4,0.35851,8135
4,2,3,3,0,2.72719,26619
4,2,3,3,1,1.15675,64753
4,2,3,3,2,1.71238,11219
4,2,3,3,3,0.87465,77089
4,2,3,3,4,1.92735,8545
4,2,3,4,0,3.08203,7585
4,2,3,4,1,1.53589,11465
4,2,3,4,2,1.30197,2504
4,2,3,4,3,1.77829,17374
4,2,3,4,4,1.24657,3499
4,2,4,0,0,-1.00482,89
4,2,4,0,1,-0.90178,191
4,2,4,0,2,-0.74722,949
4,2,4,0,3,-0.97093,654
4,2,4,0,4,-0.40950,204
4,2,4,1,0,-1.06012,4987
4,2,4,1,1,-1.06008,6698
4,2,4,1,2,-0.94394,87992
4,2,4,1,3,0.62576,50050
4,2,4,1,4,-1.06008,4894
4,2,4,2,0,-0.47470,822858
4,2,4,2,1,1.39634,29409
4,2,4,2,2,0.60095,499838
4,2,4,2,3,2.31224,307666
4,2,4,2,4,1.39426,19902
4,2,4,3,0,0.32703,28269
4,2,4,3,1,-0.37437,32072
4,2,4,3,2,0.34836,639334
4,2,4,3,3,1.96348,382372
4,2,4,3,4,-0.03382,18726
4,2,4,4,0,-0.82505,7816
4,2,4,4,1,0.79306,8626
4,2,4,4,2,1.65969,145396
4,2,4,4,3,2.92526,83663
4,2,4,4,4,2.01461,4529
4,3,0,0,0,0.67920,0
4,3,0,0,1,0.08809,0
4,3,0,0,2,2.73517,7
4,3,0,0,3,0.00468,5
4,3,0,0,4,0.41863,0
4,3,0,1,0,0.85528,0
4,3,0,1,1,-0.40477,13
4,3,0,1,2,1.66619,1126
4,3,0,1,3,-0.20825,265
4,3,0,1,4,0.41172,0
4,3,0,2,0,0.68824,0
4,3,0,2,1,1.43419,28
4,3,0,2,2,0.90324,4934
4,3,0,2,3,2.24412,1218
4,3,0,2,4,0.94946,5
4,3,0,3,0,0.72852,0
4,3,0,3,1,3.97957,79
4,3,0,3,2,1.70464,6890
4,3,0,3,3,3.99875,715
4,3,0,3,4,3.63998,7
4,3,0,4,0,0.50658,0
4,3,0,4,1,1.41893,25
4,3,0,4,2,3.83171,1795
4,3,0,4,3,2.21875,567
4,3,0,4,4,0.65138,0
4,3,1,0,0,0.16828,0
4,3,1,0,1,1.86452,100
4,3,1,0,2,0.14507,2
4,3,1,0,3,0.52937,97
4,3,1,0,4,0.14653,0
4,3,1,1,0,2.43645,46
4,3,1,1,1,2.65372,15917
4,3,1,1,2,1.83514,18
4,3,1,1,3,1.23909,2375
4,3,1,1,4,1.85026,25
4,3,1,2,0,1.88635,23
4,3,1,2,1,1.01858,35811
4,3,1,2,2,1.97365,32
4,3,1,2,3,2.58032,3356
4,3,1,2,4,3.51328,92
4,3,1,3,0,2.62960,41
4,3,1,3,1,1.95169,44121
4,3,1,3,2,2.36169,38
4,3,1,3,3,3.84846,5382
4,3,1,3,4,2.58079,12
4,3,1,4,0,2.82254,14
4,3,1,4,1,3.37809,24247
4,3,1,4,2,3.55234,20
4,3,1,4,3,0.99802,2691
4,3,1,4,4,1.47340,22
4,3,2,0,0,-0.95686,30
4,3,2,0,1,0.30155,122
4,3,2,0,2,-0.98062,77
4,3,2,0,3,-0.97454,139
4,3,2,0,4,-0.95341,80
4,3,2,1,0,1.35335,122
4,3,2,1,1,2.48541,12637
4,3,2,1,2,-0.82415,1865
4,3,2,1,3,3.55371,3382
4,3,2,1,4,-0.12018,2083
4,3,2,2,0,2.94009,97
4,3,2,2,1,1.55489,29474
4,3,2,2,2,1.85626,4724
4,3,2,2,3,3.65346,5999
4,3,2,2,4,2.36014,3339
4,3,2,3,0,3.09429,104
4,3,2,3,1,3.75356,36588
4,3,2,3,2,2.36566,7954
4,3,2,3,3,3.13886,8250
4,3,2,3,4,1.85697,7169
4,3,2,4,0,2.18752,42
4,3,2,4,1,-0.30536,19715
4,3,2,4,2,0.79126,2243
4,3,2,4,3,0.89694,5135
4,3,2,4,4,1.12651,2859
4,3,3,0,0,-0.96019,21
4,3,3,0,1,-0.79330,44
4,3,3,0,2,-0.86530,49
4,3,3,0,3,-0.76320,177
4,3,3,0,4,-0.93052,107
4,3,3,1,0,2.20495,2156
4,3,3,1,1,-0.91104,1934
4,3,3,1,2,-1.00065,805
4,3,3,1,3,0.45368,6445
4,3,3,1,4,-0.99788,771
4,3,3,2,0,2.56459,3823
4,3,3,2,1,1.22232,3460
4,3,3,2,2,-0.96242,2082
4,3,3,2,3,3.71860,10351
4,3,3,2,4,3.45319,1079
4,3,3,3,0,2.43319,4707
4,3,3,3,1,2.23127,3927
4,3,3,3,2,-0.36939,2290
4,3,3,3,3,1.53551,14586
4,3,3,3,4,-0.06984,1467
4,3,3,4,0,2.20381,3900
4,3,3,4,1,2.72856,2128
4,3,3,4,2,2.85417,1166
4,3,3,4,3,1.60533,9567
4,3,3,4,4,0.09720,938
4,3,4,0,0,-0.69760,173
4,3,4,0,1,-0.69389,203
4,3,4,0,2,-0.66642,1093
4,3,4,0,3,0.78229,324
4,3,4,0,4,-0.31700,222
4,3,4,1,0,-1.03838,4468
4,3,4,1,1,-1.03838,4181
4,3,4,1,2,0.17596,54879
4,3,4,1,3,-0.99951,27774
4,3,4,1,4,-1.03838,3498
4,3,4,2,0,-0.88236,5547
4,3,4,2,1,-0.88236,5594
4,3,4,2,2,-0.33034,101941
4,3,4,2,3,-0.00994,47461
4,3,4,2,4,-0.70469,4596
4,3,4,3,0,1.02004,7305
4,3,4,3,1,0.34310,7359
4,3,4,3,2,0.72001,137043
4,3,4,3,3,-0.43612,61288
4,3,4,3,4,-0.34167,6136
4,3,4,4,0,0.32320,6246
4,3,4,4,1,0.31889,5237
4,3,4,4,2,1.46848,86034
4,3,4,4,3,1.95797,43179
4,3,4,4,4,0.00730,3738
4,4,0,0,0,0.56522,0
4,4,0,0,1,0.54048,0
4,4,0,0,2,0.92380,0
4,4,0,0,3,0.82905,25
4,4,0,0,4,0.44705,0
4,4,0,1,0,0.50732,0
4,4,0,1,1,0.94240,0
4,4,0,1,2,0.90913,18
4,4,0,1,3,1.18587,10
4,4,0,1,4,0.70920,0
4,4,0,2,0,0.58301,0
4,4,0,2,1,0.19214,0
4,4,0,2,2,1.40428,4
4,4,0,2,3,2.80213,4
4,4,0,2,4,0.86762,0
4,4,0,3,0,0.04100,0
4,4,0,3,1,0.56586,0
4,4,0,3,2,0.22627,29
4,4,0,3,3,2.69350,69
4,4,0,3,4,0.24097,0
4,4,0,4,0,0.45591,0
4,4,0,4,1,0.50410,0
4,4,0,4,2,1.31881,47
4,4,0,4,3,0.16615,0
4,4,0,4,4,0.21441,0
4,4,1,0,0,-0.87745,7
4,4,1,0,1,0.25214,77
4,4,1,0,2,-0.95880,20
4,4,1,0,3,-0.99715,76
4,4,1,0,4,-0.69500,33
4,4,1,1,0,0.47256,0
4,4,1,1,1,0.65326,954
4,4,1,1,2,2.48824,259
4,4,1,1,3,-0.98386,99
4,4,1,1,4,-0.98818,584
4,4,1,2,0,0.92568,0
4,4,1,2,1,1.61862,905
4,4,1,2,2,3.21138,74
4,4,1,2,3,1.05497,10
4,4,1,2,4,2.74772,591
4,4,1,3,0,0.92802,0
4,4,1,3,1,3.64520,1129
4,4,1,3,2,1.35668,211
4,4,1,3,3,1.24398,337
4,4,1,3,4,1.27364,1649
4,4,1,4,0,2.47862,4
4,4,1,4,1,1.80694,2152
4,4,1,4,2,3.96077,374
4,4,1,4,3,0.67137,128
4,4,1,4,4,-0.77433,1652
4,4,2,0,0,-0.77939,55
4,4,2,0,1,-0.74120,26
4,4,2,0,2,-0.75362,13
4,4,2,0,3,-0.72516,28
4,4,2,0,4,0.34981,37
4,4,2,1,0,0.08168,635
4,4,2,1,1,-0.18717,245
4,4,2,1,2,3.90342,21
4,4,2,1,3,-0.40964,263
4,4,2,1,4,-0.71442,328
4,4,2,2,0,-0.36955,534
4,4,2,2,1,2.05547,189
4,4,2,2,2,3.75904,22
4,4,2,2,3,1.51689,224
4,4,2,2,4,1.92927,196
4,4,2,3,0,2.93945,881
4,4,2,3,1,1.82005,113
4,4,2,3,2,1.45736,58
4,4,2,3,3,0.93638,676
4,4,2,3,4,2.39568,619
4,4,2,4,0,1.64439,1339
4,4,2,4,1,0.61708,311
4,4,2,4,2,2.15810,30
4,4,2,4,3,-0.51930,585
4,4,2,4,4,1.16052,587
4,4,3,0,0,-0.02563,18
4,4,3,0,1,0.06202,0
4,4,3,0,2,-0.07105,7
4,4,3,0,3,-0.64835,109
4,4,3,0,4,0.51374,48
4,4,3,1,0,-0.91452,98
4,4,3,1,1,-0.84871,4
4,4,3,1,2,-0.83576,10
4,4,3,1,3,-0.62965,166
4,4,3,1,4,-0.25504,83
4,4,3,2,0,1.95983,23
4,4,3,2,1,0.81024,1
4,4,3,2,2,0.26864,0
4,4,3,2,3,-0.66947,125
4,4,3,2,4,2.83302,572
4,4,3,3,0,3.23915,99
4,4,3,3,1,1.41296,1
4,4,3,3,2,0.99509,0
4,4,3,3,3,3.21416,267
4,4,3,3,4,0.56333,503
4,4,3,4,0,1.96607,50
4,4,3,4,1,2.38191,5
4,4,3,4,2,1.96025,16
4,4,3,4,3,2.28969,474
4,4,3,4,4,2.00811,487
4,4,4,0,0,1.41123,26
4,4,4,0,1,-0.01503,14
4,4,4,0,2,-0.52692,137
4,4,4,0,3,0.75624,462
4,4,4,0,4,1.47217,460
4,4,4,1,0,-0.98592,136
4,4,4,1,1,-0.98485,194
4,4,4,1,2,-0.74464,2362
4,4,4,1,3,-0.89287,1774
4,4,4,1,4,-1.00003,358
4,4,4,2,0,-0.79258,76
4,4,4,2,1,0.46924,72
4,4,4,2,2,-0.00727,1070
4,4,4,2,3,0.50106,1040
4,4,4,2,4,-0.14562,239
4,4,4,3,0,0.14286,152
4,4,4,3,1,0.18883,105
4,4,4,3,2,-0.32683,2117
4,4,4,3,3,2.41035,2938
4,4,4,3,4,-0.69135,1391
4,4,4,4,0,0.99249,163
4,4,4,4,1,0.93075,161
4,4,4,4,2,1.47687,3258
4,4,4,4,3,2.69518,4099
4,4,4,4,4,1.30519,1069
