3125
5
0,0,0,0,0,0.80375,0
0,0,0,0,1,0.55288,0
0,0,0,0,2,0.49637,0
0,0,0,0,3,0.85731,0
0,0,0,0,4,0.99978,0
0,0,0,1,0,0.10914,0
0,0,0,1,1,0.01467,0
0,0,0,1,2,0.47348,0
0,0,0,1,3,0.09523,0
0,0,0,1,4,0.01472,0
0,0,0,2,0,0.55800,0
0,0,0,2,1,0.86255,0
0,0,0,2,2,0.73304,0
0,0,0,2,3,0.12827,0
0,0,0,2,4,0.08641,0
0,0,0,3,0,-0.86950,42
0,0,0,3,1,-0.87429,32
0,0,0,3,2,-0.87234,36
0,0,0,3,3,-1.08848,40
0,0,0,3,4,-0.88685,34
0,0,0,4,0,0.52757,0
0,0,0,4,1,0.26840,0
0,0,0,4,2,0.25308,0
0,0,0,4,3,0.45540,0
0,0,0,4,4,0.73770,0
0,0,1,0,0,0.13451,0
0,0,1,0,1,0.13750,0
0,0,1,0,2,0.13552,0
0,0,1,0,3,0.57371,0
0,0,1,0,4,0.19963,0
0,0,1,1,0,0.08514,16
0,0,1,1,1,0.70526,23
0,0,1,1,2,0.32971,24
0,0,1,1,3,0.10689,27
0,0,1,1,4,-0.68010,12
0,0,1,2,0,1.96884,37
0,0,1,2,1,0.50887,55
0,0,1,2,2,1.88152,30
0,0,1,2,3,0.42688,72
0,0,1,2,4,0.20149,42
0,0,1,3,0,0.94792,53
0,0,1,3,1,-0.02472,119
0,0,1,3,2,-0.34280,47
0,0,1,3,3,0.03294,102
0,0,1,3,4,0.23738,67
0,0,1,4,0,1.16967,8
0,0,1,4,1,0.90003,57
0,0,1,4,2,0.48524,32
0,0,1,4,3,1.66572,41
0,0,1,4,4,0.73267,10
0,0,2,0,0,0.37579,0
0,0,2,0,1,0.52422,0
0,0,2,0,2,0.31384,0
0,0,2,0,3,0.60028,0
0,0,2,0,4,0.78417,0
0,0,2,1,0,0.21837,22
0,0,2,1,1,-0.12806,22
0,0,2,1,2,0.35794,19
0,0,2,1,3,-0.05588,27
0,0,2,1,4,-0.21568,23
0,0,2,2,0,1.18015,29
0,0,2,2,1,0.53655,155
0,0,2,2,2,0.46791,75
0,0,2,2,3,0.72286,65
0,0,2,2,4,0.73022,63
0,0,2,3,0,0.84848,52
0,0,2,3,1,1.48982,127
0,0,2,3,2,1.12948,56
0,0,2,3,3,1.52383,95
0,0,2,3,4,1.83295,49
0,0,2,4,0,0.20730,20
0,0,2,4,1,0.02564,63
0,0,2,4,2,0.13892,20
0,0,2,4,3,0.34545,74
0,0,2,4,4,-0.26441,44
0,0,3,0,0,0.57860,0
0,0,3,0,1,0.89938,0
0,0,3,0,2,0.07248,0
0,0,3,0,3,0.21115,0
0,0,3,0,4,0.32648,0
0,0,3,1,0,-0.25853,12
0,0,3,1,1,1.08637,22
0,0,3,1,2,1.73553,8
0,0,3,1,3,0.85689,17
0,0,3,1,4,0.44717,10
0,0,3,2,0,0.50992,29
0,0,3,2,1,0.55283,64
0,0,3,2,2,0.26541,39
0,0,3,2,3,0.29682,80
0,0,3,2,4,0.36037,29
0,0,3,3,0,0.77826,25
0,0,3,3,1,2.10094,78
0,0,3,3,2,0.46071,70
0,0,3,3,3,0.78579,58
0,0,3,3,4,0.01458,38
0,0,3,4,0,0.64342,16
0,0,3,4,1,0.22322,28
0,0,3,4,2,0.43911,14
0,0,3,4,3,0.14459,42
0,0,3,4,4,0.54497,21
0,0,4,0,0,0.97818,0
0,0,4,0,1,0.45954,0
0,0,4,0,2,0.84431,0
0,0,4,0,3,0.81044,0
0,0,4,0,4,0.97363,0
0,0,4,1,0,0.57367,8
0,0,4,1,1,0.11899,29
0,0,4,1,2,-0.25216,29
0,0,4,1,3,0.19205,17
0,0,4,1,4,0.12786,2
0,0,4,2,0,1.58771,52
0,0,4,2,1,-0.04635,39
0,0,4,2,2,-0.28589,27
0,0,4,2,3,-0.14667,49
0,0,4,2,4,-0.33723,17
0,0,4,3,0,0.55463,36
0,0,4,3,1,1.04120,39
0,0,4,3,2,1.26807,36
0,0,4,3,3,1.39539,55
0,0,4,3,4,0.85224,30
0,0,4,4,0,0.17923,7
0,0,4,4,1,0.16566,23
0,0,4,4,2,-0.33577,33
0,0,4,4,3,-0.24438,18
0,0,4,4,4,1.53817,15
0,1,0,0,0,0.54622,0
0,1,0,0,1,0.28879,0
0,1,0,0,2,0.37468,0
0,1,0,0,3,0.87453,0
0,1,0,0,4,0.90336,0
0,1,0,1,0,-0.49103,227
0,1,0,1,1,-0.57333,134
0,1,0,1,2,-0.51502,114
0,1,0,1,3,-0.73871,204
0,1,0,1,4,-0.53394,133
0,1,0,2,0,-0.56595,208
0,1,0,2,1,-0.55943,348
0,1,0,2,2,0.50530,243
0,1,0,2,3,-0.69345,152
0,1,0,2,4,-0.55654,130
0,1,0,3,0,2.87500,152
0,1,0,3,1,3.99993,218
0,1,0,3,2,3.99999,122
0,1,0,3,3,4.00000,575
0,1,0,3,4,3.99996,124
0,1,0,4,0,-0.82017,129
0,1,0,4,1,-0.61749,381
0,1,0,4,2,3.99940,325
0,1,0,4,3,-0.51139,426
0,1,0,4,4,-0.62018,338
0,1,1,0,0,0.17102,6
0,1,1,0,1,0.19791,0
0,1,1,0,2,0.75697,0
0,1,1,0,3,0.45240,3
0,1,1,0,4,0.75252,0
0,1,1,1,0,1.28393,164
0,1,1,1,1,2.74161,179
0,1,1,1,2,1.02991,186
0,1,1,1,3,1.00769,249
0,1,1,1,4,1.28321,68
0,1,1,2,0,2.12728,800
0,1,1,2,1,0.63207,463
0,1,1,2,2,2.64621,515
0,1,1,2,3,2.75722,691
0,1,1,2,4,0.93708,363
0,1,1,3,0,0.28649,600
0,1,1,3,1,0.62160,727
0,1,1,3,2,0.51022,351
0,1,1,3,3,0.46260,1087
0,1,1,3,4,1.35029,533
0,1,1,4,0,2.04927,172
0,1,1,4,1,1.75253,162
0,1,1,4,2,0.40174,196
0,1,1,4,3,1.39351,270
0,1,1,4,4,0.85844,131
0,1,2,0,0,0.43971,0
0,1,2,0,1,0.35309,0
0,1,2,0,2,0.54446,0
0,1,2,0,3,0.04350,5
0,1,2,0,4,0.00125,0
0,1,2,1,0,-0.64426,97
0,1,2,1,1,0.73454,118
0,1,2,1,2,-0.52092,151
0,1,2,1,3,-0.13824,256
0,1,2,1,4,-0.57964,112
0,1,2,2,0,2.78085,360
0,1,2,2,1,1.20296,403
0,1,2,2,2,2.15450,391
0,1,2,2,3,2.11536,717
0,1,2,2,4,2.29333,403
0,1,2,3,0,1.04091,461
0,1,2,3,1,-0.80573,528
0,1,2,3,2,-0.56684,374
0,1,2,3,3,2.21193,865
0,1,2,3,4,-0.52506,407
0,1,2,4,0,-0.89429,198
0,1,2,4,1,-0.62589,196
0,1,2,4,2,0.04781,205
0,1,2,4,3,-0.22874,433
0,1,2,4,4,-0.39230,257
0,1,3,0,0,0.09962,4
0,1,3,0,1,-0.15545,6
0,1,3,0,2,-0.06904,6
0,1,3,0,3,-0.06149,21
0,1,3,0,4,0.13831,8
0,1,3,1,0,-0.08131,158
0,1,3,1,1,0.81066,71
0,1,3,1,2,0.40125,88
0,1,3,1,3,0.17021,249
0,1,3,1,4,0.43617,109
0,1,3,2,0,-0.68889,321
0,1,3,2,1,-0.79882,294
0,1,3,2,2,-0.67584,301
0,1,3,2,3,-0.65524,682
0,1,3,2,4,-0.57981,350
0,1,3,3,0,-0.58452,508
0,1,3,3,1,-0.36502,462
0,1,3,3,2,-0.32480,436
0,1,3,3,3,-0.43026,752
0,1,3,3,4,-0.26532,383
0,1,3,4,0,0.35790,169
0,1,3,4,1,0.11347,142
0,1,3,4,2,0.15695,185
0,1,3,4,3,1.89057,299
0,1,3,4,4,0.01753,191
0,1,4,0,0,1.40497,20
0,1,4,0,1,1.39187,19
0,1,4,0,2,-0.57885,7
0,1,4,0,3,2.01239,16
0,1,4,0,4,-0.45646,13
0,1,4,1,0,2.34046,154
0,1,4,1,1,3.26346,114
0,1,4,1,2,1.22567,100
0,1,4,1,3,0.74092,203
0,1,4,1,4,3.26683,119
0,1,4,2,0,0.55201,476
0,1,4,2,1,0.69612,443
0,1,4,2,2,0.80531,421
0,1,4,2,3,0.44479,816
0,1,4,2,4,0.30674,487
0,1,4,3,0,-0.68553,457
0,1,4,3,1,-0.51000,550
0,1,4,3,2,-0.59786,562
0,1,4,3,3,-0.42052,938
0,1,4,3,4,-0.45053,538
0,1,4,4,0,-0.25737,285
0,1,4,4,1,-0.06478,125
0,1,4,4,2,-0.52506,218
0,1,4,4,3,-0.05398,445
0,1,4,4,4,-0.44811,217
0,2,0,0,0,-0.79598,31
0,2,0,0,1,-0.80933,30
0,2,0,0,2,-0.97066,48
0,2,0,0,3,-0.80585,28
0,2,0,0,4,-0.83671,31
0,2,0,1,0,2.75780,486
0,2,0,1,1,3.98874,356
0,2,0,1,2,4.00000,340
0,2,0,1,3,2.64454,428
0,2,0,1,4,3.99998,266
0,2,0,2,0,4.00000,309
0,2,0,2,1,4.00000,556
0,2,0,2,2,3.25000,440
0,2,0,2,3,4.00000,797
0,2,0,2,4,4.00004,423
0,2,0,3,0,2.87489,437
0,2,0,3,1,3.99964,744
0,2,0,3,2,3.99918,526
0,2,0,3,3,3.99971,725
0,2,0,3,4,3.99687,598
0,2,0,4,0,2.87442,81
0,2,0,4,1,4.00006,135
0,2,0,4,2,3.99975,273
0,2,0,4,3,3.99999,165
0,2,0,4,4,3.99941,100
0,2,1,0,0,-0.58143,7
0,2,1,0,1,-0.63541,26
0,2,1,0,2,-0.79607,18
0,2,1,0,3,-0.58916,11
0,2,1,0,4,-0.57538,21
0,2,1,1,0,1.39339,241
0,2,1,1,1,0.73620,149
0,2,1,1,2,1.27416,147
0,2,1,1,3,1.56330,305
0,2,1,1,4,1.15880,210
0,2,1,2,0,-0.31695,862
0,2,1,2,1,0.94046,500
0,2,1,2,2,1.51502,745
0,2,1,2,3,1.31067,897
0,2,1,2,4,0.80076,723
0,2,1,3,0,-0.51173,630
0,2,1,3,1,0.14540,645
0,2,1,3,2,0.03380,749
0,2,1,3,3,-0.20234,778
0,2,1,3,4,0.14125,426
0,2,1,4,0,1.42623,240
0,2,1,4,1,0.91725,267
0,2,1,4,2,0.50389,306
0,2,1,4,3,3.02274,577
0,2,1,4,4,0.97398,230
0,2,2,0,0,-0.09528,3
0,2,2,0,1,1.27420,4
0,2,2,0,2,1.81284,6
0,2,2,0,3,2.12716,25
0,2,2,0,4,1.11941,10
0,2,2,1,0,0.90240,227
0,2,2,1,1,1.51963,216
0,2,2,1,2,0.79307,205
0,2,2,1,3,0.84704,338
0,2,2,1,4,0.88415,207
0,2,2,2,0,0.83009,584
0,2,2,2,1,0.55435,448
0,2,2,2,2,1.19925,426
0,2,2,2,3,0.36241,883
0,2,2,2,4,-0.11427,570
0,2,2,3,0,0.27714,345
0,2,2,3,1,0.28018,384
0,2,2,3,2,0.38422,477
0,2,2,3,3,2.59935,814
0,2,2,3,4,0.15411,601
0,2,2,4,0,-0.69616,231
0,2,2,4,1,-0.73831,300
0,2,2,4,2,-0.84814,276
0,2,2,4,3,3.03255,355
0,2,2,4,4,-0.64546,270
0,2,3,0,0,-0.46454,12
0,2,3,0,1,-0.34525,12
0,2,3,0,2,-0.29180,13
0,2,3,0,3,-0.63864,11
0,2,3,0,4,-0.44601,18
0,2,3,1,0,2.57355,205
0,2,3,1,1,0.45347,228
0,2,3,1,2,0.99891,268
0,2,3,1,3,1.49297,351
0,2,3,1,4,1.52839,311
0,2,3,2,0,1.71443,470
0,2,3,2,1,-0.04108,379
0,2,3,2,2,0.03196,342
0,2,3,2,3,1.17059,729
0,2,3,2,4,0.61365,375
0,2,3,3,0,-0.02283,477
0,2,3,3,1,2.96153,437
0,2,3,3,2,-0.34148,387
0,2,3,3,3,2.22912,745
0,2,3,3,4,-0.39889,440
0,2,3,4,0,3.26532,271
0,2,3,4,1,1.20250,273
0,2,3,4,2,1.76109,336
0,2,3,4,3,1.93395,386
0,2,3,4,4,1.46988,219
0,2,4,0,0,-0.20665,7
0,2,4,0,1,-0.37351,19
0,2,4,0,2,-0.20189,6
0,2,4,0,3,-0.00661,15
0,2,4,0,4,-0.02911,7
0,2,4,1,0,0.31555,263
0,2,4,1,1,0.11141,314
0,2,4,1,2,0.45522,423
0,2,4,1,3,0.61495,458
0,2,4,1,4,-0.93783,266
0,2,4,2,0,-0.55209,525
0,2,4,2,1,-0.44677,616
0,2,4,2,2,-0.75452,512
0,2,4,2,3,-0.44794,837
0,2,4,2,4,-0.49428,608
0,2,4,3,0,1.68060,578
0,2,4,3,1,0.84589,441
0,2,4,3,2,1.05018,596
0,2,4,3,3,0.25659,896
0,2,4,3,4,-0.12706,636
0,2,4,4,0,1.93731,321
0,2,4,4,1,0.98465,277
0,2,4,4,2,1.12533,303
0,2,4,4,3,0.87303,495
0,2,4,4,4,1.09669,351
0,3,0,0,0,3.99759,12
0,3,0,0,1,3.98364,11
0,3,0,0,2,4.00000,152
0,3,0,0,3,3.23828,42
0,3,0,0,4,3.99988,15
0,3,0,1,0,4.00001,180
0,3,0,1,1,1.64870,3
0,3,0,1,2,1.37118,15
0,3,0,1,3,4.00075,131
0,3,0,1,4,-0.11193,7
0,3,0,2,0,-1.14986,85
0,3,0,2,1,-0.96161,92
0,3,0,2,2,-0.95617,70
0,3,0,2,3,-0.95761,302
0,3,0,2,4,-0.95076,86
0,3,0,3,0,-0.71872,22
0,3,0,3,1,-0.67809,33
0,3,0,3,2,-0.87349,38
0,3,0,3,3,-0.67930,42
0,3,0,3,4,-0.67887,34
0,3,0,4,0,3.99996,129
0,3,0,4,1,3.99204,75
0,3,0,4,2,3.99995,69
0,3,0,4,3,3.24999,306
0,3,0,4,4,3.93025,178
0,3,1,0,0,0.93121,4
0,3,1,0,1,0.46755,13
0,3,1,0,2,0.55704,17
0,3,1,0,3,0.44841,72
0,3,1,0,4,0.45104,3
0,3,1,1,0,1.25136,88
0,3,1,1,1,2.00068,102
0,3,1,1,2,2.82383,81
0,3,1,1,3,1.61799,151
0,3,1,1,4,1.49721,109
0,3,1,2,0,1.41161,117
0,3,1,2,1,2.21021,119
0,3,1,2,2,2.60428,159
0,3,1,2,3,2.02929,104
0,3,1,2,4,2.00910,118
0,3,1,3,0,0.44741,43
0,3,1,3,1,0.50364,109
0,3,1,3,2,0.92978,84
0,3,1,3,3,0.27311,139
0,3,1,3,4,0.79856,199
0,3,1,4,0,2.44805,125
0,3,1,4,1,2.12480,99
0,3,1,4,2,2.69698,115
0,3,1,4,3,2.33184,180
0,3,1,4,4,1.77274,136
0,3,2,0,0,-0.45671,17
0,3,2,0,1,-0.49058,9
0,3,2,0,2,1.32239,14
0,3,2,0,3,2.59985,10
0,3,2,0,4,-0.46767,20
0,3,2,1,0,1.46339,93
0,3,2,1,1,0.11039,156
0,3,2,1,2,-0.16185,176
0,3,2,1,3,1.51078,205
0,3,2,1,4,0.98502,155
0,3,2,2,0,0.18694,77
0,3,2,2,1,0.02039,90
0,3,2,2,2,0.39192,34
0,3,2,2,3,0.25348,157
0,3,2,2,4,0.54872,103
0,3,2,3,0,1.51733,124
0,3,2,3,1,0.95413,62
0,3,2,3,2,0.86636,61
0,3,2,3,3,1.14539,89
0,3,2,3,4,0.93744,48
0,3,2,4,0,2.50348,127
0,3,2,4,1,3.19559,145
0,3,2,4,2,1.83917,83
0,3,2,4,3,3.28008,194
0,3,2,4,4,3.17624,138
0,3,3,0,0,0.63328,26
0,3,3,0,1,1.16021,1
0,3,3,0,2,0.49550,34
0,3,3,0,3,0.65628,14
0,3,3,0,4,1.14337,11
0,3,3,1,0,-0.26435,141
0,3,3,1,1,-0.22403,98
0,3,3,1,2,-0.38041,109
0,3,3,1,3,-0.27026,176
0,3,3,1,4,-0.48020,126
0,3,3,2,0,0.18139,110
0,3,3,2,1,1.27828,77
0,3,3,2,2,1.41424,110
0,3,3,2,3,1.31288,75
0,3,3,2,4,1.12989,69
0,3,3,3,0,1.01050,112
0,3,3,3,1,0.72798,112
0,3,3,3,2,0.77483,81
0,3,3,3,3,0.20789,109
0,3,3,3,4,0.71377,65
0,3,3,4,0,0.30967,89
0,3,3,4,1,-0.03702,88
0,3,3,4,2,0.37300,110
0,3,3,4,3,0.35511,203
0,3,3,4,4,0.39658,100
0,3,4,0,0,-0.20833,14
0,3,4,0,1,0.00144,33
0,3,4,0,2,-0.10223,7
0,3,4,0,3,0.16128,17
0,3,4,0,4,0.09197,12
0,3,4,1,0,2.75266,170
0,3,4,1,1,1.07426,182
0,3,4,1,2,0.22154,207
0,3,4,1,3,1.13092,291
0,3,4,1,4,0.74985,233
0,3,4,2,0,-0.32735,135
0,3,4,2,1,-0.43348,87
0,3,4,2,2,-0.66025,101
0,3,4,2,3,-0.31544,158
0,3,4,2,4,-0.30980,72
0,3,4,3,0,0.36541,143
0,3,4,3,1,0.48520,93
0,3,4,3,2,0.45418,70
0,3,4,3,3,1.61043,175
0,3,4,3,4,0.52482,89
0,3,4,4,0,-0.55304,108
0,3,4,4,1,-0.95531,65
0,3,4,4,2,-0.49439,64
0,3,4,4,3,2.51760,157
0,3,4,4,4,-0.85217,85
0,4,0,0,0,0.37402,0
0,4,0,0,1,0.48247,0
0,4,0,0,2,0.56974,0
0,4,0,0,3,0.51051,0
0,4,0,0,4,0.40512,0
0,4,0,1,0,0.49463,0
0,4,0,1,1,0.12765,0
0,4,0,1,2,0.05890,0
0,4,0,1,3,0.78139,0
0,4,0,1,4,0.02529,0
0,4,0,2,0,0.89325,0
0,4,0,2,1,0.62679,0
0,4,0,2,2,0.32868,0
0,4,0,2,3,0.07521,0
0,4,0,2,4,0.39296,0
0,4,0,3,0,0.37892,0
0,4,0,3,1,0.28705,0
0,4,0,3,2,0.17554,0
0,4,0,3,3,0.33014,0
0,4,0,3,4,0.28059,0
0,4,0,4,0,0.49808,0
0,4,0,4,1,0.31996,0
0,4,0,4,2,0.12747,0
0,4,0,4,3,0.26756,0
0,4,0,4,4,0.44317,0
0,4,1,0,0,0.64630,0
0,4,1,0,1,0.49365,0
0,4,1,0,2,0.15669,0
0,4,1,0,3,0.24919,0
0,4,1,0,4,0.30153,0
0,4,1,1,0,2.04128,4
0,4,1,1,1,0.29436,0
0,4,1,1,2,0.93536,0
0,4,1,1,3,0.48162,4
0,4,1,1,4,0.46991,0
0,4,1,2,0,0.83922,0
0,4,1,2,1,0.11338,0
0,4,1,2,2,0.29019,0
0,4,1,2,3,0.80778,0
0,4,1,2,4,0.00644,0
0,4,1,3,0,0.07283,0
0,4,1,3,1,0.48676,0
0,4,1,3,2,0.64001,0
0,4,1,3,3,0.56252,0
0,4,1,3,4,0.68469,0
0,4,1,4,0,0.58735,0
0,4,1,4,1,0.70658,0
0,4,1,4,2,0.35295,0
0,4,1,4,3,0.83812,0
0,4,1,4,4,0.30182,0
0,4,2,0,0,0.25016,0
0,4,2,0,1,0.66945,0
0,4,2,0,2,0.18910,0
0,4,2,0,3,0.74741,0
0,4,2,0,4,0.59843,0
0,4,2,1,0,0.81897,0
0,4,2,1,1,2.41328,14
0,4,2,1,2,0.42893,0
0,4,2,1,3,3.27922,4
0,4,2,1,4,0.34382,0
0,4,2,2,0,0.22874,0
0,4,2,2,1,0.81674,0
0,4,2,2,2,0.36222,0
0,4,2,2,3,0.96038,0
0,4,2,2,4,0.79627,0
0,4,2,3,0,0.16077,0
0,4,2,3,1,0.52783,4
0,4,2,3,2,0.12223,4
0,4,2,3,3,0.83364,4
0,4,2,3,4,0.12203,3
0,4,2,4,0,0.31086,4
0,4,2,4,1,0.28116,0
0,4,2,4,2,0.30666,0
0,4,2,4,3,0.89792,0
0,4,2,4,4,0.09538,0
0,4,3,0,0,0.42788,0
0,4,3,0,1,0.92324,0
0,4,3,0,2,0.16354,0
0,4,3,0,3,0.11946,0
0,4,3,0,4,0.64428,0
0,4,3,1,0,0.15935,0
0,4,3,1,1,0.50322,3
0,4,3,1,2,0.15410,4
0,4,3,1,3,0.30771,3
0,4,3,1,4,-0.08897,2
0,4,3,2,0,0.71245,0
0,4,3,2,1,3.12139,3
0,4,3,2,2,0.65791,0
0,4,3,2,3,2.59901,2
0,4,3,2,4,2.86755,16
0,4,3,3,0,1.20377,10
0,4,3,3,1,0.06917,0
0,4,3,3,2,0.27820,0
0,4,3,3,3,2.04932,7
0,4,3,3,4,0.82882,0
0,4,3,4,0,0.52533,6
0,4,3,4,1,0.32537,2
0,4,3,4,2,0.35674,0
0,4,3,4,3,0.02291,4
0,4,3,4,4,0.00242,0
0,4,4,0,0,0.07395,0
0,4,4,0,1,0.86261,0
0,4,4,0,2,0.28973,0
0,4,4,0,3,0.71945,0
0,4,4,0,4,0.12279,0
0,4,4,1,0,0.94772,0
0,4,4,1,1,0.43684,0
0,4,4,1,2,0.03397,0
0,4,4,1,3,0.23299,0
0,4,4,1,4,0.89732,0
0,4,4,2,0,0.98333,0
0,4,4,2,1,0.41517,0
0,4,4,2,2,0.30760,0
0,4,4,2,3,0.00786,0
0,4,4,2,4,0.72381,0
0,4,4,3,0,-0.43749,15
0,4,4,3,1,-0.08449,8
0,4,4,3,2,-0.31282,14
0,4,4,3,3,-0.31133,11
0,4,4,3,4,-0.30393,8
0,4,4,4,0,0.92369,0
0,4,4,4,1,0.29710,0
0,4,4,4,2,0.35632,0
0,4,4,4,3,0.57009,0
0,4,4,4,4,0.55893,0
1,0,0,0,0,0.86353,0
1,0,0,0,1,0.24279,0
1,0,0,0,2,0.78279,0
1,0,0,0,3,0.86649,0
1,0,0,0,4,0.59110,0
1,0,0,1,0,0.68555,0
1,0,0,1,1,0.18047,0
1,0,0,1,2,0.13105,0
1,0,0,1,3,0.09310,0
1,0,0,1,4,0.17122,0
1,0,0,2,0,0.52405,0
1,0,0,2,1,0.36742,0
1,0,0,2,2,8.00000,177
1,0,0,2,3,0.62928,0
1,0,0,2,4,0.66184,0
1,0,0,3,0,2.83775,4
1,0,0,3,1,0.90935,0
1,0,0,3,2,0.96184,0
1,0,0,3,3,0.50907,9
1,0,0,3,4,0.37635,0
1,0,0,4,0,0.98171,0
1,0,0,4,1,7.99689,58
1,0,0,4,2,0.86679,0
1,0,0,4,3,0.52175,0
1,0,0,4,4,0.73238,0
1,0,1,0,0,0.80649,0
1,0,1,0,1,0.92425,0
1,0,1,0,2,0.52336,0
1,0,1,0,3,0.99843,0
1,0,1,0,4,0.18233,0
1,0,1,1,0,2.93734,484
1,0,1,1,1,3.73923,1164
1,0,1,1,2,1.58520,550
1,0,1,1,3,3.99957,1272
1,0,1,1,4,2.77056,237
1,0,1,2,0,2.18781,550
1,0,1,2,1,2.09001,4184
1,0,1,2,2,3.99997,1395
1,0,1,2,3,1.49032,4486
1,0,1,2,4,2.38739,1281
1,0,1,3,0,3.81245,1313
1,0,1,3,1,4.69515,5529
1,0,1,3,2,0.84260,1732
1,0,1,3,3,5.49990,5132
1,0,1,3,4,1.50822,782
1,0,1,4,0,2.06568,189
1,0,1,4,1,1.86941,2022
1,0,1,4,2,2.74954,539
1,0,1,4,3,7.99885,2659
1,0,1,4,4,2.77740,206
1,0,2,0,0,0.21442,0
1,0,2,0,1,0.47328,0
1,0,2,0,2,0.11608,0
1,0,2,0,3,0.09139,0
1,0,2,0,4,0.57028,0
1,0,2,1,0,2.02341,93
1,0,2,1,1,1.49504,217
1,0,2,1,2,1.94487,91
1,0,2,1,3,0.74338,354
1,0,2,1,4,0.59850,133
1,0,2,2,0,1.17397,445
1,0,2,2,1,1.32148,527
1,0,2,2,2,1.78580,440
1,0,2,2,3,3.34471,1108
1,0,2,2,4,1.28493,375
1,0,2,3,0,1.09305,568
1,0,2,3,1,2.40633,762
1,0,2,3,2,3.06718,611
1,0,2,3,3,4.04731,1343
1,0,2,3,4,0.75447,472
1,0,2,4,0,1.28583,216
1,0,2,4,1,1.48163,256
1,0,2,4,2,1.28976,255
1,0,2,4,3,1.25277,465
1,0,2,4,4,1.54968,176
1,0,3,0,0,0.29877,0
1,0,3,0,1,0.49135,0
1,0,3,0,2,0.44773,0
1,0,3,0,3,0.27520,0
1,0,3,0,4,0.41503,0
1,0,3,1,0,2.16708,112
1,0,3,1,1,0.74480,123
1,0,3,1,2,0.91294,70
1,0,3,1,3,0.79966,310
1,0,3,1,4,1.64568,76
1,0,3,2,0,0.55840,293
1,0,3,2,1,0.95853,457
1,0,3,2,2,0.70104,359
1,0,3,2,3,-0.39980,869
1,0,3,2,4,0.63216,251
1,0,3,3,0,3.62064,501
1,0,3,3,1,1.27259,599
1,0,3,3,2,2.12988,565
1,0,3,3,3,0.95834,1238
1,0,3,3,4,3.16951,493
1,0,3,4,0,2.40622,155
1,0,3,4,1,2.47786,246
1,0,3,4,2,2.31477,190
1,0,3,4,3,2.94374,429
1,0,3,4,4,2.24054,175
1,0,4,0,0,0.20810,3
1,0,4,0,1,0.54370,1
1,0,4,0,2,0.72196,1
1,0,4,0,3,0.34240,6
1,0,4,0,4,1.23425,4
1,0,4,1,0,0.80853,111
1,0,4,1,1,0.55740,183
1,0,4,1,2,0.87360,158
1,0,4,1,3,0.74511,361
1,0,4,1,4,0.56732,149
1,0,4,2,0,0.48102,360
1,0,4,2,1,0.54145,506
1,0,4,2,2,0.36151,325
1,0,4,2,3,1.53955,906
1,0,4,2,4,2.41003,383
1,0,4,3,0,0.14871,422
1,0,4,3,1,0.65150,583
1,0,4,3,2,1.04450,494
1,0,4,3,3,1.28258,1209
1,0,4,3,4,1.19764,339
1,0,4,4,0,-0.10004,186
1,0,4,4,1,0.09372,240
1,0,4,4,2,-0.11614,206
1,0,4,4,3,1.34910,480
1,0,4,4,4,0.17435,190
1,1,0,0,0,0.45206,0
1,1,0,0,1,0.45307,0
1,1,0,0,2,0.96192,0
1,1,0,0,3,1.41012,81
1,1,0,0,4,0.16729,0
1,1,0,1,0,4.39490,109
1,1,0,1,1,4.13912,23
1,1,0,1,2,1.54781,194
1,1,0,1,3,4.52652,358
1,1,0,1,4,4.52654,360
1,1,0,2,0,2.11155,412
1,1,0,2,1,4.50253,418
1,1,0,2,2,2.80592,1172
1,1,0,2,3,2.35255,1023
1,1,0,2,4,2.09997,510
1,1,0,3,0,1.01304,960
1,1,0,3,1,1.24822,1001
1,1,0,3,2,7.99912,401
1,1,0,3,3,4.54814,1784
1,1,0,3,4,1.35817,749
1,1,0,4,0,2.23373,318
1,1,0,4,1,7.99824,401
1,1,0,4,2,2.61243,325
1,1,0,4,3,1.72860,256
1,1,0,4,4,2.58710,258
1,1,1,0,0,0.76258,1
1,1,1,0,1,1.74384,102
1,1,1,0,2,0.18540,31
1,1,1,0,3,0.14909,26
1,1,1,0,4,0.01303,22
1,1,1,1,0,0.76757,2101
1,1,1,1,1,0.32889,3757
1,1,1,1,2,0.93698,2810
1,1,1,1,3,0.45290,6147
1,1,1,1,4,0.21586,1751
1,1,1,2,0,1.19071,10459
1,1,1,2,1,0.99095,9718
1,1,1,2,2,1.99874,9428
1,1,1,2,3,1.32079,23721
1,1,1,2,4,1.33677,9485
1,1,1,3,0,1.21082,10227
1,1,1,3,1,1.51192,13732
1,1,1,3,2,1.90865,10727
1,1,1,3,3,1.59670,26178
1,1,1,3,4,1.61158,10710
1,1,1,4,0,1.79736,3353
1,1,1,4,1,2.65660,4046
1,1,1,4,2,1.13882,3425
1,1,1,4,3,4.00001,7909
1,1,1,4,4,3.94469,3296
1,1,2,0,0,0.94871,29
1,1,2,0,1,0.88326,34
1,1,2,0,2,0.27902,59
1,1,2,0,3,0.24968,64
1,1,2,0,4,0.40126,24
1,1,2,1,0,0.61899,1630
1,1,2,1,1,1.02083,1908
1,1,2,1,2,0.53661,1540
1,1,2,1,3,1.89888,3173
1,1,2,1,4,0.75718,1378
1,1,2,2,0,3.10352,5730
1,1,2,2,1,1.24429,5931
1,1,2,2,2,2.81574,5302
1,1,2,2,3,3.26619,12610
1,1,2,2,4,3.02499,5240
1,1,2,3,0,0.49284,6265
1,1,2,3,1,0.60781,6479
1,1,2,3,2,1.93937,5971
1,1,2,3,3,2.05218,14681
1,1,2,3,4,0.71529,6135
1,1,2,4,0,0.59253,2194
1,1,2,4,1,0.86316,2393
1,1,2,4,2,2.10747,2126
1,1,2,4,3,0.91356,5147
1,1,2,4,4,0.90687,1983
1,1,3,0,0,2.48806,15
1,1,3,0,1,2.24408,23
1,1,3,0,2,0.30031,14
1,1,3,0,3,0.93175,80
1,1,3,0,4,0.95382,25
1,1,3,1,0,-0.18615,1341
1,1,3,1,1,0.17963,1558
1,1,3,1,2,-0.01113,1315
1,1,3,1,3,-0.03280,2921
1,1,3,1,4,-0.02733,1282
1,1,3,2,0,-0.34249,4562
1,1,3,2,1,0.05792,4779
1,1,3,2,2,-0.04251,4745
1,1,3,2,3,-0.03233,10345
1,1,3,2,4,-0.08163,4467
1,1,3,3,0,-0.00166,5793
1,1,3,3,1,0.13475,6609
1,1,3,3,2,-0.04099,5774
1,1,3,3,3,2.89380,12953
1,1,3,3,4,-0.12196,5491
1,1,3,4,0,0.57350,2027
1,1,3,4,1,1.08126,2462
1,1,3,4,2,2.15981,1877
1,1,3,4,3,2.49539,4528
1,1,3,4,4,1.73419,1990
1,1,4,0,0,-0.28058,35
1,1,4,0,1,0.24418,51
1,1,4,0,2,-0.46526,66
1,1,4,0,3,0.03653,133
1,1,4,0,4,-0.00089,46
1,1,4,1,0,0.68016,1655
1,1,4,1,1,1.07848,1946
1,1,4,1,2,1.16781,1654
1,1,4,1,3,1.16637,3951
1,1,4,1,4,1.01719,1645
1,1,4,2,0,-0.26547,5940
1,1,4,2,1,-0.19051,6409
1,1,4,2,2,0.04109,5854
1,1,4,2,3,-0.16266,13508
1,1,4,2,4,-0.16029,5789
1,1,4,3,0,0.21676,7196
1,1,4,3,1,1.65227,8056
1,1,4,3,2,0.15542,7016
1,1,4,3,3,0.26376,16537
1,1,4,3,4,0.22034,7056
1,1,4,4,0,1.13417,2859
1,1,4,4,1,1.62281,3221
1,1,4,4,2,1.60751,2735
1,1,4,4,3,1.72206,6603
1,1,4,4,4,1.67719,2747
1,2,0,0,0,2.98637,9
1,2,0,0,1,0.18596,0
1,2,0,0,2,3.31278,3
1,2,0,0,3,0.64757,28
1,2,0,0,4,0.39424,0
1,2,0,1,0,3.99357,141
1,2,0,1,1,1.31818,215
1,2,0,1,2,1.43517,50
1,2,0,1,3,1.32335,254
1,2,0,1,4,3.54998,306
1,2,0,2,0,3.92122,790
1,2,0,2,1,3.92867,589
1,2,0,2,2,3.96234,423
1,2,0,2,3,3.98982,847
1,2,0,2,4,4.00003,918
1,2,0,3,0,1.17380,383
1,2,0,3,1,1.63023,586
1,2,0,3,2,1.32392,407
1,2,0,3,3,1.94359,1165
1,2,0,3,4,1.82821,407
1,2,0,4,0,2.80613,378
1,2,0,4,1,3.03084,474
1,2,0,4,2,2.45250,145
1,2,0,4,3,4.00028,415
1,2,0,4,4,2.50338,464
1,2,1,0,0,-0.36034,42
1,2,1,0,1,0.57800,298
1,2,1,0,2,1.03012,92
1,2,1,0,3,0.52441,125
1,2,1,0,4,0.41470,54
1,2,1,1,0,2.42281,1774
1,2,1,1,1,2.16141,2059
1,2,1,1,2,1.15227,1811
1,2,1,1,3,2.04048,3672
1,2,1,1,4,1.43503,1515
1,2,1,2,0,1.18495,5117
1,2,1,2,1,0.89106,6996
1,2,1,2,2,3.45252,4984
1,2,1,2,3,1.77424,11538
1,2,1,2,4,0.65874,5491
1,2,1,3,0,1.73606,6406
1,2,1,3,1,1.74693,7164
1,2,1,3,2,2.52305,6034
1,2,1,3,3,1.79858,12520
1,2,1,3,4,0.83611,5454
1,2,1,4,0,1.42212,2165
1,2,1,4,1,3.48385,3311
1,2,1,4,2,1.15518,2265
1,2,1,4,3,1.11438,5178
1,2,1,4,4,1.44908,1948
1,2,2,0,0,0.84295,36
1,2,2,0,1,1.18584,106
1,2,2,0,2,0.88487,37
1,2,2,0,3,1.65608,134
1,2,2,0,4,0.66370,44
1,2,2,1,0,1.01294,1495
1,2,2,1,1,2.42042,1757
1,2,2,1,2,0.84248,1555
1,2,2,1,3,1.01972,3625
1,2,2,1,4,1.22735,1670
1,2,2,2,0,2.90411,4287
1,2,2,2,1,2.21335,4169
1,2,2,2,2,3.31681,3754
1,2,2,2,3,2.20100,9802
1,2,2,2,4,1.90735,3975
1,2,2,3,0,2.03310,4226
1,2,2,3,1,1.99988,5244
1,2,2,3,2,1.85416,4602
1,2,2,3,3,1.26816,10007
1,2,2,3,4,1.25599,4232
1,2,2,4,0,2.36338,1646
1,2,2,4,1,0.54111,2499
1,2,2,4,2,-0.70759,1971
1,2,2,4,3,2.64297,3927
1,2,2,4,4,3.23858,1859
1,2,3,0,0,1.87948,41
1,2,3,0,1,0.55432,60
1,2,3,0,2,1.13528,36
1,2,3,0,3,1.31032,115
1,2,3,0,4,2.19483,23
1,2,3,1,0,0.17991,1586
1,2,3,1,1,0.11582,1674
1,2,3,1,2,0.19039,1336
1,2,3,1,3,1.08144,3543
1,2,3,1,4,0.17695,1410
1,2,3,2,0,3.88858,3858
1,2,3,2,1,-0.26255,4498
1,2,3,2,2,-0.12437,3814
1,2,3,2,3,-0.03992,8984
1,2,3,2,4,2.62415,3694
1,2,3,3,0,-0.20665,4039
1,2,3,3,1,0.16600,4726
1,2,3,3,2,0.50982,4341
1,2,3,3,3,3.01503,9564
1,2,3,3,4,1.74187,4024
1,2,3,4,0,2.46042,1596
1,2,3,4,1,1.76977,2017
1,2,3,4,2,2.34295,1655
1,2,3,4,3,3.92575,4193
1,2,3,4,4,3.94977,1647
1,2,4,0,0,1.39015,81
1,2,4,0,1,-0.41780,142
1,2,4,0,2,-0.36758,126
1,2,4,0,3,1.33745,242
1,2,4,0,4,0.87511,78
1,2,4,1,0,0.66035,2084
1,2,4,1,1,0.22481,2699
1,2,4,1,2,0.23569,2081
1,2,4,1,3,0.25887,5183
1,2,4,1,4,0.37844,2302
1,2,4,2,0,-0.21219,5547
1,2,4,2,1,-0.03879,6390
1,2,4,2,2,2.81398,5542
1,2,4,2,3,-0.04631,12727
1,2,4,2,4,-0.18587,5576
1,2,4,3,0,0.37471,5525
1,2,4,3,1,0.03235,6279
1,2,4,3,2,0.22030,5530
1,2,4,3,3,0.20237,12179
1,2,4,3,4,-0.10546,6087
1,2,4,4,0,1.35935,2297
1,2,4,4,1,0.53736,3200
1,2,4,4,2,0.52645,2445
1,2,4,4,3,2.99069,5438
1,2,4,4,4,2.18679,2169
1,3,0,0,0,3.12449,14
1,3,0,0,1,2.33434,1
1,3,0,0,2,3.97795,22
1,3,0,0,3,1.31991,70
1,3,0,0,4,3.87937,6
1,3,0,1,0,3.95211,333
1,3,0,1,1,3.98446,126
1,3,0,1,2,2.99654,254
1,3,0,1,3,3.99966,235
1,3,0,1,4,3.49630,63
1,3,0,2,0,3.87227,48
1,3,0,2,1,3.91735,158
1,3,0,2,2,3.83695,39
1,3,0,2,3,4.48453,213
1,3,0,2,4,2.74999,37
1,3,0,3,0,1.93461,127
1,3,0,3,1,4.34447,28
1,3,0,3,2,2.73049,20
1,3,0,3,3,3.09503,117
1,3,0,3,4,4.16421,167
1,3,0,4,0,2.14020,14
1,3,0,4,1,2.70210,84
1,3,0,4,2,3.02632,42
1,3,0,4,3,1.94621,142
1,3,0,4,4,0.34874,0
1,3,1,0,0,3.72447,42
1,3,1,0,1,3.87125,156
1,3,1,0,2,1.43961,33
1,3,1,0,3,1.40718,87
1,3,1,0,4,1.47012,31
1,3,1,1,0,1.62197,664
1,3,1,1,1,3.32559,828
1,3,1,1,2,1.92079,859
1,3,1,1,3,1.84988,1673
1,3,1,1,4,3.01056,508
1,3,1,2,0,1.85712,591
1,3,1,2,1,3.99996,677
1,3,1,2,2,1.57749,383
1,3,1,2,3,2.05785,1127
1,3,1,2,4,1.60166,530
1,3,1,3,0,1.13853,647
1,3,1,3,1,2.34616,685
1,3,1,3,2,2.02605,462
1,3,1,3,3,2.05827,1019
1,3,1,3,4,2.06511,469
1,3,1,4,0,0.67122,533
1,3,1,4,1,3.50016,885
1,3,1,4,2,2.42247,464
1,3,1,4,3,2.67661,1458
1,3,1,4,4,3.50432,643
1,3,2,0,0,0.24892,39
1,3,2,0,1,0.93520,81
1,3,2,0,2,2.66215,27
1,3,2,0,3,0.10585,69
1,3,2,0,4,-0.10857,31
1,3,2,1,0,1.88533,475
1,3,2,1,1,1.83471,655
1,3,2,1,2,1.96815,707
1,3,2,1,3,1.48245,1184
1,3,2,1,4,1.17961,540
1,3,2,2,0,2.37896,329
1,3,2,2,1,3.40989,529
1,3,2,2,2,1.45011,258
1,3,2,2,3,2.39699,1028
1,3,2,2,4,0.61815,339
1,3,2,3,0,0.20916,370
1,3,2,3,1,2.98857,620
1,3,2,3,2,0.44353,486
1,3,2,3,3,0.19487,1186
1,3,2,3,4,0.56368,533
1,3,2,4,0,2.27314,471
1,3,2,4,1,3.08991,657
1,3,2,4,2,0.54286,369
1,3,2,4,3,2.39164,1277
1,3,2,4,4,3.88312,308
1,3,3,0,0,0.23744,2
1,3,3,0,1,0.60193,48
1,3,3,0,2,0.58730,24
1,3,3,0,3,0.86253,86
1,3,3,0,4,0.61978,17
1,3,3,1,0,-0.33080,507
1,3,3,1,1,-0.16670,804
1,3,3,1,2,-0.26220,604
1,3,3,1,3,-0.33091,1316
1,3,3,1,4,2.53994,563
1,3,3,2,0,-0.22339,479
1,3,3,2,1,0.35113,610
1,3,3,2,2,0.83886,400
1,3,3,2,3,0.89627,1152
1,3,3,2,4,0.48948,491
1,3,3,3,0,0.88299,406
1,3,3,3,1,0.66965,422
1,3,3,3,2,1.01990,480
1,3,3,3,3,2.61336,1254
1,3,3,3,4,1.88088,436
1,3,3,4,0,1.94725,565
1,3,3,4,1,0.44372,451
1,3,3,4,2,0.20150,545
1,3,3,4,3,3.26229,1088
1,3,3,4,4,1.48274,542
1,3,4,0,0,-0.54781,113
1,3,4,0,1,-0.44115,114
1,3,4,0,2,-0.52971,83
1,3,4,0,3,0.09840,151
1,3,4,0,4,-0.43285,51
1,3,4,1,0,0.72299,854
1,3,4,1,1,0.79796,1143
1,3,4,1,2,0.93717,828
1,3,4,1,3,-0.28496,2222
1,3,4,1,4,0.91909,780
1,3,4,2,0,0.48870,643
1,3,4,2,1,0.96806,647
1,3,4,2,2,0.50857,580
1,3,4,2,3,-0.22429,1553
1,3,4,2,4,0.49807,613
1,3,4,3,0,-0.09594,613
1,3,4,3,1,-0.04329,686
1,3,4,3,2,0.26095,618
1,3,4,3,3,3.06136,1244
1,3,4,3,4,0.41173,578
1,3,4,4,0,-0.06680,652
1,3,4,4,1,-0.15487,919
1,3,4,4,2,-0.05274,693
1,3,4,4,3,-0.02708,1473
1,3,4,4,4,-0.29615,683
1,4,0,0,0,0.07404,0
1,4,0,0,1,0.03842,0
1,4,0,0,2,0.27273,0
1,4,0,0,3,0.32757,0
1,4,0,0,4,0.63627,0
1,4,0,1,0,2.47105,6
1,4,0,1,1,0.78467,0
1,4,0,1,2,0.90576,0
1,4,0,1,3,3.89234,6
1,4,0,1,4,2.59396,3
1,4,0,2,0,0.68877,0
1,4,0,2,1,0.26060,0
1,4,0,2,2,1.44650,5
1,4,0,2,3,2.50305,6
1,4,0,2,4,0.20862,0
1,4,0,3,0,0.15277,0
1,4,0,3,1,0.45587,0
1,4,0,3,2,0.61706,0
1,4,0,3,3,3.89545,6
1,4,0,3,4,0.20526,0
1,4,0,4,0,0.91803,0
1,4,0,4,1,0.81686,0
1,4,0,4,2,0.57965,0
1,4,0,4,3,0.45760,0
1,4,0,4,4,0.75284,0
1,4,1,0,0,0.84223,0
1,4,1,0,1,2.73983,8
1,4,1,0,2,3.38137,4
1,4,1,0,3,2.34526,26
1,4,1,0,4,0.41530,0
1,4,1,1,0,2.52929,5
1,4,1,1,1,1.18884,33
1,4,1,1,2,1.53968,102
1,4,1,1,3,1.55422,38
1,4,1,1,4,1.95424,10
1,4,1,2,0,0.66841,0
1,4,1,2,1,0.52969,0
1,4,1,2,2,1.88051,4
1,4,1,2,3,3.75768,4
1,4,1,2,4,0.31294,0
1,4,1,3,0,0.23297,0
1,4,1,3,1,0.26789,0
1,4,1,3,2,3.20255,13
1,4,1,3,3,2.50734,5
1,4,1,3,4,1.76861,2
1,4,1,4,0,0.40402,0
1,4,1,4,1,2.64009,79
1,4,1,4,2,2.68296,5
1,4,1,4,3,1.75298,24
1,4,1,4,4,1.08016,2
1,4,2,0,0,0.77254,0
1,4,2,0,1,0.38734,0
1,4,2,0,2,2.74282,16
1,4,2,0,3,0.45676,0
1,4,2,0,4,2.50445,12
1,4,2,1,0,0.72799,0
1,4,2,1,1,3.26185,17
1,4,2,1,2,1.65338,3
1,4,2,1,3,3.45907,20
1,4,2,1,4,0.63127,0
1,4,2,2,0,1.98621,2
1,4,2,2,1,2.03415,5
1,4,2,2,2,0.08445,0
1,4,2,2,3,3.50337,3
1,4,2,2,4,0.11284,0
1,4,2,3,0,1.40766,26
1,4,2,3,1,2.74131,23
1,4,2,3,2,3.02661,5
1,4,2,3,3,1.73263,25
1,4,2,3,4,0.63595,13
1,4,2,4,0,0.74918,10
1,4,2,4,1,0.71892,46
1,4,2,4,2,0.95693,14
1,4,2,4,3,0.49696,30
1,4,2,4,4,0.66321,8
1,4,3,0,0,0.07154,0
1,4,3,0,1,1.10920,2
1,4,3,0,2,0.48656,0
1,4,3,0,3,3.48321,3
1,4,3,0,4,0.37435,0
1,4,3,1,0,2.91215,9
1,4,3,1,1,1.68814,8
1,4,3,1,2,2.34974,9
1,4,3,1,3,2.78757,25
1,4,3,1,4,0.05696,0
1,4,3,2,0,0.63168,0
1,4,3,2,1,1.31833,1
1,4,3,2,2,0.33089,0
1,4,3,2,3,3.22075,44
1,4,3,2,4,0.89345,0
1,4,3,3,0,1.09469,11
1,4,3,3,1,1.46156,4
1,4,3,3,2,0.40892,0
1,4,3,3,3,0.95053,41
1,4,3,3,4,0.39058,0
1,4,3,4,0,0.42787,3
1,4,3,4,1,2.16684,10
1,4,3,4,2,0.16327,10
1,4,3,4,3,2.46128,11
1,4,3,4,4,0.44711,8
1,4,4,0,0,0.26142,0
1,4,4,0,1,0.32673,0
1,4,4,0,2,0.07660,6
1,4,4,0,3,0.00934,5
1,4,4,0,4,0.13596,0
1,4,4,1,0,0.01221,12
1,4,4,1,1,2.62505,15
1,4,4,1,2,0.05281,0
1,4,4,1,3,3.21554,38
1,4,4,1,4,0.06772,4
1,4,4,2,0,0.19803,6
1,4,4,2,1,-0.03405,6
1,4,4,2,2,0.09847,5
1,4,4,2,3,0.09479,0
1,4,4,2,4,0.09581,16
1,4,4,3,0,-0.12854,13
1,4,4,3,1,-0.14380,4
1,4,4,3,2,-0.19010,8
1,4,4,3,3,-0.34000,39
1,4,4,3,4,-0.05614,11
1,4,4,4,0,1.32517,2
1,4,4,4,1,0.28298,0
1,4,4,4,2,0.86957,0
1,4,4,4,3,3.10084,21
1,4,4,4,4,0.69376,0
2,0,0,0,0,0.03481,0
2,0,0,0,1,0.05557,0
2,0,0,0,2,0.79750,0
2,0,0,0,3,0.61730,0
2,0,0,0,4,0.91946,0
2,0,0,1,0,0.30641,0
2,0,0,1,1,0.30190,0
2,0,0,1,2,0.50464,0
2,0,0,1,3,4.14646,5
2,0,0,1,4,0.33008,0
2,0,0,2,0,0.74003,0
2,0,0,2,1,8.00000,169
2,0,0,2,2,0.23502,0
2,0,0,2,3,7.99972,75
2,0,0,2,4,5.91318,7
2,0,0,3,0,4.16103,13
2,0,0,3,1,0.54355,0
2,0,0,3,2,3.44477,242
2,0,0,3,3,6.99987,85
2,0,0,3,4,2.72640,3
2,0,0,4,0,0.31309,0
2,0,0,4,1,1.96738,3
2,0,0,4,2,0.35758,0
2,0,0,4,3,7.99968,75
2,0,0,4,4,0.99019,0
2,0,1,0,0,1.01693,1
2,0,1,0,1,0.03483,0
2,0,1,0,2,1.56932,1
2,0,1,0,3,1.99446,7
2,0,1,0,4,0.22085,0
2,0,1,1,0,3.64286,695
2,0,1,1,1,5.24602,2884
2,0,1,1,2,4.06119,348
2,0,1,1,3,5.49084,1044
2,0,1,1,4,3.55637,226
2,0,1,2,0,2.55630,1786
2,0,1,2,1,7.06250,6765
2,0,1,2,2,2.26652,1428
2,0,1,2,3,2.75215,5295
2,0,1,2,4,2.75089,1423
2,0,1,3,0,1.21609,1158
2,0,1,3,1,5.16205,9504
2,0,1,3,2,2.54995,1503
2,0,1,3,3,3.69859,5753
2,0,1,3,4,2.22261,1958
2,0,1,4,0,2.48781,533
2,0,1,4,1,3.83059,2729
2,0,1,4,2,3.17641,675
2,0,1,4,3,2.96483,2018
2,0,1,4,4,2.11745,726
2,0,2,0,0,0.60606,0
2,0,2,0,1,0.47510,0
2,0,2,0,2,0.27754,0
2,0,2,0,3,0.05784,0
2,0,2,0,4,0.79692,0
2,0,2,1,0,0.80829,124
2,0,2,1,1,0.93368,177
2,0,2,1,2,1.17746,166
2,0,2,1,3,0.64854,452
2,0,2,1,4,0.84158,124
2,0,2,2,0,2.62452,544
2,0,2,2,1,3.95637,782
2,0,2,2,2,3.91099,564
2,0,2,2,3,3.54420,1518
2,0,2,2,4,5.51671,655
2,0,2,3,0,3.06700,745
2,0,2,3,1,3.17476,997
2,0,2,3,2,1.72914,771
2,0,2,3,3,2.79447,1798
2,0,2,3,4,2.03360,640
2,0,2,4,0,2.38228,352
2,0,2,4,1,2.32091,383
2,0,2,4,2,1.76632,361
2,0,2,4,3,1.63493,620
2,0,2,4,4,2.07851,279
2,0,3,0,0,0.73054,0
2,0,3,0,1,1.12093,2
2,0,3,0,2,0.92768,0
2,0,3,0,3,1.39304,7
2,0,3,0,4,0.09453,0
2,0,3,1,0,3.10085,290
2,0,3,1,1,3.46524,246
2,0,3,1,2,1.95407,168
2,0,3,1,3,1.40085,468
2,0,3,1,4,1.87883,153
2,0,3,2,0,2.42295,416
2,0,3,2,1,3.11397,674
2,0,3,2,2,1.94261,558
2,0,3,2,3,2.31150,1219
2,0,3,2,4,2.83361,510
2,0,3,3,0,1.70842,760
2,0,3,3,1,1.36378,805
2,0,3,3,2,1.83849,728
2,0,3,3,3,2.62845,1774
2,0,3,3,4,1.57137,580
2,0,3,4,0,3.13765,242
2,0,3,4,1,1.80162,250
2,0,3,4,2,3.57238,324
2,0,3,4,3,2.79317,606
2,0,3,4,4,1.92481,237
2,0,4,0,0,1.04698,7
2,0,4,0,1,0.74939,1
2,0,4,0,2,0.85355,3
2,0,4,0,3,1.29612,11
2,0,4,0,4,1.09069,8
2,0,4,1,0,2.29189,275
2,0,4,1,1,1.96629,339
2,0,4,1,2,1.92431,273
2,0,4,1,3,2.86130,743
2,0,4,1,4,2.67802,270
2,0,4,2,0,2.46938,723
2,0,4,2,1,1.55583,916
2,0,4,2,2,0.85030,888
2,0,4,2,3,1.19176,1764
2,0,4,2,4,0.70644,875
2,0,4,3,0,1.32537,924
2,0,4,3,1,0.58137,1047
2,0,4,3,2,0.74511,1032
2,0,4,3,3,1.20958,2437
2,0,4,3,4,0.99484,817
2,0,4,4,0,2.54547,431
2,0,4,4,1,2.28525,483
2,0,4,4,2,1.51886,481
2,0,4,4,3,2.85510,895
2,0,4,4,4,1.87980,278
2,1,0,0,0,1.62695,3
2,1,0,0,1,0.27831,0
2,1,0,0,2,0.84538,0
2,1,0,0,3,0.84094,0
2,1,0,0,4,0.64075,0
2,1,0,1,0,2.84007,54
2,1,0,1,1,5.63850,106
2,1,0,1,2,4.40794,132
2,1,0,1,3,4.52276,82
2,1,0,1,4,4.03829,45
2,1,0,2,0,4.16386,679
2,1,0,2,1,7.99995,1000
2,1,0,2,2,4.14469,750
2,1,0,2,3,2.76097,1432
2,1,0,2,4,0.98190,489
2,1,0,3,0,3.56985,761
2,1,0,3,1,3.33099,735
2,1,0,3,2,3.37407,576
2,1,0,3,3,3.50026,1668
2,1,0,3,4,4.49184,764
2,1,0,4,0,1.82570,102
2,1,0,4,1,1.44670,30
2,1,0,4,2,3.36698,60
2,1,0,4,3,4.45746,430
2,1,0,4,4,4.56363,403
2,1,1,0,0,1.80432,6
2,1,1,0,1,3.49308,43
2,1,1,0,2,1.51154,10
2,1,1,0,3,2.05934,49
2,1,1,0,4,1.30618,50
2,1,1,1,0,1.92542,1878
2,1,1,1,1,2.07178,3281
2,1,1,1,2,1.65465,2612
2,1,1,1,3,4.16080,6763
2,1,1,1,4,3.21137,1972
2,1,1,2,0,3.88349,11326
2,1,1,2,1,3.56500,12319
2,1,1,2,2,1.70781,10833
2,1,1,2,3,2.27398,27207
2,1,1,2,4,3.43821,11007
2,1,1,3,0,2.76842,11756
2,1,1,3,1,2.68112,15655
2,1,1,3,2,1.88334,12776
2,1,1,3,3,2.28651,33200
2,1,1,3,4,2.75113,11247
2,1,1,4,0,2.74758,3356
2,1,1,4,1,2.65119,5304
2,1,1,4,2,0.33511,2917
2,1,1,4,3,1.92553,9726
2,1,1,4,4,0.39149,4158
2,1,2,0,0,2.47143,34
2,1,2,0,1,1.77067,57
2,1,2,0,2,2.15823,47
2,1,2,0,3,2.40707,86
2,1,2,0,4,2.55439,68
2,1,2,1,0,2.48493,1878
2,1,2,1,1,0.58261,2036
2,1,2,1,2,0.80208,1555
2,1,2,1,3,0.35122,4157
2,1,2,1,4,0.73987,1692
2,1,2,2,0,0.24853,6509
2,1,2,2,1,3.49930,7271
2,1,2,2,2,2.88221,6405
2,1,2,2,3,0.43108,16439
2,1,2,2,4,2.45413,6967
2,1,2,3,0,1.69823,7669
2,1,2,3,1,2.28793,8248
2,1,2,3,2,1.63265,7470
2,1,2,3,3,3.94725,18452
2,1,2,3,4,2.30629,7704
2,1,2,4,0,1.35782,2582
2,1,2,4,1,1.55029,3055
2,1,2,4,2,0.95461,2347
2,1,2,4,3,2.68245,6006
2,1,2,4,4,1.46292,2310
2,1,3,0,0,1.20846,38
2,1,3,0,1,1.08144,87
2,1,3,0,2,1.99164,20
2,1,3,0,3,0.98346,108
2,1,3,0,4,0.53166,39
2,1,3,1,0,1.82958,1786
2,1,3,1,1,2.86781,2309
2,1,3,1,2,2.65613,1706
2,1,3,1,3,3.08604,4201
2,1,3,1,4,3.26726,1997
2,1,3,2,0,1.88495,6838
2,1,3,2,1,1.01615,7542
2,1,3,2,2,1.76203,6409
2,1,3,2,3,1.71809,15743
2,1,3,2,4,1.68186,6520
2,1,3,3,0,0.14699,7809
2,1,3,3,1,0.14703,8641
2,1,3,3,2,0.18351,7743
2,1,3,3,3,1.94395,18494
2,1,3,3,4,0.52153,7798
2,1,3,4,0,0.87364,2787
2,1,3,4,1,0.29757,3281
2,1,3,4,2,0.73024,2714
2,1,3,4,3,0.51540,6653
2,1,3,4,4,0.17304,2750
2,1,4,0,0,-0.14705,34
2,1,4,0,1,0.03209,120
2,1,4,0,2,-0.00528,70
2,1,4,0,3,-0.00466,202
2,1,4,0,4,0.30699,60
2,1,4,1,0,0.14143,2928
2,1,4,1,1,0.01529,3579
2,1,4,1,2,-0.08364,3093
2,1,4,1,3,0.09207,7592
2,1,4,1,4,1.03612,3078
2,1,4,2,0,0.65079,10970
2,1,4,2,1,0.65583,11948
2,1,4,2,2,0.85575,10645
2,1,4,2,3,1.06454,24115
2,1,4,2,4,0.58908,10780
2,1,4,3,0,0.64257,13442
2,1,4,3,1,0.25332,14322
2,1,4,3,2,0.25458,12391
2,1,4,3,3,0.28383,30160
2,1,4,3,4,0.57406,13010
2,1,4,4,0,3.69505,4433
2,1,4,4,1,2.81005,5449
2,1,4,4,2,0.80284,4497
2,1,4,4,3,2.89981,10562
2,1,4,4,4,3.10105,4490
2,2,0,0,0,1.48508,8
2,2,0,0,1,1.74184,70
2,2,0,0,2,2.14899,2
2,2,0,0,3,4.00712,15
2,2,0,0,4,2.27099,5
2,2,0,1,0,3.07085,147
2,2,0,1,1,2.10969,82
2,2,0,1,2,4.02391,34
2,2,0,1,3,1.48106,411
2,2,0,1,4,3.19376,155
2,2,0,2,0,1.16057,733
2,2,0,2,1,4.01302,617
2,2,0,2,2,3.14704,529
2,2,0,2,3,5.22971,1429
2,2,0,2,4,3.92666,553
2,2,0,3,0,3.27289,354
2,2,0,3,1,3.94690,628
2,2,0,3,2,2.83252,530
2,2,0,3,3,3.99678,1228
2,2,0,3,4,3.20577,400
2,2,0,4,0,2.83346,172
2,2,0,4,1,3.52580,216
2,2,0,4,2,3.93596,383
2,2,0,4,3,4.35348,315
2,2,0,4,4,2.07010,140
2,2,1,0,0,0.86980,129
2,2,1,0,1,1.59147,67
2,2,1,0,2,1.84137,50
2,2,1,0,3,1.29385,178
2,2,1,0,4,1.46838,13
2,2,1,1,0,0.35530,1423
2,2,1,1,1,1.61112,2558
2,2,1,1,2,0.49393,1576
2,2,1,1,3,0.85386,4494
2,2,1,1,4,2.22539,1748
2,2,1,2,0,1.69222,5594
2,2,1,2,1,2.16803,6947
2,2,1,2,2,3.08668,6492
2,2,1,2,3,1.48162,13043
2,2,1,2,4,1.82570,5420
2,2,1,3,0,2.57149,6140
2,2,1,3,1,2.84783,7356
2,2,1,3,2,3.57012,6284
2,2,1,3,3,3.13512,15900
2,2,1,3,4,4.12719,6507
2,2,1,4,0,2.16098,1778
2,2,1,4,1,1.83756,3440
2,2,1,4,2,1.60425,2326
2,2,1,4,3,2.11368,5672
2,2,1,4,4,2.04311,1943
2,2,2,0,0,2.19073,86
2,2,2,0,1,1.88941,127
2,2,2,0,2,1.32177,66
2,2,2,0,3,2.13039,153
2,2,2,0,4,0.35228,58
2,2,2,1,0,0.64805,1543
2,2,2,1,1,0.40615,2192
2,2,2,1,2,0.84573,1853
2,2,2,1,3,1.39929,3791
2,2,2,1,4,0.39353,1689
2,2,2,2,0,0.47249,4760
2,2,2,2,1,0.31110,5463
2,2,2,2,2,0.12693,4470
2,2,2,2,3,0.31091,11403
2,2,2,2,4,1.39977,4564
2,2,2,3,0,3.25630,5579
2,2,2,3,1,3.96785,5903
2,2,2,3,2,1.44818,4837
2,2,2,3,3,2.80455,12759
2,2,2,3,4,3.85002,5312
2,2,2,4,0,3.78698,1898
2,2,2,4,1,0.95850,2337
2,2,2,4,2,1.47579,1765
2,2,2,4,3,2.20304,5059
2,2,2,4,4,1.64681,1862
2,2,3,0,0,0.68150,60
2,2,3,0,1,1.16939,95
2,2,3,0,2,1.58642,134
2,2,3,0,3,1.45722,141
2,2,3,0,4,1.57650,60
2,2,3,1,0,1.29186,1639
2,2,3,1,1,1.75074,1706
2,2,3,1,2,1.64101,1590
2,2,3,1,3,1.24954,4211
2,2,3,1,4,1.92182,1555
2,2,3,2,0,1.23446,5237
2,2,3,2,1,3.53976,5623
2,2,3,2,2,1.17119,4909
2,2,3,2,3,3.26295,11065
2,2,3,2,4,3.58438,4839
2,2,3,3,0,1.68551,5801
2,2,3,3,1,0.11524,6335
2,2,3,3,2,3.80464,5575
2,2,3,3,3,2.83508,12307
2,2,3,3,4,0.54777,5296
2,2,3,4,0,1.38956,2156
2,2,3,4,1,0.43892,2773
2,2,3,4,2,0.54298,2337
2,2,3,4,3,0.89418,5253
2,2,3,4,4,0.54771,2131
2,2,4,0,0,0.31683,144
2,2,4,0,1,0.96211,260
2,2,4,0,2,0.57759,136
2,2,4,0,3,0.65895,475
2,2,4,0,4,0.11642,167
2,2,4,1,0,0.24036,3794
2,2,4,1,1,2.14736,3898
2,2,4,1,2,1.12210,3590
2,2,4,1,3,1.93073,8141
2,2,4,1,4,2.12095,3551
2,2,4,2,0,1.21162,8891
2,2,4,2,1,1.01255,10699
2,2,4,2,2,1.35076,8886
2,2,4,2,3,0.86872,19313
2,2,4,2,4,1.00615,9057
2,2,4,3,0,1.40617,9558
2,2,4,3,1,-0.11845,10396
2,2,4,3,2,-0.03256,9280
2,2,4,3,3,-0.11320,21752
2,2,4,3,4,-0.00263,9633
2,2,4,4,0,0.21145,3645
2,2,4,4,1,1.18514,5140
2,2,4,4,2,1.34728,4207
2,2,4,4,3,0.52751,9067
2,2,4,4,4,1.90843,3716
2,3,0,0,0,3.83074,9
2,3,0,0,1,2.11818,8
2,3,0,0,2,1.58621,3
2,3,0,0,3,2.49374,12
2,3,0,0,4,0.38943,0
2,3,0,1,0,3.93259,17
2,3,0,1,1,3.99355,40
2,3,0,1,2,3.98465,64
2,3,0,1,3,3.99991,207
2,3,0,1,4,2.67705,55
2,3,0,2,0,4.00000,184
2,3,0,2,1,3.99992,79
2,3,0,2,2,3.94946,15
2,3,0,2,3,3.49368,184
2,3,0,2,4,5.09160,34
2,3,0,3,0,3.83670,98
2,3,0,3,1,3.13259,33
2,3,0,3,2,3.92597,10
2,3,0,3,3,4.00001,195
2,3,0,3,4,4.48904,24
2,3,0,4,0,4.78534,96
2,3,0,4,1,4.59224,22
2,3,0,4,2,3.96768,122
2,3,0,4,3,3.88741,39
2,3,0,4,4,3.94528,21
2,3,1,0,0,3.37565,37
2,3,1,0,1,3.06306,207
2,3,1,0,2,2.68183,26
2,3,1,0,3,3.86030,117
2,3,1,0,4,2.87390,98
2,3,1,1,0,3.88417,753
2,3,1,1,1,3.93649,870
2,3,1,1,2,2.71645,429
2,3,1,1,3,3.91152,1333
2,3,1,1,4,3.97591,544
2,3,1,2,0,3.88374,507
2,3,1,2,1,2.75498,417
2,3,1,2,2,2.80779,464
2,3,1,2,3,0.45287,1247
2,3,1,2,4,0.91301,671
2,3,1,3,0,1.41173,793
2,3,1,3,1,3.06307,778
2,3,1,3,2,1.58659,889
2,3,1,3,3,4.64955,1455
2,3,1,3,4,3.25591,398
2,3,1,4,0,2.64083,412
2,3,1,4,1,3.37475,597
2,3,1,4,2,1.19231,686
2,3,1,4,3,2.64493,1440
2,3,1,4,4,2.56721,626
2,3,2,0,0,3.24736,31
2,3,2,0,1,2.42410,32
2,3,2,0,2,3.68213,72
2,3,2,0,3,3.12578,37
2,3,2,0,4,3.11594,18
2,3,2,1,0,3.94471,529
2,3,2,1,1,3.95334,672
2,3,2,1,2,3.93860,620
2,3,2,1,3,3.99648,1344
2,3,2,1,4,3.78891,526
2,3,2,2,0,3.88727,507
2,3,2,2,1,2.64322,617
2,3,2,2,2,3.43782,427
2,3,2,2,3,2.96488,1000
2,3,2,2,4,3.12319,544
2,3,2,3,0,3.95718,437
2,3,2,3,1,1.84936,740
2,3,2,3,2,3.93712,447
2,3,2,3,3,2.90905,1231
2,3,2,3,4,2.58350,427
2,3,2,4,0,3.76856,538
2,3,2,4,1,3.98954,726
2,3,2,4,2,3.97297,537
2,3,2,4,3,3.98256,1384
2,3,2,4,4,3.71692,537
2,3,3,0,0,0.46948,17
2,3,3,0,1,0.21372,39
2,3,3,0,2,0.95091,10
2,3,3,0,3,1.31096,75
2,3,3,0,4,1.57961,6
2,3,3,1,0,1.57250,446
2,3,3,1,1,2.00439,701
2,3,3,1,2,0.29993,547
2,3,3,1,3,1.61445,1565
2,3,3,1,4,1.30747,596
2,3,3,2,0,2.70203,554
2,3,3,2,1,3.65707,630
2,3,3,2,2,1.30952,524
2,3,3,2,3,3.15596,1285
2,3,3,2,4,2.63465,369
2,3,3,3,0,1.77965,562
2,3,3,3,1,1.81445,675
2,3,3,3,2,1.95293,476
2,3,3,3,3,1.58718,1249
2,3,3,3,4,1.89660,542
2,3,3,4,0,1.20189,587
2,3,3,4,1,1.19407,757
2,3,3,4,2,1.98557,572
2,3,3,4,3,3.95189,1316
2,3,3,4,4,1.66035,735
2,3,4,0,0,0.07563,116
2,3,4,0,1,0.91913,134
2,3,4,0,2,3.39368,124
2,3,4,0,3,1.01828,282
2,3,4,0,4,0.37755,83
2,3,4,1,0,3.06585,1517
2,3,4,1,1,2.02331,1787
2,3,4,1,2,1.34184,1496
2,3,4,1,3,2.04476,3339
2,3,4,1,4,1.03178,1409
2,3,4,2,0,-0.14198,942
2,3,4,2,1,1.53790,1219
2,3,4,2,2,-0.34770,940
2,3,4,2,3,-0.27865,2392
2,3,4,2,4,-0.25863,1092
2,3,4,3,0,3.59345,1002
2,3,4,3,1,0.20749,1053
2,3,4,3,2,3.39303,854
2,3,4,3,3,3.21610,2024
2,3,4,3,4,2.17004,751
2,3,4,4,0,0.24062,1004
2,3,4,4,1,0.09806,1168
2,3,4,4,2,0.23004,773
2,3,4,4,3,0.54947,2293
2,3,4,4,4,0.04411,882
2,4,0,0,0,0.03699,0
2,4,0,0,1,0.57969,0
2,4,0,0,2,0.55555,0
2,4,0,0,3,0.25171,0
2,4,0,0,4,0.39347,0
2,4,0,1,0,0.07735,0
2,4,0,1,1,0.04047,0
2,4,0,1,2,0.15644,0
2,4,0,1,3,0.95145,0
2,4,0,1,4,0.75852,0
2,4,0,2,0,0.50906,0
2,4,0,2,1,0.26639,0
2,4,0,2,2,0.94614,0
2,4,0,2,3,3.08421,9
2,4,0,2,4,1.66253,5
2,4,0,3,0,0.74056,0
2,4,0,3,1,0.02185,0
2,4,0,3,2,0.16018,0
2,4,0,3,3,0.24531,0
2,4,0,3,4,0.47875,0
2,4,0,4,0,0.63816,0
2,4,0,4,1,0.97130,0
2,4,0,4,2,0.46067,0
2,4,0,4,3,0.30417,0
2,4,0,4,4,0.71880,0
2,4,1,0,0,0.07148,0
2,4,1,0,1,0.15220,0
2,4,1,0,2,2.10269,8
2,4,1,0,3,1.95301,4
2,4,1,0,4,0.02412,0
2,4,1,1,0,0.16710,0
2,4,1,1,1,3.22754,6
2,4,1,1,2,3.91733,100
2,4,1,1,3,3.41116,105
2,4,1,1,4,3.88304,11
2,4,1,2,0,3.98820,75
2,4,1,2,1,3.65362,6
2,4,1,2,2,0.75209,0
2,4,1,2,3,2.99024,3
2,4,1,2,4,0.71650,0
2,4,1,3,0,0.48330,0
2,4,1,3,1,3.80229,5
2,4,1,3,2,0.09657,0
2,4,1,3,3,0.58613,0
2,4,1,3,4,3.84083,7
2,4,1,4,0,2.64029,96
2,4,1,4,1,3.91804,18
2,4,1,4,2,1.24428,4
2,4,1,4,3,3.56315,10
2,4,1,4,4,0.24618,0
2,4,2,0,0,2.81510,5
2,4,2,0,1,2.20775,11
2,4,2,0,2,2.72497,10
2,4,2,0,3,2.32913,18
2,4,2,0,4,0.60013,0
2,4,2,1,0,2.88912,4
2,4,2,1,1,3.86143,7
2,4,2,1,2,0.19071,0
2,4,2,1,3,0.30421,0
2,4,2,1,4,1.61581,33
2,4,2,2,0,0.10315,0
2,4,2,2,1,3.45125,11
2,4,2,2,2,3.91431,13
2,4,2,2,3,1.99449,3
2,4,2,2,4,0.90179,0
2,4,2,3,0,3.06282,31
2,4,2,3,1,2.32644,8
2,4,2,3,2,0.31215,18
2,4,2,3,3,2.27268,63
2,4,2,3,4,3.46761,10
2,4,2,4,0,0.58472,0
2,4,2,4,1,0.49339,0
2,4,2,4,2,1.07492,28
2,4,2,4,3,1.74851,54
2,4,2,4,4,1.47589,9
2,4,3,0,0,0.22678,0
2,4,3,0,1,1.85363,21
2,4,3,0,2,1.44761,9
2,4,3,0,3,0.43208,0
2,4,3,0,4,0.19089,0
2,4,3,1,0,0.43785,3
2,4,3,1,1,2.65777,6
2,4,3,1,2,0.75758,0
2,4,3,1,3,2.51562,23
2,4,3,1,4,0.83060,0
2,4,3,2,0,0.35640,0
2,4,3,2,1,3.89509,5
2,4,3,2,2,0.19882,0
2,4,3,2,3,0.60153,0
2,4,3,2,4,0.10474,0
2,4,3,3,0,0.48773,0
2,4,3,3,1,2.42557,15
2,4,3,3,2,0.31773,0
2,4,3,3,3,0.50552,41
2,4,3,3,4,0.01694,0
2,4,3,4,0,2.18699,10
2,4,3,4,1,1.71060,4
2,4,3,4,2,1.00668,22
2,4,3,4,3,1.06390,47
2,4,3,4,4,2.75675,4
2,4,4,0,0,0.98638,11
2,4,4,0,1,0.45603,7
2,4,4,0,2,0.42109,3
2,4,4,0,3,0.43368,13
2,4,4,0,4,0.78698,5
2,4,4,1,0,0.24713,27
2,4,4,1,1,0.86194,9
2,4,4,1,2,0.14528,19
2,4,4,1,3,1.03636,42
2,4,4,1,4,0.45814,38
2,4,4,2,0,0.49278,0
2,4,4,2,1,2.72285,19
2,4,4,2,2,1.52788,4
2,4,4,2,3,2.15707,8
2,4,4,2,4,0.64974,1
2,4,4,3,0,0.31508,16
2,4,4,3,1,0.34665,23
2,4,4,3,2,0.34042,22
2,4,4,3,3,0.47979,39
2,4,4,3,4,0.70738,2
2,4,4,4,0,0.05731,0
2,4,4,4,1,2.09591,23
2,4,4,4,2,0.78638,24
2,4,4,4,3,1.58776,63
2,4,4,4,4,1.30721,22
3,0,0,0,0,0.73407,0
3,0,0,0,1,0.91552,0
3,0,0,0,2,0.18339,0
3,0,0,0,3,0.82847,0
3,0,0,0,4,0.31481,0
3,0,0,1,0,1.41628,5
3,0,0,1,1,0.43541,0
3,0,0,1,2,0.16126,0
3,0,0,1,3,0.70798,0
3,0,0,1,4,0.43406,0
3,0,0,2,0,0.80278,0
3,0,0,2,1,0.49834,0
3,0,0,2,2,1.40277,1
3,0,0,2,3,4.76610,101
3,0,0,2,4,1.17885,6
3,0,0,3,0,7.99915,68
3,0,0,3,1,0.05084,0
3,0,0,3,2,3.08707,72
3,0,0,3,3,0.07703,0
3,0,0,3,4,0.48181,0
3,0,0,4,0,0.38990,0
3,0,0,4,1,0.53343,0
3,0,0,4,2,0.91449,0
3,0,0,4,3,0.85246,0
3,0,0,4,4,0.08829,0
3,0,1,0,0,0.34744,0
3,0,1,0,1,0.93548,1
3,0,1,0,2,1.53578,9
3,0,1,0,3,2.62129,10
3,0,1,0,4,0.44772,3
3,0,1,1,0,2.08400,119
3,0,1,1,1,7.99984,1687
3,0,1,1,2,2.90077,242
3,0,1,1,3,4.53536,1314
3,0,1,1,4,4.15572,298
3,0,1,2,0,2.77364,1346
3,0,1,2,1,7.99988,5477
3,0,1,2,2,3.07117,1671
3,0,1,2,3,2.65453,4329
3,0,1,2,4,2.90625,1849
3,0,1,3,0,2.39223,1081
3,0,1,3,1,4.18490,6743
3,0,1,3,2,3.35514,1615
3,0,1,3,3,4.24654,6182
3,0,1,3,4,2.02264,1199
3,0,1,4,0,2.09853,329
3,0,1,4,1,2.61523,1619
3,0,1,4,2,2.57695,570
3,0,1,4,3,3.30523,2228
3,0,1,4,4,3.42245,723
3,0,2,0,0,0.70832,0
3,0,2,0,1,0.24400,0
3,0,2,0,2,0.06569,0
3,0,2,0,3,1.34648,1
3,0,2,0,4,0.82240,0
3,0,2,1,0,3.83493,174
3,0,2,1,1,4.89807,483
3,0,2,1,2,1.96630,195
3,0,2,1,3,3.43269,361
3,0,2,1,4,3.81884,157
3,0,2,2,0,2.66847,691
3,0,2,2,1,1.86632,1019
3,0,2,2,2,1.25181,717
3,0,2,2,3,1.42236,1567
3,0,2,2,4,1.27081,530
3,0,2,3,0,2.03954,789
3,0,2,3,1,2.21875,1277
3,0,2,3,2,1.97780,777
3,0,2,3,3,3.72290,2079
3,0,2,3,4,2.52132,674
3,0,2,4,0,1.82840,266
3,0,2,4,1,2.87945,941
3,0,2,4,2,3.09103,320
3,0,2,4,3,2.46283,577
3,0,2,4,4,2.77509,156
3,0,3,0,0,0.59286,0
3,0,3,0,1,0.48284,0
3,0,3,0,2,0.51121,0
3,0,3,0,3,0.81857,0
3,0,3,0,4,0.55306,0
3,0,3,1,0,2.26766,234
3,0,3,1,1,2.37333,283
3,0,3,1,2,2.68963,241
3,0,3,1,3,2.74925,552
3,0,3,1,4,2.48970,192
3,0,3,2,0,0.98166,758
3,0,3,2,1,1.72063,892
3,0,3,2,2,1.17204,828
3,0,3,2,3,1.25584,1860
3,0,3,2,4,1.30580,663
3,0,3,3,0,2.15507,694
3,0,3,3,1,3.46048,963
3,0,3,3,2,3.18411,894
3,0,3,3,3,2.51168,2030
3,0,3,3,4,3.54476,817
3,0,3,4,0,1.03831,316
3,0,3,4,1,0.75998,377
3,0,3,4,2,0.96245,342
3,0,3,4,3,3.32606,829
3,0,3,4,4,0.88894,256
3,0,4,0,0,0.12139,0
3,0,4,0,1,0.49278,2
3,0,4,0,2,0.90808,0
3,0,4,0,3,0.14443,0
3,0,4,0,4,0.74235,0
3,0,4,1,0,1.72791,411
3,0,4,1,1,2.14766,438
3,0,4,1,2,1.77224,448
3,0,4,1,3,1.91340,1135
3,0,4,1,4,1.09722,319
3,0,4,2,0,2.19382,1258
3,0,4,2,1,1.08492,1522
3,0,4,2,2,2.47262,1538
3,0,4,2,3,2.75195,2958
3,0,4,2,4,2.29183,1204
3,0,4,3,0,1.61110,1501
3,0,4,3,1,1.53063,1668
3,0,4,3,2,1.43937,1486
3,0,4,3,3,1.19562,3725
3,0,4,3,4,1.42410,1452
3,0,4,4,0,2.76327,445
3,0,4,4,1,2.00431,602
3,0,4,4,2,1.66117,554
3,0,4,4,3,3.32069,1504
3,0,4,4,4,2.49047,371
3,1,0,0,0,0.43138,0
3,1,0,0,1,0.09316,0
3,1,0,0,2,0.61600,0
3,1,0,0,3,0.73001,0
3,1,0,0,4,0.75459,0
3,1,0,1,0,4.00019,271
3,1,0,1,1,1.44338,18
3,1,0,1,2,2.87527,14
3,1,0,1,3,3.85850,54
3,1,0,1,4,3.98302,135
3,1,0,2,0,4.79592,589
3,1,0,2,1,3.29521,480
3,1,0,2,2,3.99864,655
3,1,0,2,3,4.43125,1165
3,1,0,2,4,4.65394,656
3,1,0,3,0,2.82122,649
3,1,0,3,1,4.49941,338
3,1,0,3,2,4.37958,686
3,1,0,3,3,3.94541,924
3,1,0,3,4,4.50611,310
3,1,0,4,0,2.76270,155
3,1,0,4,1,3.86555,36
3,1,0,4,2,2.89602,80
3,1,0,4,3,4.00003,253
3,1,0,4,4,3.96493,70
3,1,1,0,0,0.05969,0
3,1,1,0,1,4.00000,84
3,1,1,0,2,2.72688,27
3,1,1,0,3,3.95973,82
3,1,1,0,4,3.99998,108
3,1,1,1,0,0.85819,2303
3,1,1,1,1,3.96681,2326
3,1,1,1,2,1.11963,1982
3,1,1,1,3,2.06267,5257
3,1,1,1,4,0.80575,2306
3,1,1,2,0,3.05864,9582
3,1,1,2,1,1.53392,11266
3,1,1,2,2,1.86542,9674
3,1,1,2,3,2.42784,21877
3,1,1,2,4,2.11011,8968
3,1,1,3,0,0.86695,10272
3,1,1,3,1,3.94852,12536
3,1,1,3,2,3.16676,12124
3,1,1,3,3,3.06156,28745
3,1,1,3,4,0.63505,9303
3,1,1,4,0,3.56363,2819
3,1,1,4,1,2.68428,3133
3,1,1,4,2,1.58612,2344
3,1,1,4,3,2.22127,6870
3,1,1,4,4,2.13993,2745
3,1,2,0,0,2.50426,24
3,1,2,0,1,2.14187,43
3,1,2,0,2,1.60821,18
3,1,2,0,3,1.03761,35
3,1,2,0,4,1.34062,6
3,1,2,1,0,2.38816,1716
3,1,2,1,1,1.02270,1891
3,1,2,1,2,2.84307,1802
3,1,2,1,3,2.97183,4117
3,1,2,1,4,2.95110,1605
3,1,2,2,0,3.12635,6825
3,1,2,2,1,2.71449,7742
3,1,2,2,2,2.09482,6644
3,1,2,2,3,2.14772,16325
3,1,2,2,4,1.65648,6597
3,1,2,3,0,2.79865,8338
3,1,2,3,1,2.27395,8639
3,1,2,3,2,1.67859,7412
3,1,2,3,3,2.24395,18340
3,1,2,3,4,2.52334,7160
3,1,2,4,0,0.96047,2463
3,1,2,4,1,2.02647,3074
3,1,2,4,2,2.67103,2691
3,1,2,4,3,1.85274,5805
3,1,2,4,4,1.00076,2288
3,1,3,0,0,0.94374,16
3,1,3,0,1,2.08472,47
3,1,3,0,2,1.12468,58
3,1,3,0,3,3.73444,128
3,1,3,0,4,3.69091,64
3,1,3,1,0,2.61616,2165
3,1,3,1,1,2.50416,2547
3,1,3,1,2,1.95802,2185
3,1,3,1,3,1.78567,4769
3,1,3,1,4,1.49881,1976
3,1,3,2,0,0.20773,8205
3,1,3,2,1,1.86464,8528
3,1,3,2,2,0.23875,7318
3,1,3,2,3,0.27127,18272
3,1,3,2,4,0.45459,7959
3,1,3,3,0,2.10707,8636
3,1,3,3,1,1.87661,9876
3,1,3,3,2,1.76954,8320
3,1,3,3,3,1.07088,21499
3,1,3,3,4,1.65332,8625
3,1,3,4,0,0.85067,3066
3,1,3,4,1,3.69933,3388
3,1,3,4,2,2.34346,2972
3,1,3,4,3,1.15056,7217
3,1,3,4,4,0.80640,3112
3,1,4,0,0,0.46396,75
3,1,4,0,1,2.34145,132
3,1,4,0,2,0.26915,123
3,1,4,0,3,1.51662,266
3,1,4,0,4,0.34022,70
3,1,4,1,0,1.10641,4870
3,1,4,1,1,0.78924,5918
3,1,4,1,2,0.68602,4849
3,1,4,1,3,1.06292,11250
3,1,4,1,4,2.30566,4447
3,1,4,2,0,1.17506,17301
3,1,4,2,1,1.02483,18405
3,1,4,2,2,0.85701,16442
3,1,4,2,3,1.28924,38821
3,1,4,2,4,0.84072,16510
3,1,4,3,0,1.93986,20466
3,1,4,3,1,1.62251,21628
3,1,4,3,2,2.48914,19083
3,1,4,3,3,3.42266,45603
3,1,4,3,4,1.85894,19308
3,1,4,4,0,0.17189,7163
3,1,4,4,1,1.92394,8286
3,1,4,4,2,0.27701,7031
3,1,4,4,3,1.48132,16874
3,1,4,4,4,0.32144,6578
3,2,0,0,0,0.48910,0
3,2,0,0,1,0.69519,0
3,2,0,0,2,3.99998,88
3,2,0,0,3,0.57780,0
3,2,0,0,4,0.61284,0
3,2,0,1,0,3.99765,49
3,2,0,1,1,2.75658,312
3,2,0,1,2,3.95839,74
3,2,0,1,3,3.84862,377
3,2,0,1,4,1.76139,35
3,2,0,2,0,3.99263,419
3,2,0,2,1,3.99201,389
3,2,0,2,2,2.58015,202
3,2,0,2,3,5.24136,1076
3,2,0,2,4,2.91936,160
3,2,0,3,0,3.92073,407
3,2,0,3,1,2.98618,503
3,2,0,3,2,4.19831,550
3,2,0,3,3,4.36314,901
3,2,0,3,4,3.14074,673
3,2,0,4,0,2.25554,139
3,2,0,4,1,4.00048,96
3,2,0,4,2,2.76860,123
3,2,0,4,3,4.00036,555
3,2,0,4,4,2.07119,78
3,2,1,0,0,3.27600,38
3,2,1,0,1,1.41231,39
3,2,1,0,2,3.28341,74
3,2,1,0,3,2.19938,64
3,2,1,0,4,2.08423,91
3,2,1,1,0,1.92802,1367
3,2,1,1,1,1.53445,1869
3,2,1,1,2,2.30354,1610
3,2,1,1,3,1.97521,3454
3,2,1,1,4,1.71624,1268
3,2,1,2,0,1.55200,4575
3,2,1,2,1,1.24592,5954
3,2,1,2,2,1.93828,4817
3,2,1,2,3,2.87246,11164
3,2,1,2,4,1.82924,6033
3,2,1,3,0,0.73280,5767
3,2,1,3,1,1.18758,6983
3,2,1,3,2,0.68904,4847
3,2,1,3,3,1.23722,12084
3,2,1,3,4,3.08417,4657
3,2,1,4,0,2.86236,1988
3,2,1,4,1,1.66736,3109
3,2,1,4,2,1.45189,1893
3,2,1,4,3,2.63843,4797
3,2,1,4,4,3.84356,1713
3,2,2,0,0,0.75974,78
3,2,2,0,1,3.84760,95
3,2,2,0,2,1.25345,47
3,2,2,0,3,0.87235,156
3,2,2,0,4,0.86919,37
3,2,2,1,0,1.63741,1420
3,2,2,1,1,1.29422,1623
3,2,2,1,2,1.13017,1467
3,2,2,1,3,1.78291,3598
3,2,2,1,4,1.05223,1396
3,2,2,2,0,2.26408,4362
3,2,2,2,1,2.33374,4976
3,2,2,2,2,1.99156,4291
3,2,2,2,3,2.46513,9756
3,2,2,2,4,2.66282,4028
3,2,2,3,0,0.43521,4841
3,2,2,3,1,2.33171,5340
3,2,2,3,2,1.01371,4721
3,2,2,3,3,2.68446,10932
3,2,2,3,4,1.22033,5370
3,2,2,4,0,0.40340,2006
3,2,2,4,1,2.53876,2458
3,2,2,4,2,1.47996,1901
3,2,2,4,3,1.77130,4884
3,2,2,4,4,0.47967,1822
3,2,3,0,0,1.47119,48
3,2,3,0,1,2.53771,105
3,2,3,0,2,2.70099,85
3,2,3,0,3,1.65982,188
3,2,3,0,4,1.67381,34
3,2,3,1,0,2.19543,1827
3,2,3,1,1,1.14687,2116
3,2,3,1,2,3.67605,1881
3,2,3,1,3,0.80373,4243
3,2,3,1,4,3.07249,1778
3,2,3,2,0,0.65917,5063
3,2,3,2,1,1.63908,5790
3,2,3,2,2,1.63224,5385
3,2,3,2,3,2.27142,12119
3,2,3,2,4,1.25558,4990
3,2,3,3,0,0.86935,5603
3,2,3,3,1,0.87320,6299
3,2,3,3,2,1.25519,5882
3,2,3,3,3,1.92778,12979
3,2,3,3,4,0.82175,5145
3,2,3,4,0,1.71985,2405
3,2,3,4,1,2.13307,2923
3,2,3,4,2,0.83406,2196
3,2,3,4,3,1.44594,5301
3,2,3,4,4,3.63580,2216
3,2,4,0,0,0.67155,201
3,2,4,0,1,0.90608,409
3,2,4,0,2,0.34257,258
3,2,4,0,3,0.77371,694
3,2,4,0,4,0.81723,176
3,2,4,1,0,2.62271,5744
3,2,4,1,1,1.86031,6687
3,2,4,1,2,3.82981,5587
3,2,4,1,3,2.61948,13602
3,2,4,1,4,1.03463,5764
3,2,4,2,0,0.09476,15180
3,2,4,2,1,0.00935,17064
3,2,4,2,2,0.16131,14904
3,2,4,2,3,1.00271,32893
3,2,4,2,4,0.06948,14436
3,2,4,3,0,1.13111,15403
3,2,4,3,1,1.13302,17310
3,2,4,3,2,-0.13439,14623
3,2,4,3,3,1.14176,33850
3,2,4,3,4,0.49408,14747
3,2,4,4,0,0.24311,6471
3,2,4,4,1,0.32034,7967
3,2,4,4,2,0.36945,7230
3,2,4,4,3,0.50999,15318
3,2,4,4,4,0.47641,6156
3,3,0,0,0,0.30246,4
3,3,0,0,1,0.22452,2
3,3,0,0,2,0.38631,0
3,3,0,0,3,2.10330,6
3,3,0,0,4,0.20427,0
3,3,0,1,0,3.99642,62
3,3,0,1,1,3.80906,39
3,3,0,1,2,2.54149,94
3,3,0,1,3,3.95915,175
3,3,0,1,4,3.41584,12
3,3,0,2,0,2.77229,18
3,3,0,2,1,3.99991,45
3,3,0,2,2,0.60394,0
3,3,0,2,3,3.99449,115
3,3,0,2,4,3.86374,170
3,3,0,3,0,3.10874,23
3,3,0,3,1,4.00175,99
3,3,0,3,2,2.75497,84
3,3,0,3,3,4.00132,156
3,3,0,3,4,3.11534,65
3,3,0,4,0,0.21515,0
3,3,0,4,1,1.53177,1
3,3,0,4,2,4.00155,120
3,3,0,4,3,4.00142,108
3,3,0,4,4,3.99525,9
3,3,1,0,0,1.85195,12
3,3,1,0,1,2.63197,95
3,3,1,0,2,3.22965,185
3,3,1,0,3,2.55905,238
3,3,1,0,4,2.76893,22
3,3,1,1,0,3.69000,347
3,3,1,1,1,3.87067,817
3,3,1,1,2,3.98862,298
3,3,1,1,3,2.45612,1229
3,3,1,1,4,3.99805,350
3,3,1,2,0,3.98340,310
3,3,1,2,1,3.98973,673
3,3,1,2,2,1.80171,351
3,3,1,2,3,1.79585,1230
3,3,1,2,4,3.83965,287
3,3,1,3,0,3.44131,336
3,3,1,3,1,1.95774,469
3,3,1,3,2,3.78487,402
3,3,1,3,3,2.57991,1326
3,3,1,3,4,1.86605,389
3,3,1,4,0,2.75715,403
3,3,1,4,1,2.78036,539
3,3,1,4,2,3.82988,458
3,3,1,4,3,2.56233,733
3,3,1,4,4,3.98771,701
3,3,2,0,0,2.60516,49
3,3,2,0,1,3.65571,37
3,3,2,0,2,2.85808,41
3,3,2,0,3,3.76053,52
3,3,2,0,4,3.58195,35
3,3,2,1,0,1.86439,417
3,3,2,1,1,2.49366,434
3,3,2,1,2,2.31107,479
3,3,2,1,3,2.32853,959
3,3,2,1,4,3.25166,412
3,3,2,2,0,3.36630,415
3,3,2,2,1,1.50162,449
3,3,2,2,2,3.25005,316
3,3,2,2,3,3.89512,876
3,3,2,2,4,3.37651,317
3,3,2,3,0,2.65738,362
3,3,2,3,1,3.36717,589
3,3,2,3,2,3.72822,325
3,3,2,3,3,0.78118,896
3,3,2,3,4,3.75351,444
3,3,2,4,0,1.79764,597
3,3,2,4,1,2.71092,528
3,3,2,4,2,1.29562,491
3,3,2,4,3,1.14180,1118
3,3,2,4,4,1.65774,392
3,3,3,0,0,2.11409,17
3,3,3,0,1,2.09280,43
3,3,3,0,2,1.91363,18
3,3,3,0,3,2.21576,108
3,3,3,0,4,1.91273,11
3,3,3,1,0,1.86666,444
3,3,3,1,1,1.96475,623
3,3,3,1,2,1.57286,499
3,3,3,1,3,1.82108,1366
3,3,3,1,4,1.71796,485
3,3,3,2,0,2.69077,543
3,3,3,2,1,3.88840,609
3,3,3,2,2,1.75084,500
3,3,3,2,3,3.99839,1472
3,3,3,2,4,2.12097,435
3,3,3,3,0,2.37381,641
3,3,3,3,1,2.58893,585
3,3,3,3,2,1.68056,616
3,3,3,3,3,3.83450,1455
3,3,3,3,4,1.18948,614
3,3,3,4,0,1.09134,472
3,3,3,4,1,1.95163,684
3,3,3,4,2,0.87836,455
3,3,3,4,3,1.65278,1400
3,3,3,4,4,0.77298,432
3,3,4,0,0,0.55531,142
3,3,4,0,1,2.83059,290
3,3,4,0,2,0.55607,162
3,3,4,0,3,0.63783,315
3,3,4,0,4,0.76408,160
3,3,4,1,0,0.10644,2028
3,3,4,1,1,-0.04797,2592
3,3,4,1,2,0.01870,2613
3,3,4,1,3,0.22070,5234
3,3,4,1,4,-0.20378,2052
3,3,4,2,0,-0.41899,1665
3,3,4,2,1,-0.20116,1699
3,3,4,2,2,-0.15368,1491
3,3,4,2,3,-0.15223,3671
3,3,4,2,4,0.05668,1619
3,3,4,3,0,0.20341,1435
3,3,4,3,1,3.49283,1664
3,3,4,3,2,2.74213,1436
3,3,4,3,3,2.37725,3613
3,3,4,3,4,1.47101,1338
3,3,4,4,0,0.67511,1653
3,3,4,4,1,0.78587,2187
3,3,4,4,2,1.66051,1727
3,3,4,4,3,1.03770,4051
3,3,4,4,4,0.23616,1606
3,4,0,0,0,0.41431,0
3,4,0,0,1,0.18180,0
3,4,0,0,2,0.63859,0
3,4,0,0,3,0.28404,0
3,4,0,0,4,0.55628,0
3,4,0,1,0,0.40312,3
3,4,0,1,1,0.64544,0
3,4,0,1,2,0.75079,0
3,4,0,1,3,2.56975,92
3,4,0,1,4,0.35912,0
3,4,0,2,0,0.07150,0
3,4,0,2,1,1.83713,3
3,4,0,2,2,0.60013,0
3,4,0,2,3,3.77376,4
3,4,0,2,4,0.40278,0
3,4,0,3,0,0.84289,0
3,4,0,3,1,3.78991,13
3,4,0,3,2,1.52158,2
3,4,0,3,3,3.95161,17
3,4,0,3,4,0.02987,0
3,4,0,4,0,0.46386,0
3,4,0,4,1,3.63381,9
3,4,0,4,2,0.56111,0
3,4,0,4,3,0.23204,0
3,4,0,4,4,0.61031,0
3,4,1,0,0,0.56744,0
3,4,1,0,1,0.34763,0
3,4,1,0,2,0.56822,0
3,4,1,0,3,0.39940,0
3,4,1,0,4,0.54775,0
3,4,1,1,0,1.89784,8
3,4,1,1,1,3.99837,30
3,4,1,1,2,2.21195,2
3,4,1,1,3,3.16444,184
3,4,1,1,4,3.59776,17
3,4,1,2,0,3.96168,19
3,4,1,2,1,3.50414,3
3,4,1,2,2,3.42679,3
3,4,1,2,3,3.70841,4
3,4,1,2,4,3.92889,16
3,4,1,3,0,-0.20276,7
3,4,1,3,1,-0.03288,13
3,4,1,3,2,0.91977,7
3,4,1,3,3,-0.18815,4
3,4,1,3,4,-0.20422,12
3,4,1,4,0,3.79257,6
3,4,1,4,1,4.00001,85
3,4,1,4,2,3.91565,7
3,4,1,4,3,3.99964,13
3,4,1,4,4,3.97670,25
3,4,2,0,0,0.35078,0
3,4,2,0,1,0.12450,0
3,4,2,0,2,3.44626,3
3,4,2,0,3,0.03957,0
3,4,2,0,4,3.85082,8
3,4,2,1,0,2.68316,19
3,4,2,1,1,0.62575,0
3,4,2,1,2,0.76119,13
3,4,2,1,3,1.15201,41
3,4,2,1,4,0.70004,0
3,4,2,2,0,1.79457,19
3,4,2,2,1,2.94822,9
3,4,2,2,2,3.01213,3
3,4,2,2,3,2.78379,2
3,4,2,2,4,0.13010,0
3,4,2,3,0,-0.07281,15
3,4,2,3,1,2.62442,16
3,4,2,3,2,-0.20997,4
3,4,2,3,3,3.05743,35
3,4,2,3,4,-0.01050,2
3,4,2,4,0,0.49641,0
3,4,2,4,1,2.96835,4
3,4,2,4,2,1.41842,9
3,4,2,4,3,2.97506,22
3,4,2,4,4,0.32980,0
3,4,3,0,0,0.33537,4
3,4,3,0,1,1.57331,3
3,4,3,0,2,0.25351,0
3,4,3,0,3,2.40175,10
3,4,3,0,4,0.38826,0
3,4,3,1,0,1.79681,8
3,4,3,1,1,3.47957,23
3,4,3,1,2,0.68721,0
3,4,3,1,3,3.83626,14
3,4,3,1,4,0.58380,0
3,4,3,2,0,3.43440,14
3,4,3,2,1,0.16687,0
3,4,3,2,2,0.13351,0
3,4,3,2,3,3.60688,59
3,4,3,2,4,2.69300,19
3,4,3,3,0,2.56677,10
3,4,3,3,1,0.17566,0
3,4,3,3,2,0.33868,2
3,4,3,3,3,0.31466,5
3,4,3,3,4,0.31842,3
3,4,3,4,0,0.24439,0
3,4,3,4,1,3.69690,6
3,4,3,4,2,0.54899,0
3,4,3,4,3,1.76785,61
3,4,3,4,4,3.98162,19
3,4,4,0,0,1.24521,16
3,4,4,0,1,1.57805,14
3,4,4,0,2,0.95781,17
3,4,4,0,3,0.58464,20
3,4,4,0,4,1.81944,31
3,4,4,1,0,0.52365,52
3,4,4,1,1,1.52707,35
3,4,4,1,2,3.50166,45
3,4,4,1,3,0.25913,98
3,4,4,1,4,0.67882,55
3,4,4,2,0,0.73799,0
3,4,4,2,1,2.85094,36
3,4,4,2,2,1.95430,22
3,4,4,2,3,1.48170,29
3,4,4,2,4,0.34699,14
3,4,4,3,0,1.73469,22
3,4,4,3,1,2.11846,23
3,4,4,3,2,1.56031,47
3,4,4,3,3,1.60324,33
3,4,4,3,4,0.85808,5
3,4,4,4,0,1.02024,46
3,4,4,4,1,1.32591,76
3,4,4,4,2,0.81442,38
3,4,4,4,3,0.37937,109
3,4,4,4,4,0.93212,61
4,0,0,0,0,0.52484,0
4,0,0,0,1,0.75621,0
4,0,0,0,2,0.87745,0
4,0,0,0,3,0.40820,0
4,0,0,0,4,0.29928,0
4,0,0,1,0,0.15115,0
4,0,0,1,1,0.89943,0
4,0,0,1,2,0.60259,0
4,0,0,1,3,0.62994,0
4,0,0,1,4,0.53029,0
4,0,0,2,0,7.99993,86
4,0,0,2,1,0.42734,0
4,0,0,2,2,0.51073,0
4,0,0,2,3,2.53341,1
4,0,0,2,4,0.94638,0
4,0,0,3,0,4.10591,183
4,0,0,3,1,3.98023,1
4,0,0,3,2,0.78668,0
4,0,0,3,3,4.00009,164
4,0,0,3,4,0.94758,0
4,0,0,4,0,0.93316,0
4,0,0,4,1,0.90882,0
4,0,0,4,2,0.39199,0
4,0,0,4,3,3.55256,4
4,0,0,4,4,0.96019,0
4,0,1,0,0,0.38508,1
4,0,1,0,1,0.25361,0
4,0,1,0,2,0.38967,0
4,0,1,0,3,0.19280,0
4,0,1,0,4,0.11117,0
4,0,1,1,0,4.29325,375
4,0,1,1,1,7.99973,1869
4,0,1,1,2,3.96642,595
4,0,1,1,3,3.88098,1828
4,0,1,1,4,3.06185,483
4,0,1,2,0,3.37444,1845
4,0,1,2,1,4.75092,7957
4,0,1,2,2,3.30896,2257
4,0,1,2,3,4.58271,7014
4,0,1,2,4,4.02390,1762
4,0,1,3,0,4.80267,2501
4,0,1,3,1,5.26334,9111
4,0,1,3,2,5.26365,2741
4,0,1,3,3,4.94773,6628
4,0,1,3,4,2.51223,1859
4,0,1,4,0,2.26832,210
4,0,1,4,1,2.85906,3066
4,0,1,4,2,2.79968,426
4,0,1,4,3,3.00673,2034
4,0,1,4,4,2.39799,415
4,0,2,0,0,0.75896,0
4,0,2,0,1,0.38216,3
4,0,2,0,2,0.53643,0
4,0,2,0,3,0.64627,0
4,0,2,0,4,0.79725,0
4,0,2,1,0,3.51547,238
4,0,2,1,1,2.97658,830
4,0,2,1,2,2.83805,256
4,0,2,1,3,2.66972,585
4,0,2,1,4,3.18491,192
4,0,2,2,0,3.01750,815
4,0,2,2,1,2.17562,1654
4,0,2,2,2,3.35635,1143
4,0,2,2,3,2.34649,2660
4,0,2,2,4,2.35390,990
4,0,2,3,0,3.10102,1121
4,0,2,3,1,3.81890,1662
4,0,2,3,2,2.77843,1307
4,0,2,3,3,3.95570,3272
4,0,2,3,4,2.80524,1245
4,0,2,4,0,3.73838,369
4,0,2,4,1,3.64822,974
4,0,2,4,2,2.96924,400
4,0,2,4,3,4.22516,672
4,0,2,4,4,3.75799,283
4,0,3,0,0,0.97197,1
4,0,3,0,1,0.30264,0
4,0,3,0,2,0.39397,0
4,0,3,0,3,2.44237,2
4,0,3,0,4,0.14554,0
4,0,3,1,0,3.08715,340
4,0,3,1,1,3.36957,604
4,0,3,1,2,2.64180,354
4,0,3,1,3,3.32306,771
4,0,3,1,4,2.80849,285
4,0,3,2,0,2.61375,1382
4,0,3,2,1,2.76380,1907
4,0,3,2,2,2.66379,1441
4,0,3,2,3,3.22810,3552
4,0,3,2,4,3.69986,1149
4,0,3,3,0,2.78364,1634
4,0,3,3,1,3.55176,2197
4,0,3,3,2,2.02095,1831
4,0,3,3,3,3.19369,4193
4,0,3,3,4,3.56056,1483
4,0,3,4,0,3.68111,483
4,0,3,4,1,3.85963,786
4,0,3,4,2,3.00769,563
4,0,3,4,3,3.47853,1119
4,0,3,4,4,2.66379,486
4,0,4,0,0,0.51617,0
4,0,4,0,1,0.70296,10
4,0,4,0,2,0.55154,1
4,0,4,0,3,0.75212,0
4,0,4,0,4,0.08560,0
4,0,4,1,0,1.56389,1087
4,0,4,1,1,2.30209,1247
4,0,4,1,2,2.03516,1243
4,0,4,1,3,1.93511,2677
4,0,4,1,4,2.19676,1083
4,0,4,2,0,2.13465,4846
4,0,4,2,1,1.69068,5331
4,0,4,2,2,1.94862,5558
4,0,4,2,3,3.18888,12315
4,0,4,2,4,2.18111,4596
4,0,4,3,0,1.44564,6089
4,0,4,3,1,1.37021,6387
4,0,4,3,2,1.49344,6825
4,0,4,3,3,1.40082,14635
4,0,4,3,4,1.75565,5603
4,0,4,4,0,1.87019,1649
4,0,4,4,1,1.64166,1413
4,0,4,4,2,2.51933,1478
4,0,4,4,3,1.62649,3749
4,0,4,4,4,2.16747,1364
4,1,0,0,0,0.51441,2
4,1,0,0,1,0.02677,0
4,1,0,0,2,0.04543,0
4,1,0,0,3,1.63610,5
4,1,0,0,4,0.09458,0
4,1,0,1,0,4.02678,119
4,1,0,1,1,4.02290,11
4,1,0,1,2,4.02204,110
4,1,0,1,3,4.02008,246
4,1,0,1,4,1.84974,12
4,1,0,2,0,3.08100,419
4,1,0,2,1,4.03604,683
4,1,0,2,2,3.35539,807
4,1,0,2,3,4.03720,1022
4,1,0,2,4,4.69685,397
4,1,0,3,0,4.27019,850
4,1,0,3,1,4.06890,207
4,1,0,3,2,4.07946,859
4,1,0,3,3,4.90041,1506
4,1,0,3,4,4.92995,482
4,1,0,4,0,1.98884,113
4,1,0,4,1,2.84579,202
4,1,0,4,2,3.98489,32
4,1,0,4,3,3.07029,268
4,1,0,4,4,4.21551,377
4,1,1,0,0,0.82764,18
4,1,1,0,1,0.79408,111
4,1,1,0,2,1.13369,91
4,1,1,0,3,1.17596,64
4,1,1,0,4,1.37798,11
4,1,1,1,0,3.66790,2690
4,1,1,1,1,0.80319,3022
4,1,1,1,2,3.75644,2674
4,1,1,1,3,2.50916,7497
4,1,1,1,4,3.71830,2259
4,1,1,2,0,2.42817,12119
4,1,1,2,1,1.83213,12090
4,1,1,2,2,1.50330,9681
4,1,1,2,3,3.22921,31277
4,1,1,2,4,1.59400,12313
4,1,1,3,0,2.25577,12464
4,1,1,3,1,4.03464,13386
4,1,1,3,2,3.07624,11731
4,1,1,3,3,3.08186,33428
4,1,1,3,4,2.77302,10854
4,1,1,4,0,1.79936,2309
4,1,1,4,1,5.07710,4085
4,1,1,4,2,1.73191,2478
4,1,1,4,3,1.87770,9274
4,1,1,4,4,3.49992,3347
4,1,2,0,0,2.54118,55
4,1,2,0,1,3.53525,41
4,1,2,0,2,2.78410,31
4,1,2,0,3,3.03661,154
4,1,2,0,4,2.88768,33
4,1,2,1,0,2.82704,2039
4,1,2,1,1,2.88721,2384
4,1,2,1,2,1.83498,2170
4,1,2,1,3,2.50707,5674
4,1,2,1,4,2.70313,1887
4,1,2,2,0,2.18616,9248
4,1,2,2,1,1.75796,10389
4,1,2,2,2,1.20962,9262
4,1,2,2,3,2.45234,23516
4,1,2,2,4,2.96765,9631
4,1,2,3,0,3.53367,10266
4,1,2,3,1,3.55806,11941
4,1,2,3,2,3.48535,10119
4,1,2,3,3,2.42119,25247
4,1,2,3,4,3.47567,10574
4,1,2,4,0,3.98914,2638
4,1,2,4,1,4.09773,3262
4,1,2,4,2,3.07593,2794
4,1,2,4,3,2.94807,6895
4,1,2,4,4,3.41732,2850
4,1,3,0,0,3.24453,42
4,1,3,0,1,3.54384,98
4,1,3,0,2,2.47949,46
4,1,3,0,3,2.47476,112
4,1,3,0,4,2.67442,70
4,1,3,1,0,3.89449,2631
4,1,3,1,1,1.10741,3361
4,1,3,1,2,3.05715,2938
4,1,3,1,3,2.68181,7334
4,1,3,1,4,3.82435,3074
4,1,3,2,0,1.24178,13335
4,1,3,2,1,1.59507,13706
4,1,3,2,2,2.31073,12767
4,1,3,2,3,1.09819,31072
4,1,3,2,4,1.31485,12133
4,1,3,3,0,3.89051,13820
4,1,3,3,1,1.63097,15722
4,1,3,3,2,3.46304,14211
4,1,3,3,3,3.78509,35147
4,1,3,3,4,3.00234,13546
4,1,3,4,0,1.49321,4232
4,1,3,4,1,1.99769,4583
4,1,3,4,2,1.93189,4518
4,1,3,4,3,3.22795,10211
4,1,3,4,4,3.26775,4002
4,1,4,0,0,1.66469,227
4,1,4,0,1,1.24211,421
4,1,4,0,2,1.31728,320
4,1,4,0,3,2.65245,816
4,1,4,0,4,1.28398,197
4,1,4,1,0,1.58847,14855
4,1,4,1,1,1.01424,17086
4,1,4,1,2,1.86524,14337
4,1,4,1,3,0.99303,34114
4,1,4,1,4,1.51346,13926
4,1,4,2,0,0.91024,71428
4,1,4,2,1,1.07651,76145
4,1,4,2,2,0.23985,67167
4,1,4,2,3,2.07508,160702
4,1,4,2,4,2.33556,68323
4,1,4,3,0,1.23142,80162
4,1,4,3,1,2.76270,86576
4,1,4,3,2,0.51135,78841
4,1,4,3,3,3.04268,183913
4,1,4,3,4,0.26898,79535
4,1,4,4,0,0.61156,21355
4,1,4,4,1,0.74684,23909
4,1,4,4,2,0.86237,20654
4,1,4,4,3,0.40402,48643
4,1,4,4,4,0.53155,19723
4,2,0,0,0,2.18386,2
4,2,0,0,1,0.53382,0
4,2,0,0,2,2.70606,7
4,2,0,0,3,0.69918,0
4,2,0,0,4,0.29735,0
4,2,0,1,0,3.44486,158
4,2,0,1,1,2.13290,169
4,2,0,1,2,2.95040,37
4,2,0,1,3,3.99997,351
4,2,0,1,4,1.92186,157
4,2,0,2,0,4.35496,182
4,2,0,2,1,4.37335,496
4,2,0,2,2,4.44550,457
4,2,0,2,3,4.33340,1142
4,2,0,2,4,4.68778,467
4,2,0,3,0,4.41281,269
4,2,0,3,1,4.44108,551
4,2,0,3,2,4.89150,287
4,2,0,3,3,4.67705,1286
4,2,0,3,4,4.67730,226
4,2,0,4,0,4.08128,71
4,2,0,4,1,4.15742,257
4,2,0,4,2,4.09665,292
4,2,0,4,3,4.15045,601
4,2,0,4,4,4.10680,264
4,2,1,0,0,1.70005,1
4,2,1,0,1,3.29858,94
4,2,1,0,2,2.73714,20
4,2,1,0,3,1.77750,235
4,2,1,0,4,1.47256,14
4,2,1,1,0,3.89612,1035
4,2,1,1,1,3.76909,1966
4,2,1,1,2,3.11280,1569
4,2,1,1,3,2.74133,3413
4,2,1,1,4,2.82747,1384
4,2,1,2,0,2.90625,5157
4,2,1,2,1,3.99967,6565
4,2,1,2,2,2.76754,4531
4,2,1,2,3,3.99971,11052
4,2,1,2,4,2.56319,5058
4,2,1,3,0,1.14293,4893
4,2,1,3,1,0.87104,6387
4,2,1,3,2,3.99942,5176
4,2,1,3,3,2.84197,14041
4,2,1,3,4,3.77609,5268
4,2,1,4,0,1.06161,2250
4,2,1,4,1,1.26860,3501
4,2,1,4,2,1.17267,2278
4,2,1,4,3,0.96434,4514
4,2,1,4,4,2.73225,1798
4,2,2,0,0,2.56815,58
4,2,2,0,1,3.89534,69
4,2,2,0,2,3.34788,40
4,2,2,0,3,3.99711,161
4,2,2,0,4,2.51945,49
4,2,2,1,0,2.44725,1551
4,2,2,1,1,2.37028,1935
4,2,2,1,2,2.85154,1598
4,2,2,1,3,2.44832,3769
4,2,2,1,4,2.81656,1404
4,2,2,2,0,2.53682,5612
4,2,2,2,1,2.66521,6289
4,2,2,2,2,2.30035,5450
4,2,2,2,3,2.69626,13156
4,2,2,2,4,2.55768,4695
4,2,2,3,0,3.99814,6134
4,2,2,3,1,2.78214,7039
4,2,2,3,2,3.64871,5198
4,2,2,3,3,3.99930,15073
4,2,2,3,4,3.91146,6424
4,2,2,4,0,2.05527,2169
4,2,2,4,1,1.70648,2754
4,2,2,4,2,2.63878,2333
4,2,2,4,3,2.69725,5504
4,2,2,4,4,2.65840,2007
4,2,3,0,0,2.21681,86
4,2,3,0,1,1.37595,142
4,2,3,0,2,1.10135,121
4,2,3,0,3,1.90658,209
4,2,3,0,4,1.16691,89
4,2,3,1,0,1.83647,2276
4,2,3,1,1,2.30436,3126
4,2,3,1,2,3.70946,2610
4,2,3,1,3,3.90972,6221
4,2,3,1,4,2.34326,2355
4,2,3,2,0,2.77601,7195
4,2,3,2,1,2.20558,8004
4,2,3,2,2,2.09344,7078
4,2,3,2,3,2.20851,16552
4,2,3,2,4,2.78562,7154
4,2,3,3,0,3.84936,8197
4,2,3,3,1,2.70346,9106
4,2,3,3,2,3.54931,8132
4,2,3,3,3,3.32947,20457
4,2,3,3,4,3.93188,7553
4,2,3,4,0,2.45328,3044
4,2,3,4,1,3.08621,3752
4,2,3,4,2,3.65815,3203
4,2,3,4,3,2.49665,7689
4,2,3,4,4,3.44715,3131
4,2,4,0,0,0.50079,717
4,2,4,0,1,1.15415,1258
4,2,4,0,2,0.61015,898
4,2,4,0,3,1.04243,1962
4,2,4,0,4,0.94180,730
4,2,4,1,0,1.93232,21307
4,2,4,1,1,1.67596,25681
4,2,4,1,2,0.49125,21254
4,2,4,1,3,1.53525,50795
4,2,4,1,4,1.87380,20354
4,2,4,2,0,0.75714,163692
4,2,4,2,1,0.75081,86959
4,2,4,2,2,3.56563,77166
4,2,4,2,3,3.49434,171619
4,2,4,2,4,0.53500,118940
4,2,4,3,0,1.61186,84586
4,2,4,3,1,0.20125,91563
4,2,4,3,2,0.40757,83876
4,2,4,3,3,0.95890,190320
4,2,4,3,4,0.95867,81350
4,2,4,4,0,1.12043,27642
4,2,4,4,1,1.13245,33774
4,2,4,4,2,1.83295,28542
4,2,4,4,3,1.06391,65493
4,2,4,4,4,0.95535,26535
4,3,0,0,0,0.65280,0
4,3,0,0,1,0.90454,0
4,3,0,0,2,0.66212,0
4,3,0,0,3,0.45658,0
4,3,0,0,4,0.99217,0
4,3,0,1,0,1.75059,1
4,3,0,1,1,1.89659,25
4,3,0,1,2,3.89914,20
4,3,0,1,3,1.84707,94
4,3,0,1,4,1.87095,10
4,3,0,2,0,2.79825,62
4,3,0,2,1,4.00857,59
4,3,0,2,2,4.16228,22
4,3,0,2,3,4.00826,204
4,3,0,2,4,3.97976,30
4,3,0,3,0,3.19972,34
4,3,0,3,1,3.99121,84
4,3,0,3,2,1.63001,14
4,3,0,3,3,4.12306,160
4,3,0,3,4,2.98407,14
4,3,0,4,0,3.99891,29
4,3,0,4,1,3.99892,17
4,3,0,4,2,4.00030,108
4,3,0,4,3,4.00071,149
4,3,0,4,4,3.98942,22
4,3,1,0,0,1.69870,25
4,3,1,0,1,3.11882,104
4,3,1,0,2,2.73562,10
4,3,1,0,3,2.26771,37
4,3,1,0,4,2.82428,18
4,3,1,1,0,2.74985,393
4,3,1,1,1,3.99713,500
4,3,1,1,2,2.31543,343
4,3,1,1,3,2.28232,1068
4,3,1,1,4,1.90205,229
4,3,1,2,0,2.72684,239
4,3,1,2,1,3.93979,373
4,3,1,2,2,2.80011,213
4,3,1,2,3,4.00009,1174
4,3,1,2,4,4.31455,284
4,3,1,3,0,1.84114,388
4,3,1,3,1,1.91559,986
4,3,1,3,2,2.71366,288
4,3,1,3,3,1.11884,1091
4,3,1,3,4,1.75163,359
4,3,1,4,0,1.74755,320
4,3,1,4,1,2.57971,425
4,3,1,4,2,1.81717,333
4,3,1,4,3,2.20484,907
4,3,1,4,4,1.81252,213
4,3,2,0,0,2.44597,11
4,3,2,0,1,3.95751,40
4,3,2,0,2,3.24395,17
4,3,2,0,3,2.29376,39
4,3,2,0,4,2.60528,32
4,3,2,1,0,2.28636,336
4,3,2,1,1,3.35593,501
4,3,2,1,2,3.26600,461
4,3,2,1,3,2.74911,862
4,3,2,1,4,2.82415,290
4,3,2,2,0,3.95444,407
4,3,2,2,1,2.72977,712
4,3,2,2,2,2.74092,362
4,3,2,2,3,2.75029,866
4,3,2,2,4,3.98736,523
4,3,2,3,0,2.80865,414
4,3,2,3,1,3.98806,549
4,3,2,3,2,3.94891,460
4,3,2,3,3,3.94854,1158
4,3,2,3,4,3.91928,366
4,3,2,4,0,3.95198,425
4,3,2,4,1,3.99214,474
4,3,2,4,2,2.81951,468
4,3,2,4,3,3.98547,1261
4,3,2,4,4,3.89867,441
4,3,3,0,0,2.76855,19
4,3,3,0,1,3.03790,65
4,3,3,0,2,2.60776,9
4,3,3,0,3,2.90301,59
4,3,3,0,4,2.78707,43
4,3,3,1,0,1.36112,430
4,3,3,1,1,1.57469,580
4,3,3,1,2,2.36573,559
4,3,3,1,3,2.28074,1125
4,3,3,1,4,2.63679,438
4,3,3,2,0,2.51943,657
4,3,3,2,1,2.75733,728
4,3,3,2,2,3.68706,604
4,3,3,2,3,2.62416,1333
4,3,3,2,4,3.68226,533
4,3,3,3,0,3.35168,835
4,3,3,3,1,3.94032,889
4,3,3,3,2,1.33357,684
4,3,3,3,3,3.99279,1901
4,3,3,3,4,3.98755,737
4,3,3,4,0,3.96614,609
4,3,3,4,1,2.80479,732
4,3,3,4,2,3.88336,735
4,3,3,4,3,3.16856,1576
4,3,3,4,4,3.98025,613
4,3,4,0,0,0.06652,648
4,3,4,0,1,0.09500,1044
4,3,4,0,2,0.09900,743
4,3,4,0,3,0.34806,1542
4,3,4,0,4,-0.00845,541
4,3,4,1,0,1.44940,11103
4,3,4,1,1,0.43996,13489
4,3,4,1,2,1.23911,11661
4,3,4,1,3,1.26139,27041
4,3,4,1,4,1.56045,10914
4,3,4,2,0,3.23598,11388
4,3,4,2,1,2.73637,13356
4,3,4,2,2,1.72920,11658
4,3,4,2,3,1.70626,26902
4,3,4,2,4,1.79358,11293
4,3,4,3,0,0.23333,13212
4,3,4,3,1,0.18085,14487
4,3,4,3,2,0.50805,13518
4,3,4,3,3,0.40869,30766
4,3,4,3,4,0.62544,12346
4,3,4,4,0,1.10115,11921
4,3,4,4,1,0.62621,14621
4,3,4,4,2,1.15681,12468
4,3,4,4,3,0.71465,28572
4,3,4,4,4,0.82621,11467
4,4,0,0,0,0.30336,0
4,4,0,0,1,0.98127,0
4,4,0,0,2,0.75513,0
4,4,0,0,3,0.71177,0
4,4,0,0,4,0.88288,0
4,4,0,1,0,0.36100,0
4,4,0,1,1,0.11293,0
4,4,0,1,2,0.51819,0
4,4,0,1,3,0.37367,0
4,4,0,1,4,0.34168,0
4,4,0,2,0,0.50624,0
4,4,0,2,1,1.69851,2
4,4,0,2,2,3.98582,8
4,4,0,2,3,2.29533,4
4,4,0,2,4,0.69332,0
4,4,0,3,0,0.10545,0
4,4,0,3,1,3.04538,4
4,4,0,3,2,0.54890,0
4,4,0,3,3,3.47994,18
4,4,0,3,4,2.92737,8
4,4,0,4,0,0.39269,0
4,4,0,4,1,0.54993,0
4,4,0,4,2,0.89899,0
4,4,0,4,3,0.25342,0
4,4,0,4,4,0.80572,0
4,4,1,0,0,0.25865,0
4,4,1,0,1,0.95290,0
4,4,1,0,2,0.36301,0
4,4,1,0,3,0.60254,0
4,4,1,0,4,0.24965,0
4,4,1,1,0,2.46224,3
4,4,1,1,1,2.59097,7
4,4,1,1,2,0.31373,0
4,4,1,1,3,3.05289,9
4,4,1,1,4,0.68274,0
4,4,1,2,0,0.85702,0
4,4,1,2,1,0.08837,0
4,4,1,2,2,0.11123,0
4,4,1,2,3,0.08475,0
4,4,1,2,4,0.50994,0
4,4,1,3,0,3.98615,14
4,4,1,3,1,3.04081,12
4,4,1,3,2,0.10368,5
4,4,1,3,3,2.05613,2
4,4,1,3,4,0.14711,0
4,4,1,4,0,3.87534,7
4,4,1,4,1,4.00003,81
4,4,1,4,2,0.68764,0
4,4,1,4,3,0.31643,11
4,4,1,4,4,0.40844,0
4,4,2,0,0,3.39963,3
4,4,2,0,1,0.37991,0
4,4,2,0,2,0.12254,0
4,4,2,0,3,0.42104,0
4,4,2,0,4,0.20953,0
4,4,2,1,0,1.41349,7
4,4,2,1,1,2.31143,13
4,4,2,1,2,0.28197,0
4,4,2,1,3,0.66911,0
4,4,2,1,4,3.99405,21
4,4,2,2,0,0.76915,0
4,4,2,2,1,0.59667,0
4,4,2,2,2,3.98075,12
4,4,2,2,3,0.30282,0
4,4,2,2,4,0.63519,0
4,4,2,3,0,0.44009,3
4,4,2,3,1,3.43934,13
4,4,2,3,2,0.88061,0
4,4,2,3,3,0.41088,6
4,4,2,3,4,0.54963,0
4,4,2,4,0,0.17470,0
4,4,2,4,1,0.60732,0
4,4,2,4,2,0.29370,0
4,4,2,4,3,0.73804,0
4,4,2,4,4,0.45543,0
4,4,3,0,0,0.35400,4
4,4,3,0,1,0.17767,0
4,4,3,0,2,0.00741,0
4,4,3,0,3,0.23045,0
4,4,3,0,4,0.38569,0
4,4,3,1,0,0.55529,0
4,4,3,1,1,0.23868,0
4,4,3,1,2,1.68119,5
4,4,3,1,3,3.96846,16
4,4,3,1,4,0.11154,0
4,4,3,2,0,1.64835,8
4,4,3,2,1,0.24629,1
4,4,3,2,2,0.04262,0
4,4,3,2,3,3.92369,19
4,4,3,2,4,0.34408,0
4,4,3,3,0,3.76950,4
4,4,3,3,1,0.92461,1
4,4,3,3,2,3.94687,21
4,4,3,3,3,3.93956,11
4,4,3,3,4,0.06834,0
4,4,3,4,0,0.79848,0
4,4,3,4,1,3.88149,14
4,4,3,4,2,1.93959,8
4,4,3,4,3,2.00672,46
4,4,3,4,4,0.06098,0
4,4,4,0,0,0.90442,82
4,4,4,0,1,0.75374,144
4,4,4,0,2,1.93477,99
4,4,4,0,3,0.85610,219
4,4,4,0,4,0.76448,82
4,4,4,1,0,1.00192,461
4,4,4,1,1,0.91039,544
4,4,4,1,2,0.88321,472
4,4,4,1,3,0.88111,935
4,4,4,1,4,0.95634,328
4,4,4,2,0,0.64059,137
4,4,4,2,1,0.68200,198
4,4,4,2,2,1.29240,83
4,4,4,2,3,0.63763,452
4,4,4,2,4,0.54132,106
4,4,4,3,0,0.70821,238
4,4,4,3,1,0.74849,307
4,4,4,3,2,0.85548,178
4,4,4,3,3,0.81394,573
4,4,4,3,4,2.11434,166
4,4,4,4,0,0.34400,590
4,4,4,4,1,0.87770,827
4,4,4,4,2,1.14292,572
4,4,4,4,3,2.10472,1407
4,4,4,4,4,0.48552,542
