3125
5
0,0,0,0,0,0.66885,0
0,0,0,0,1,0.19512,0
0,0,0,0,2,0.71251,0
0,0,0,0,3,0.61936,0
0,0,0,0,4,0.49623,0
0,0,0,1,0,0.08266,0
0,0,0,1,1,0.31991,0
0,0,0,1,2,0.95129,0
0,0,0,1,3,0.79927,0
0,0,0,1,4,0.77766,0
0,0,0,2,0,0.80425,0
0,0,0,2,1,0.79477,0
0,0,0,2,2,0.51592,0
0,0,0,2,3,0.13093,0
0,0,0,2,4,0.85378,0
0,0,0,3,0,0.81225,0
0,0,0,3,1,0.77120,0
0,0,0,3,2,0.49460,0
0,0,0,3,3,0.28076,0
0,0,0,3,4,0.81046,0
0,0,0,4,0,0.67920,0
0,0,0,4,1,0.95772,0
0,0,0,4,2,0.18593,0
0,0,0,4,3,0.81411,0
0,0,0,4,4,0.99574,0
0,0,1,0,0,0.19265,0
0,0,1,0,1,0.74947,0
0,0,1,0,2,0.50830,0
0,0,1,0,3,0.33361,0
0,0,1,0,4,0.89513,0
0,0,1,1,0,-0.33156,3
0,0,1,1,1,-0.44148,228
0,0,1,1,2,-1.11848,9
0,0,1,1,3,-0.38950,16
0,0,1,1,4,-0.65598,916
0,0,1,2,0,-0.30066,4
0,0,1,2,1,-0.30691,869
0,0,1,2,2,-0.31643,23
0,0,1,2,3,-0.81620,60
0,0,1,2,4,-0.23062,3082
0,0,1,3,0,-0.42062,11
0,0,1,3,1,-0.48912,1097
0,0,1,3,2,-0.15231,40
0,0,1,3,3,-0.62974,67
0,0,1,3,4,-0.61374,4467
0,0,1,4,0,0.06063,0
0,0,1,4,1,-0.36342,411
0,0,1,4,2,-0.37804,11
0,0,1,4,3,-0.33735,36
0,0,1,4,4,-0.60856,1679
0,0,2,0,0,0.60299,0
0,0,2,0,1,0.61901,1
0,0,2,0,2,0.26336,0
0,0,2,0,3,0.52535,3
0,0,2,0,4,0.42536,2
0,0,2,1,0,-0.32030,14
0,0,2,1,1,-0.55133,1205
0,0,2,1,2,-0.41151,16
0,0,2,1,3,-0.82929,33
0,0,2,1,4,-0.39146,89
0,0,2,2,0,0.56277,3
0,0,2,2,1,-0.47405,2752
0,0,2,2,2,-1.05837,84
0,0,2,2,3,-0.43668,50
0,0,2,2,4,-0.29677,241
0,0,2,3,0,-0.71380,12
0,0,2,3,1,-0.49398,3940
0,0,2,3,2,-0.51490,92
0,0,2,3,3,-0.23420,110
0,0,2,3,4,-0.32532,437
0,0,2,4,0,-0.72939,18
0,0,2,4,1,-0.17331,1641
0,0,2,4,2,-0.17991,39
0,0,2,4,3,-0.46110,42
0,0,2,4,4,-0.11388,126
0,0,3,0,0,0.85762,0
0,0,3,0,1,0.65276,0
0,0,3,0,2,0.64104,0
0,0,3,0,3,0.42489,0
0,0,3,0,4,0.14785,0
0,0,3,1,0,-0.87469,443
0,0,3,1,1,-0.88303,160
0,0,3,1,2,-0.75124,38
0,0,3,1,3,-0.73503,38
0,0,3,1,4,-0.41977,92
0,0,3,2,0,-0.65177,1229
0,0,3,2,1,-0.15423,407
0,0,3,2,2,-0.39698,56
0,0,3,2,3,-0.34391,136
0,0,3,2,4,-0.23382,287
0,0,3,3,0,-0.26446,1661
0,0,3,3,1,-0.27022,581
0,0,3,3,2,-0.26690,117
0,0,3,3,3,-0.31292,223
0,0,3,3,4,-0.25447,509
0,0,3,4,0,-0.71567,694
0,0,3,4,1,-0.61123,183
0,0,3,4,2,-0.77381,46
0,0,3,4,3,-0.30042,83
0,0,3,4,4,-0.45391,193
0,0,4,0,0,0.92108,0
0,0,4,0,1,0.71965,0
0,0,4,0,2,0.81204,0
0,0,4,0,3,0.61263,0
0,0,4,0,4,0.81017,0
0,0,4,1,0,-0.96069,33
0,0,4,1,1,-0.85697,341
0,0,4,1,2,-0.85473,123
0,0,4,1,3,-1.14149,66
0,0,4,1,4,-0.80454,239
0,0,4,2,0,-0.11414,73
0,0,4,2,1,-0.59556,736
0,0,4,2,2,-0.97480,331
0,0,4,2,3,-0.36727,108
0,0,4,2,4,-0.34497,872
0,0,4,3,0,-0.23537,216
0,0,4,3,1,-0.35465,910
0,0,4,3,2,-0.60558,391
0,0,4,3,3,-0.36857,157
0,0,4,3,4,-0.42786,1306
0,0,4,4,0,-0.75581,96
0,0,4,4,1,-0.35919,321
0,0,4,4,2,-0.76702,122
0,0,4,4,3,-0.82271,51
0,0,4,4,4,-0.81037,511
0,1,0,0,0,0.25217,0
0,1,0,0,1,0.02605,0
0,1,0,0,2,0.00326,51
0,1,0,0,3,0.46863,0
0,1,0,0,4,0.34179,0
0,1,0,1,0,0.18063,2
0,1,0,1,1,0.25468,0
0,1,0,1,2,0.26357,0
0,1,0,1,3,-0.17732,775
0,1,0,1,4,0.08837,4
0,1,0,2,0,0.00007,16
0,1,0,2,1,0.00001,15
0,1,0,2,2,-0.63623,116
0,1,0,2,3,-0.91467,1291
0,1,0,2,4,-0.48723,13
0,1,0,3,0,0.00299,12
0,1,0,3,1,0.01090,4
0,1,0,3,2,-0.25000,86
0,1,0,3,3,-0.56250,1689
0,1,0,3,4,0.08620,1
0,1,0,4,0,0.00000,23
0,1,0,4,1,0.00184,11
0,1,0,4,2,-0.46875,136
0,1,0,4,3,-0.60156,1571
0,1,0,4,4,-0.71553,17
0,1,1,0,0,0.00510,6
0,1,1,0,1,0.00533,4
0,1,1,0,2,0.18866,2
0,1,1,0,3,-0.02836,8
0,1,1,0,4,0.28192,8
0,1,1,1,0,-0.69516,13
0,1,1,1,1,-0.22354,57
0,1,1,1,2,-0.15788,154
0,1,1,1,3,-0.42094,526
0,1,1,1,4,-0.78715,1098
0,1,1,2,0,-0.60862,63
0,1,1,2,1,-0.63401,188
0,1,1,2,2,-0.17338,708
0,1,1,2,3,-0.38179,2091
0,1,1,2,4,-0.32022,4468
0,1,1,3,0,-0.68537,87
0,1,1,3,1,-0.30114,250
0,1,1,3,2,-0.06527,686
0,1,1,3,3,-0.62855,2382
0,1,1,3,4,-0.55134,4948
0,1,1,4,0,-0.46503,43
0,1,1,4,1,-0.44745,127
0,1,1,4,2,-0.44209,312
0,1,1,4,3,-0.46447,941
0,1,1,4,4,-0.49753,2080
0,1,2,0,0,0.06056,4
0,1,2,0,1,-0.11150,3
0,1,2,0,2,0.04200,8
0,1,2,0,3,0.04928,7
0,1,2,0,4,-0.21369,4
0,1,2,1,0,-0.20164,2476
0,1,2,1,1,0.02493,128
0,1,2,1,2,0.04895,95
0,1,2,1,3,0.04836,290
0,1,2,1,4,0.06448,17
0,1,2,2,0,-0.37898,10091
0,1,2,2,1,-0.39973,519
0,1,2,2,2,-0.38536,255
0,1,2,2,3,-0.00129,1500
0,1,2,2,4,-0.00172,75
0,1,2,3,0,-0.46842,11969
0,1,2,3,1,-0.21879,677
0,1,2,3,2,-0.14742,411
0,1,2,3,3,-0.21989,1843
0,1,2,3,4,-0.29123,101
0,1,2,4,0,-0.55875,4060
0,1,2,4,1,-0.43477,284
0,1,2,4,2,-0.50103,150
0,1,2,4,3,-0.18477,484
0,1,2,4,4,-0.24635,51
0,1,3,0,0,-0.21920,17
0,1,3,0,1,0.05522,6
0,1,3,0,2,-0.34267,11
0,1,3,0,3,-0.34999,20
0,1,3,0,4,0.04107,15
0,1,3,1,0,-1.05083,639
0,1,3,1,1,-0.52757,537
0,1,3,1,2,-0.94673,256
0,1,3,1,3,-0.82364,226
0,1,3,1,4,-0.36594,377
0,1,3,2,0,-0.38717,1651
0,1,3,2,1,-0.25301,3367
0,1,3,2,2,-0.71738,822
0,1,3,2,3,-0.52177,1467
0,1,3,2,4,-0.02806,2072
0,1,3,3,0,-0.47396,2052
0,1,3,3,1,-0.03941,3366
0,1,3,3,2,-0.67085,1285
0,1,3,3,3,-0.06605,2045
0,1,3,3,4,-0.08279,2322
0,1,3,4,0,-0.76414,954
0,1,3,4,1,-0.05746,1010
0,1,3,4,2,-0.19914,583
0,1,3,4,3,-0.38827,523
0,1,3,4,4,-0.38375,804
0,1,4,0,0,-0.42547,24
0,1,4,0,1,0.68921,0
0,1,4,0,2,-0.44091,4
0,1,4,0,3,-0.11380,14
0,1,4,0,4,-0.60417,74
0,1,4,1,0,-0.81414,114
0,1,4,1,1,-0.74268,413
0,1,4,1,2,-1.00680,120
0,1,4,1,3,-0.84180,379
0,1,4,1,4,-0.65660,1299
0,1,4,2,0,-0.35762,550
0,1,4,2,1,-0.45474,1393
0,1,4,2,2,-0.46946,416
0,1,4,2,3,-0.36330,1539
0,1,4,2,4,-0.48757,6048
0,1,4,3,0,-0.43717,604
0,1,4,3,1,-0.37107,1712
0,1,4,3,2,-0.25656,499
0,1,4,3,3,-0.11852,1784
0,1,4,3,4,-0.22400,6960
0,1,4,4,0,-0.78236,345
0,1,4,4,1,-0.35738,672
0,1,4,4,2,-0.29805,284
0,1,4,4,3,-0.45417,541
0,1,4,4,4,-0.70191,2351
0,2,0,0,0,-0.33763,20
0,2,0,0,1,-0.15983,35
0,2,0,0,2,-0.21310,24
0,2,0,0,3,-0.15983,48
0,2,0,0,4,-0.40983,36
0,2,0,1,0,-0.18460,90
0,2,0,1,1,-0.00003,79
0,2,0,1,2,-0.25000,3433
0,2,0,1,3,-0.56252,610
0,2,0,1,4,-0.56250,157
0,2,0,2,0,-0.18817,91
0,2,0,2,1,-0.56263,304
0,2,0,2,2,-0.25007,12201
0,2,0,2,3,-0.56256,1419
0,2,0,2,4,-0.00000,111
0,2,0,3,0,-0.36916,61
0,2,0,3,1,-0.69034,158
0,2,0,3,2,-0.50248,14342
0,2,0,3,3,-0.37692,1433
0,2,0,3,4,-0.75186,212
0,2,0,4,0,-0.33330,63
0,2,0,4,1,-0.60156,576
0,2,0,4,2,-0.46875,6663
0,2,0,4,3,-0.72656,989
0,2,0,4,4,0.00038,16
0,2,1,0,0,-0.54791,53
0,2,1,0,1,-0.33838,12
0,2,1,0,2,-0.35403,18
0,2,1,0,3,-0.42290,23
0,2,1,0,4,-0.28112,51
0,2,1,1,0,-0.64905,1049
0,2,1,1,1,-0.40799,18
0,2,1,1,2,-0.28255,940
0,2,1,1,3,-0.61096,735
0,2,1,1,4,-0.31467,2849
0,2,1,2,0,-0.85514,1929
0,2,1,2,1,-0.26883,42
0,2,1,2,2,-0.48014,2254
0,2,1,2,3,-0.56501,2667
0,2,1,2,4,-0.26728,10839
0,2,1,3,0,-0.41523,2537
0,2,1,3,1,-0.38597,68
0,2,1,3,2,-0.03639,2852
0,2,1,3,3,-0.83131,2728
0,2,1,3,4,-0.60772,12594
0,2,1,4,0,-0.69263,1646
0,2,1,4,1,-0.23723,30
0,2,1,4,2,-0.46537,976
0,2,1,4,3,-0.85332,1003
0,2,1,4,4,-0.61412,4237
0,2,2,0,0,-0.40740,19
0,2,2,0,1,-0.36337,10
0,2,2,0,2,-0.36629,13
0,2,2,0,3,-0.49012,7
0,2,2,0,4,-0.15550,10
0,2,2,1,0,0.01760,211
0,2,2,1,1,-0.13714,4
0,2,2,1,2,-0.44589,21
0,2,2,1,3,-0.40801,196
0,2,2,1,4,-0.46483,188
0,2,2,2,0,-0.26568,586
0,2,2,2,1,-0.08319,25
0,2,2,2,2,-0.16605,47
0,2,2,2,3,-0.63860,194
0,2,2,2,4,-0.24287,491
0,2,2,3,0,-0.48712,635
0,2,2,3,1,-0.11114,51
0,2,2,3,2,-0.28644,58
0,2,2,3,3,-0.19033,411
0,2,2,3,4,-0.61522,676
0,2,2,4,0,-0.28387,390
0,2,2,4,1,-0.47159,18
0,2,2,4,2,-0.14951,34
0,2,2,4,3,-0.04612,314
0,2,2,4,4,-0.53213,495
0,2,3,0,0,-0.61679,9
0,2,3,0,1,-0.42935,25
0,2,3,0,2,-0.30338,5
0,2,3,0,3,-0.49142,22
0,2,3,0,4,-0.32190,36
0,2,3,1,0,-1.09144,343
0,2,3,1,1,-0.99777,859
0,2,3,1,2,-1.00889,667
0,2,3,1,3,-1.01502,551
0,2,3,1,4,-0.66555,1122
0,2,3,2,0,-0.24709,565
0,2,3,2,1,-0.13393,1270
0,2,3,2,2,-0.73633,877
0,2,3,2,3,-0.21764,857
0,2,3,2,4,-0.48669,2197
0,2,3,3,0,-0.48799,744
0,2,3,3,1,-0.37816,1788
0,2,3,3,2,-0.52651,1219
0,2,3,3,3,-0.37812,1287
0,2,3,3,4,-0.40604,2829
0,2,3,4,0,-0.64226,351
0,2,3,4,1,-0.37261,1266
0,2,3,4,2,-0.62647,502
0,2,3,4,3,-0.21498,650
0,2,3,4,4,-0.72952,1852
0,2,4,0,0,-0.80319,19
0,2,4,0,1,-0.57762,47
0,2,4,0,2,0.26254,0
0,2,4,0,3,-0.90269,31
0,2,4,0,4,-0.56969,274
0,2,4,1,0,-0.84695,387
0,2,4,1,1,-0.97145,637
0,2,4,1,2,-0.95346,92
0,2,4,1,3,-0.84645,571
0,2,4,1,4,-0.79526,3708
0,2,4,2,0,-0.21207,478
0,2,4,2,1,-0.58158,602
0,2,4,2,2,-0.75890,206
0,2,4,2,3,-0.69932,1212
0,2,4,2,4,-0.60167,6629
0,2,4,3,0,-0.65793,540
0,2,4,3,1,-0.65782,985
0,2,4,3,2,-0.74166,302
0,2,4,3,3,-0.28870,1373
0,2,4,3,4,-0.48036,9927
0,2,4,4,0,-0.78544,359
0,2,4,4,1,-0.50657,616
0,2,4,4,2,-0.64113,159
0,2,4,4,3,-0.63485,721
0,2,4,4,4,-0.34202,8006
0,3,0,0,0,-0.29579,13
0,3,0,0,1,0.05202,12
0,3,0,0,2,0.04489,22
0,3,0,0,3,-0.34104,23
0,3,0,0,4,0.05203,24
0,3,0,1,0,0.38097,3
0,3,0,1,1,0.44772,0
0,3,0,1,2,0.53508,0
0,3,0,1,3,0.15131,103
0,3,0,1,4,0.15131,1371
0,3,0,2,0,0.26791,5
0,3,0,2,1,0.63713,0
0,3,0,2,2,0.36612,3
0,3,0,2,3,-0.10041,141
0,3,0,2,4,-0.10041,1595
0,3,0,3,0,0.19566,6
0,3,0,3,1,0.19396,61
0,3,0,3,2,0.25861,0
0,3,0,3,3,-0.06386,331
0,3,0,3,4,-0.18104,2316
0,3,0,4,0,0.10867,28
0,3,0,4,1,0.13387,8
0,3,0,4,2,0.14449,12
0,3,0,4,3,-0.14163,236
0,3,0,4,4,-0.14163,2144
0,3,1,0,0,-0.36509,17
0,3,1,0,1,-0.55945,110
0,3,1,0,2,-0.35782,13
0,3,1,0,3,-0.43655,34
0,3,1,0,4,-0.24969,40
0,3,1,1,0,-0.17940,27
0,3,1,1,1,-0.48335,328
0,3,1,1,2,0.31295,26
0,3,1,1,3,-0.74840,41
0,3,1,1,4,-0.48987,515
0,3,1,2,0,-0.20229,6
0,3,1,2,1,-0.55235,209
0,3,1,2,2,-0.28785,5
0,3,1,2,3,-0.66530,37
0,3,1,2,4,-0.58716,179
0,3,1,3,0,-0.33387,14
0,3,1,3,1,-0.02926,570
0,3,1,3,2,0.01496,5
0,3,1,3,3,-0.37754,79
0,3,1,3,4,-0.49035,470
0,3,1,4,0,-0.24863,9
0,3,1,4,1,-0.44952,379
0,3,1,4,2,0.81471,0
0,3,1,4,3,-0.19721,43
0,3,1,4,4,-0.37258,540
0,3,2,0,0,-0.39134,17
0,3,2,0,1,-0.26634,19
0,3,2,0,2,-0.21531,42
0,3,2,0,3,-0.39024,12
0,3,2,0,4,-0.48152,6
0,3,2,1,0,-0.23264,7
0,3,2,1,1,-0.28859,106
0,3,2,1,2,-0.15284,423
0,3,2,1,3,-0.29132,126
0,3,2,1,4,-0.38694,600
0,3,2,2,0,0.06000,48
0,3,2,2,1,-0.16405,51
0,3,2,2,2,-0.62315,342
0,3,2,2,3,-0.24827,137
0,3,2,2,4,-0.33103,603
0,3,2,3,0,0.05759,28
0,3,2,3,1,-0.19277,105
0,3,2,3,2,-0.34565,631
0,3,2,3,3,-0.23478,202
0,3,2,3,4,-0.31304,1265
0,3,2,4,0,0.33040,31
0,3,2,4,1,-0.36470,301
0,3,2,4,2,-0.43735,517
0,3,2,4,3,0.01422,148
0,3,2,4,4,-0.05916,1333
0,3,3,0,0,-0.47115,71
0,3,3,0,1,-0.48618,4
0,3,3,0,2,-0.54206,44
0,3,3,0,3,-0.51386,16
0,3,3,0,4,-0.25481,56
0,3,3,1,0,-1.11702,137
0,3,3,1,1,-0.99202,362
0,3,3,1,2,-0.99202,241
0,3,3,1,3,-1.07466,185
0,3,3,1,4,-0.48875,3544
0,3,3,2,0,-0.47087,235
0,3,3,2,1,-0.38879,225
0,3,3,2,2,-0.40681,209
0,3,3,2,3,-0.43857,206
0,3,3,2,4,-0.71647,3286
0,3,3,3,0,-0.75530,382
0,3,3,3,1,-0.61467,543
0,3,3,3,2,-0.09653,332
0,3,3,3,3,-0.19326,526
0,3,3,3,4,-0.53262,5571
0,3,3,4,0,-0.56851,350
0,3,3,4,1,-0.21695,383
0,3,3,4,2,-0.52677,298
0,3,3,4,3,-0.62520,351
0,3,3,4,4,-0.30100,6034
0,3,4,0,0,-0.64980,32
0,3,4,0,1,-0.37336,4
0,3,4,0,2,0.12058,0
0,3,4,0,3,-0.14276,8
0,3,4,0,4,-0.70741,89
0,3,4,1,0,-1.12113,253
0,3,4,1,1,-0.88368,401
0,3,4,1,2,-1.12113,76
0,3,4,1,3,-0.58350,429
0,3,4,1,4,-0.00510,3488
0,3,4,2,0,-0.31226,198
0,3,4,2,1,-0.28796,162
0,3,4,2,2,-0.50714,150
0,3,4,2,3,-0.48792,413
0,3,4,2,4,-0.03144,3777
0,3,4,3,0,-0.22181,209
0,3,4,3,1,-0.55361,366
0,3,4,3,2,-0.79115,289
0,3,4,3,3,-0.30800,615
0,3,4,3,4,-0.00072,7106
0,3,4,4,0,-0.83597,288
0,3,4,4,1,-0.21247,372
0,3,4,4,2,-0.84150,105
0,3,4,4,3,-0.24088,451
0,3,4,4,4,-0.47334,6680
0,4,0,0,0,0.42923,0
0,4,0,0,1,0.45242,0
0,4,0,0,2,0.81932,0
0,4,0,0,3,0.65990,0
0,4,0,0,4,0.60661,0
0,4,0,1,0,0.24274,0
0,4,0,1,1,0.55703,0
0,4,0,1,2,0.22524,0
0,4,0,1,3,0.30206,0
0,4,0,1,4,0.20921,0
0,4,0,2,0,0.49570,0
0,4,0,2,1,0.13200,0
0,4,0,2,2,-0.48352,44
0,4,0,2,3,0.48156,0
0,4,0,2,4,0.01402,0
0,4,0,3,0,0.95536,0
0,4,0,3,1,0.26932,0
0,4,0,3,2,-0.13332,3
0,4,0,3,3,0.03175,0
0,4,0,3,4,0.84273,0
0,4,0,4,0,0.16168,0
0,4,0,4,1,0.32286,0
0,4,0,4,2,-0.49827,146
0,4,0,4,3,0.47287,0
0,4,0,4,4,0.58062,0
0,4,1,0,0,-0.35870,11
0,4,1,0,1,0.00326,26
0,4,1,0,2,-0.24444,17
0,4,1,0,3,-0.22212,8
0,4,1,0,4,-0.17531,20
0,4,1,1,0,0.50381,7
0,4,1,1,1,0.13946,213
0,4,1,1,2,0.26457,0
0,4,1,1,3,0.49560,3
0,4,1,1,4,0.68627,0
0,4,1,2,0,0.17144,0
0,4,1,2,1,-0.03922,78
0,4,1,2,2,0.79098,0
0,4,1,2,3,0.73322,0
0,4,1,2,4,0.44771,0
0,4,1,3,0,0.81709,0
0,4,1,3,1,0.07213,147
0,4,1,3,2,0.19121,0
0,4,1,3,3,0.10846,8
0,4,1,3,4,0.09618,3
0,4,1,4,0,0.04727,0
0,4,1,4,1,-0.18705,490
0,4,1,4,2,0.13505,0
0,4,1,4,3,0.06295,32
0,4,1,4,4,0.08394,0
0,4,2,0,0,0.06440,6
0,4,2,0,1,-0.31416,5
0,4,2,0,2,-0.17990,5
0,4,2,0,3,0.08540,4
0,4,2,0,4,0.06894,0
0,4,2,1,0,-0.07153,4
0,4,2,1,1,0.30771,0
0,4,2,1,2,-0.18842,2
0,4,2,1,3,-0.10236,395
0,4,2,1,4,0.20333,0
0,4,2,2,0,0.05172,23
0,4,2,2,1,0.75748,0
0,4,2,2,2,0.25829,0
0,4,2,2,3,0.02984,178
0,4,2,2,4,0.56895,0
0,4,2,3,0,0.13423,13
0,4,2,3,1,0.23062,0
0,4,2,3,2,0.28959,0
0,4,2,3,3,0.18010,263
0,4,2,3,4,0.57477,0
0,4,2,4,0,0.39334,50
0,4,2,4,1,0.95919,0
0,4,2,4,2,0.19081,3
0,4,2,4,3,-0.09311,500
0,4,2,4,4,0.37989,6
0,4,3,0,0,-0.17767,4
0,4,3,0,1,-0.17665,12
0,4,3,0,2,-0.18092,9
0,4,3,0,3,-0.44826,5
0,4,3,0,4,-0.27534,49
0,4,3,1,0,-0.56607,38
0,4,3,1,1,-0.51040,652
0,4,3,1,2,-0.69107,49
0,4,3,1,3,-0.62959,71
0,4,3,1,4,-0.48260,112
0,4,3,2,0,0.35321,0
0,4,3,2,1,-0.77962,310
0,4,3,2,2,-0.33789,31
0,4,3,2,3,-0.77600,55
0,4,3,2,4,-0.70895,68
0,4,3,3,0,0.08596,19
0,4,3,3,1,-0.44537,631
0,4,3,3,2,-0.05876,3
0,4,3,3,3,-0.11027,71
0,4,3,3,4,-0.26049,146
0,4,3,4,0,-0.31860,4
0,4,3,4,1,-0.52218,1165
0,4,3,4,2,-0.31159,17
0,4,3,4,3,-0.73208,56
0,4,3,4,4,-0.36291,132
0,4,4,0,0,0.25095,0
0,4,4,0,1,0.61809,0
0,4,4,0,2,-0.59654,7
0,4,4,0,3,0.04164,0
0,4,4,0,4,-0.70868,42
0,4,4,1,0,-0.91167,37
0,4,4,1,1,-0.88869,75
0,4,4,1,2,-1.01369,105
0,4,4,1,3,-1.01369,82
0,4,4,1,4,-0.27199,295
0,4,4,2,0,-0.30492,3
0,4,4,2,1,-0.55817,17
0,4,4,2,2,-0.21553,70
0,4,4,2,3,-0.44975,29
0,4,4,2,4,-0.41239,144
0,4,4,3,0,-0.22369,13
0,4,4,3,1,-0.32889,29
0,4,4,3,2,-0.21694,102
0,4,4,3,3,-0.24652,28
0,4,4,3,4,-0.51954,149
0,4,4,4,0,-0.34536,52
0,4,4,4,1,-0.52726,31
0,4,4,4,2,-0.11799,207
0,4,4,4,3,-0.15604,85
0,4,4,4,4,-0.25661,450
1,0,0,0,0,0.99441,0
1,0,0,0,1,0.44879,0
1,0,0,0,2,0.87544,0
1,0,0,0,3,0.86081,0
1,0,0,0,4,0.34973,0
1,0,0,1,0,7.99852,266
1,0,0,1,1,5.93840,75
1,0,0,1,2,1.02554,58
1,0,0,1,3,0.02638,0
1,0,0,1,4,7.99904,121
1,0,0,2,0,1.40986,726
1,0,0,2,1,5.25504,23
1,0,0,2,2,0.55386,218
1,0,0,2,3,0.87726,0
1,0,0,2,4,4.01031,248
1,0,0,3,0,0.00048,667
1,0,0,3,1,0.00553,152
1,0,0,3,2,-0.13179,124
1,0,0,3,3,5.96890,80
1,0,0,3,4,2.85712,193
1,0,0,4,0,7.99967,214
1,0,0,4,1,7.99975,122
1,0,0,4,2,0.23062,2
1,0,0,4,3,0.22453,3
1,0,0,4,4,2.08835,61
1,0,1,0,0,0.21938,6
1,0,1,0,1,4.31344,52
1,0,1,0,2,-0.18925,5
1,0,1,0,3,2.62415,79
1,0,1,0,4,0.18534,9
1,0,1,1,0,0.06250,90
1,0,1,1,1,7.99724,6707
1,0,1,1,2,0.01199,1472
1,0,1,1,3,-0.01694,9897
1,0,1,1,4,0.23086,2554
1,0,1,2,0,0.06983,699
1,0,1,2,1,7.99741,29300
1,0,1,2,2,0.00060,6645
1,0,1,2,3,0.60082,31857
1,0,1,2,4,-0.19531,8716
1,0,1,3,0,4.49203,528
1,0,1,3,1,7.99740,40629
1,0,1,3,2,2.00261,8819
1,0,1,3,3,3.02342,41737
1,0,1,3,4,0.42902,10487
1,0,1,4,0,-0.15846,17
1,0,1,4,1,-0.52303,12324
1,0,1,4,2,-0.48270,1923
1,0,1,4,3,0.13013,15519
1,0,1,4,4,0.08777,4138
1,0,2,0,0,0.13418,4
1,0,2,0,1,-0.07265,3
1,0,2,0,2,0.01462,10
1,0,2,0,3,0.06715,3
1,0,2,0,4,0.18872,9
1,0,2,1,0,-0.00111,22
1,0,2,1,1,-0.17470,449
1,0,2,1,2,-0.04399,1698
1,0,2,1,3,-0.13134,1132
1,0,2,1,4,-0.06566,6728
1,0,2,2,0,-0.12143,92
1,0,2,2,1,0.02356,1627
1,0,2,2,2,-0.01595,4402
1,0,2,2,3,0.05766,2975
1,0,2,2,4,0.04294,21661
1,0,2,3,0,-0.04648,89
1,0,2,3,1,-0.00644,2085
1,0,2,3,2,-0.09464,6248
1,0,2,3,3,-0.00850,4094
1,0,2,3,4,-0.37983,27977
1,0,2,4,0,-0.29104,31
1,0,2,4,1,1.76053,693
1,0,2,4,2,-0.05957,2311
1,0,2,4,3,1.97105,1623
1,0,2,4,4,1.54935,10528
1,0,3,0,0,-0.39982,11
1,0,3,0,1,-0.03554,3
1,0,3,0,2,-0.24903,18
1,0,3,0,3,-0.02661,19
1,0,3,0,4,-0.27423,18
1,0,3,1,0,-0.60702,905
1,0,3,1,1,-0.09350,848
1,0,3,1,2,-0.16163,1139
1,0,3,1,3,-0.10057,1661
1,0,3,1,4,-0.70679,3027
1,0,3,2,0,-0.08916,3145
1,0,3,2,1,-0.23156,2599
1,0,3,2,2,-0.24314,3742
1,0,3,2,3,-0.00495,5094
1,0,3,2,4,-0.12425,8492
1,0,3,3,0,-0.12315,4142
1,0,3,3,1,-0.03220,3778
1,0,3,3,2,-0.15775,4951
1,0,3,3,3,-0.22011,7138
1,0,3,3,4,-0.10610,11156
1,0,3,4,0,-0.12614,1321
1,0,3,4,1,-0.16200,1232
1,0,3,4,2,-0.24760,1753
1,0,3,4,3,-0.31136,2096
1,0,3,4,4,-0.02951,4641
1,0,4,0,0,-0.05491,12
1,0,4,0,1,0.34418,4
1,0,4,0,2,-0.16729,6
1,0,4,0,3,0.13966,11
1,0,4,0,4,0.09963,9
1,0,4,1,0,-0.62075,884
1,0,4,1,1,-0.43479,1358
1,0,4,1,2,-0.39534,3077
1,0,4,1,3,-0.50674,2979
1,0,4,1,4,-0.76114,1047
1,0,4,2,0,-0.02740,2470
1,0,4,2,1,-0.44949,5151
1,0,4,2,2,-0.02219,7544
1,0,4,2,3,-0.04098,10002
1,0,4,2,4,-0.02252,2493
1,0,4,3,0,-0.30987,3307
1,0,4,3,1,-0.49580,7175
1,0,4,3,2,-0.00063,9119
1,0,4,3,3,-0.00093,12715
1,0,4,3,4,-0.22870,2735
1,0,4,4,0,-0.21456,1249
1,0,4,4,1,-0.45539,1761
1,0,4,4,2,-0.42604,4165
1,0,4,4,3,-0.08626,5167
1,0,4,4,4,-0.88081,1390
1,1,0,0,0,0.09325,10
1,1,0,0,1,0.11931,123
1,1,0,0,2,0.05891,6
1,1,0,0,3,0.06993,64
1,1,0,0,4,0.08658,11
1,1,0,1,0,0.06557,156
1,1,0,1,1,0.23502,1663
1,1,0,1,2,0.00096,1182
1,1,0,1,3,0.06556,111
1,1,0,1,4,0.11215,9083
1,1,0,2,0,0.00004,1532
1,1,0,2,1,0.00057,16160
1,1,0,2,2,0.00007,6290
1,1,0,2,3,0.00320,516
1,1,0,2,4,0.00870,21351
1,1,0,3,0,0.00080,1653
1,1,0,3,1,2.00060,19562
1,1,0,3,2,0.00695,7787
1,1,0,3,3,0.00001,579
1,1,0,3,4,2.28146,21929
1,1,0,4,0,1.26114,357
1,1,0,4,1,3.47277,3734
1,1,0,4,2,0.94585,1033
1,1,0,4,3,-0.00235,30
1,1,0,4,4,-0.00008,5189
1,1,1,0,0,-0.68577,26
1,1,1,0,1,-0.00012,156
1,1,1,0,2,-0.15939,113
1,1,1,0,3,-0.73646,136
1,1,1,0,4,-0.76133,307
1,1,1,1,0,-0.04946,2018
1,1,1,1,1,-0.00001,35842
1,1,1,1,2,-0.00435,11607
1,1,1,1,3,0.06169,5846
1,1,1,1,4,0.05707,11662
1,1,1,2,0,0.08062,8253
1,1,1,2,1,-0.00003,263290
1,1,1,2,2,0.03037,52390
1,1,1,2,3,0.00000,25408
1,1,1,2,4,0.00002,28788
1,1,1,3,0,-0.00855,11362
1,1,1,3,1,-0.00102,320722
1,1,1,3,2,-0.02035,62507
1,1,1,3,3,-0.00001,29306
1,1,1,3,4,-0.00068,30131
1,1,1,4,0,-0.05431,3101
1,1,1,4,1,-0.59951,60847
1,1,1,4,2,0.01793,17712
1,1,1,4,3,-0.11065,10396
1,1,1,4,4,0.00882,12094
1,1,2,0,0,-0.28841,37
1,1,2,0,1,-0.15326,81
1,1,2,0,2,-0.45701,96
1,1,2,0,3,-0.01251,133
1,1,2,0,4,-0.32478,13
1,1,2,1,0,-0.00134,218
1,1,2,1,1,-0.00001,13874
1,1,2,1,2,-0.00003,8343
1,1,2,1,3,0.02406,16103
1,1,2,1,4,-0.25046,369
1,1,2,2,0,-0.00751,1059
1,1,2,2,1,-0.00000,90753
1,1,2,2,2,-0.00000,42897
1,1,2,2,3,-0.00035,93900
1,1,2,2,4,-0.00000,1663
1,1,2,3,0,-0.00013,1719
1,1,2,3,1,-0.00000,107433
1,1,2,3,2,-0.09438,54773
1,1,2,3,3,-0.25781,113084
1,1,2,3,4,-0.00000,2011
1,1,2,4,0,-0.01014,708
1,1,2,4,1,-0.00001,24816
1,1,2,4,2,-0.03128,14486
1,1,2,4,3,0.38114,26664
1,1,2,4,4,-0.00020,672
1,1,3,0,0,-0.25205,134
1,1,3,0,1,-0.04627,115
1,1,3,0,2,-0.42458,127
1,1,3,0,3,-0.00097,212
1,1,3,0,4,-0.55434,164
1,1,3,1,0,-0.44534,7486
1,1,3,1,1,-0.00194,14008
1,1,3,1,2,-0.61282,9989
1,1,3,1,3,-0.00001,8568
1,1,3,1,4,-0.47879,4466
1,1,3,2,0,-0.35627,36363
1,1,3,2,1,-0.07677,109009
1,1,3,2,2,-0.34050,45785
1,1,3,2,3,-0.05758,43496
1,1,3,2,4,-0.00128,14387
1,1,3,3,0,-0.01892,44870
1,1,3,3,1,-0.05305,134114
1,1,3,3,2,-0.00203,57129
1,1,3,3,3,-0.28979,50630
1,1,3,3,4,-0.01585,15752
1,1,3,4,0,-0.03628,12770
1,1,3,4,1,-0.08876,24274
1,1,3,4,2,-0.00177,16444
1,1,3,4,3,-0.44155,12774
1,1,3,4,4,-0.00462,5887
1,1,4,0,0,-0.05948,217
1,1,4,0,1,-0.01255,172
1,1,4,0,2,-0.26421,88
1,1,4,0,3,-0.01033,511
1,1,4,0,4,-0.27797,1016
1,1,4,1,0,-0.58627,12475
1,1,4,1,1,-0.21280,22012
1,1,4,1,2,-0.41073,8040
1,1,4,1,3,-0.01369,11947
1,1,4,1,4,-0.76752,9594
1,1,4,2,0,-0.00279,62696
1,1,4,2,1,-0.01346,162655
1,1,4,2,2,-0.03668,42909
1,1,4,2,3,-0.01009,63024
1,1,4,2,4,-0.08799,22680
1,1,4,3,0,-0.10160,73502
1,1,4,3,1,-0.17865,195268
1,1,4,3,2,-0.00339,48917
1,1,4,3,3,-0.38399,75683
1,1,4,3,4,-0.00350,22955
1,1,4,4,0,-0.10391,17783
1,1,4,4,1,-0.09850,35211
1,1,4,4,2,-0.18779,13153
1,1,4,4,3,-0.01497,18508
1,1,4,4,4,-0.02681,8187
1,2,0,0,0,-0.02345,188
1,2,0,0,1,-0.39424,8
1,2,0,0,2,0.14711,96
1,2,0,0,3,0.00038,44
1,2,0,0,4,0.00038,72
1,2,0,1,0,0.20919,3795
1,2,0,1,1,-0.02456,249
1,2,0,1,2,0.05590,743
1,2,0,1,3,0.14742,4191
1,2,0,1,4,0.00475,100
1,2,0,2,0,0.02807,17825
1,2,0,2,1,0.02105,1382
1,2,0,2,2,0.00138,8739
1,2,0,2,3,0.02105,15063
1,2,0,2,4,-0.05954,486
1,2,0,3,0,0.09888,23833
1,2,0,3,1,0.07416,1481
1,2,0,3,2,0.03838,12194
1,2,0,3,3,0.07416,18346
1,2,0,3,4,0.31758,208
1,2,0,4,0,4.15699,6873
1,2,0,4,1,3.11763,567
1,2,0,4,2,3.11675,2119
1,2,0,4,3,3.11737,4576
1,2,0,4,4,-0.06089,59
1,2,1,0,0,-0.83487,72
1,2,1,0,1,-0.47645,90
1,2,1,0,2,-0.70631,238
1,2,1,0,3,-0.00609,253
1,2,1,0,4,-0.71673,125
1,2,1,1,0,-0.43756,1483
1,2,1,1,1,-0.00005,4271
1,2,1,1,2,-0.13973,20716
1,2,1,1,3,-0.00149,17740
1,2,1,1,4,-0.18161,3236
1,2,1,2,0,-0.00004,5029
1,2,1,2,1,-0.00000,18230
1,2,1,2,2,0.00000,138349
1,2,1,2,3,-0.11263,75689
1,2,1,2,4,-0.45386,8818
1,2,1,3,0,-0.00000,7334
1,2,1,3,1,-0.00000,19061
1,2,1,3,2,-0.00121,162216
1,2,1,3,3,-0.00000,85177
1,2,1,3,4,-0.27691,9348
1,2,1,4,0,-0.00106,1868
1,2,1,4,1,-0.06380,4633
1,2,1,4,2,-0.00121,34098
1,2,1,4,3,-0.16274,29404
1,2,1,4,4,-0.03245,3908
1,2,2,0,0,-0.33712,21
1,2,2,0,1,-0.06432,37
1,2,2,0,2,-0.00017,197
1,2,2,0,3,-0.27458,44
1,2,2,0,4,-0.35727,17
1,2,2,1,0,-0.00051,142
1,2,2,1,1,-0.00000,646
1,2,2,1,2,-0.00000,18959
1,2,2,1,3,-0.00000,471
1,2,2,1,4,-0.00055,138
1,2,2,2,0,-0.00000,362
1,2,2,2,1,0.00000,2511
1,2,2,2,2,-0.11536,100233
1,2,2,2,3,0.00000,2021
1,2,2,2,4,-0.00027,388
1,2,2,3,0,-0.00000,302
1,2,2,3,1,-0.00000,2993
1,2,2,3,2,-0.00000,121368
1,2,2,3,3,-0.00000,2203
1,2,2,3,4,-0.00003,436
1,2,2,4,0,-0.00073,81
1,2,2,4,1,-0.00000,1084
1,2,2,4,2,-0.00000,29904
1,2,2,4,3,-0.00000,848
1,2,2,4,4,-0.00001,134
1,2,3,0,0,-0.53043,140
1,2,3,0,1,-0.00697,274
1,2,3,0,2,-0.41474,67
1,2,3,0,3,-0.04041,174
1,2,3,0,4,-0.25086,80
1,2,3,1,0,-0.57861,3758
1,2,3,1,1,-0.00428,40368
1,2,3,1,2,-0.56742,1650
1,2,3,1,3,-0.03702,2775
1,2,3,1,4,-0.49081,1306
1,2,3,2,0,-0.09874,13743
1,2,3,2,1,-0.00534,229380
1,2,3,2,2,-0.00217,7128
1,2,3,2,3,-0.00380,10870
1,2,3,2,4,-0.44019,4747
1,2,3,3,0,-0.00224,16568
1,2,3,3,1,-0.00826,273652
1,2,3,3,2,-0.00100,7872
1,2,3,3,3,-0.00006,13011
1,2,3,3,4,-0.24854,5738
1,2,3,4,0,-0.00792,5498
1,2,3,4,1,-0.06254,58637
1,2,3,4,2,-0.01248,2116
1,2,3,4,3,-0.00425,3687
1,2,3,4,4,-0.11873,1772
1,2,4,0,0,-0.38762,445
1,2,4,0,1,-0.48075,571
1,2,4,0,2,-0.38839,121
1,2,4,0,3,-0.01000,163
1,2,4,0,4,-0.17692,460
1,2,4,1,0,-0.58368,14900
1,2,4,1,1,-0.35041,47642
1,2,4,1,2,-0.01569,5421
1,2,4,1,3,-0.27004,6087
1,2,4,1,4,-1.03249,8518
1,2,4,2,0,-0.00120,54332
1,2,4,2,1,-0.00032,257011
1,2,4,2,2,-0.00059,28888
1,2,4,2,3,-0.00041,22348
1,2,4,2,4,-0.07605,21571
1,2,4,3,0,-0.00446,72829
1,2,4,3,1,-0.00045,322687
1,2,4,3,2,-0.00025,36641
1,2,4,3,3,-0.00086,27403
1,2,4,3,4,-0.25877,20100
1,2,4,4,0,-0.29508,23793
1,2,4,4,1,-0.00298,80865
1,2,4,4,2,-0.00056,8883
1,2,4,4,3,-0.00228,9255
1,2,4,4,4,-0.25437,4471
1,3,0,0,0,0.08226,41
1,3,0,0,1,0.11821,3
1,3,0,0,2,0.15009,64
1,3,0,0,3,0.07716,15
1,3,0,0,4,0.09359,0
1,3,0,1,0,0.11802,3732
1,3,0,1,1,0.08553,398
1,3,0,1,2,0.00387,804
1,3,0,1,3,0.08851,266
1,3,0,1,4,0.07410,61
1,3,0,2,0,0.00152,6536
1,3,0,2,1,0.04207,340
1,3,0,2,2,0.08851,3096
1,3,0,2,3,0.00029,376
1,3,0,2,4,0.62407,0
1,3,0,3,0,0.00690,8835
1,3,0,3,1,0.04948,353
1,3,0,3,2,0.00517,4478
1,3,0,3,3,0.00517,338
1,3,0,3,4,0.36618,11
1,3,0,4,0,7.99768,6090
1,3,0,4,1,5.90463,364
1,3,0,4,2,5.99826,1217
1,3,0,4,3,5.99826,100
1,3,0,4,4,0.31451,0
1,3,1,0,0,-0.17561,90
1,3,1,0,1,-0.00506,66
1,3,1,0,2,-0.25661,74
1,3,1,0,3,-0.05545,105
1,3,1,0,4,-0.25001,171
1,3,1,1,0,-0.05099,2444
1,3,1,1,1,0.00220,2762
1,3,1,1,2,0.00241,1872
1,3,1,1,3,-0.00017,1094
1,3,1,1,4,-0.00086,1308
1,3,1,2,0,-0.00068,3210
1,3,1,2,1,0.00084,5174
1,3,1,2,2,-0.00001,4380
1,3,1,2,3,-0.00009,1204
1,3,1,2,4,0.00135,1393
1,3,1,3,0,-0.00263,4431
1,3,1,3,1,-0.00023,7090
1,3,1,3,2,-0.00097,4700
1,3,1,3,3,-0.00002,1886
1,3,1,3,4,-0.00387,766
1,3,1,4,0,-0.01152,3190
1,3,1,4,1,0.06924,3964
1,3,1,4,2,0.07325,2053
1,3,1,4,3,0.02885,816
1,3,1,4,4,-0.08703,737
1,3,2,0,0,-0.14253,32
1,3,2,0,1,-0.05112,41
1,3,2,0,2,-0.03997,13
1,3,2,0,3,-0.01652,86
1,3,2,0,4,-0.46875,139
1,3,2,1,0,-0.00467,1368
1,3,2,1,1,-0.00248,4535
1,3,2,1,2,0.01656,171
1,3,2,1,3,-0.14729,2862
1,3,2,1,4,-0.05138,1409
1,3,2,2,0,0.00021,1723
1,3,2,2,1,-0.00000,9653
1,3,2,2,2,-0.00000,216
1,3,2,2,3,-0.25120,5986
1,3,2,2,4,-0.33496,1595
1,3,2,3,0,-0.00568,2503
1,3,2,3,1,-0.00000,13105
1,3,2,3,2,0.00000,322
1,3,2,3,3,-0.00091,6959
1,3,2,3,4,-0.00003,1713
1,3,2,4,0,-0.18579,2104
1,3,2,4,1,0.00000,7354
1,3,2,4,2,-0.13581,130
1,3,2,4,3,-0.02218,4808
1,3,2,4,4,-0.00847,848
1,3,3,0,0,-0.08511,124
1,3,3,0,1,-0.03607,206
1,3,3,0,2,-0.19757,51
1,3,3,0,3,-0.20679,100
1,3,3,0,4,-0.31615,17
1,3,3,1,0,-0.09216,3912
1,3,3,1,1,-0.24611,21087
1,3,3,1,2,-0.51327,2100
1,3,3,1,3,-0.52917,2295
1,3,3,1,4,-0.67035,1053
1,3,3,2,0,-0.04205,4949
1,3,3,2,1,-0.00001,50776
1,3,3,2,2,-0.01226,4622
1,3,3,2,3,-0.03027,4928
1,3,3,2,4,-0.19584,1073
1,3,3,3,0,-0.00129,6037
1,3,3,3,1,-0.00008,69204
1,3,3,3,2,-0.00227,5261
1,3,3,3,3,-0.00000,6584
1,3,3,3,4,-0.00930,1917
1,3,3,4,0,-0.00076,4969
1,3,3,4,1,-0.00582,34652
1,3,3,4,2,-0.00357,2295
1,3,3,4,3,-0.18458,3407
1,3,3,4,4,-0.02934,1405
1,3,4,0,0,-0.02354,134
1,3,4,0,1,-0.01070,261
1,3,4,0,2,-0.17249,211
1,3,4,0,3,-0.02690,170
1,3,4,0,4,-0.25006,332
1,3,4,1,0,-0.73238,5229
1,3,4,1,1,-0.13738,21955
1,3,4,1,2,-0.90139,6131
1,3,4,1,3,-0.63422,4161
1,3,4,1,4,-0.73063,1330
1,3,4,2,0,-0.00947,6793
1,3,4,2,1,-0.00040,44520
1,3,4,2,2,-0.04270,15935
1,3,4,2,3,-0.03516,6233
1,3,4,2,4,-0.01033,1525
1,3,4,3,0,-0.00120,8119
1,3,4,3,1,-0.00024,56599
1,3,4,3,2,-0.00319,22363
1,3,4,3,3,-0.02308,9456
1,3,4,3,4,-0.09884,1743
1,3,4,4,0,-0.01008,7400
1,3,4,4,1,-0.00427,36555
1,3,4,4,2,-0.29636,10394
1,3,4,4,3,-0.00796,6133
1,3,4,4,4,-0.00236,613
1,4,0,0,0,0.75057,0
1,4,0,0,1,0.67259,0
1,4,0,0,2,0.50358,0
1,4,0,0,3,0.82152,0
1,4,0,0,4,0.82311,0
1,4,0,1,0,0.46558,3
1,4,0,1,1,0.47246,3
1,4,0,1,2,0.58709,0
1,4,0,1,3,0.96168,0
1,4,0,1,4,2.34918,871
1,4,0,2,0,0.07078,0
1,4,0,2,1,0.08418,3
1,4,0,2,2,0.90547,0
1,4,0,2,3,0.96907,0
1,4,0,2,4,-0.31324,552
1,4,0,3,0,0.84663,0
1,4,0,3,1,0.89932,0
1,4,0,3,2,0.37920,0
1,4,0,3,3,0.63222,7
1,4,0,3,4,0.08767,612
1,4,0,4,0,0.19705,4
1,4,0,4,1,0.32289,1
1,4,0,4,2,0.14781,0
1,4,0,4,3,0.91859,0
1,4,0,4,4,5.63261,493
1,4,1,0,0,-0.00016,17
1,4,1,0,1,0.01842,9
1,4,1,0,2,0.01116,7
1,4,1,0,3,0.01925,7
1,4,1,0,4,0.01411,15
1,4,1,1,0,0.04462,441
1,4,1,1,1,-0.00405,39
1,4,1,1,2,0.04681,4
1,4,1,1,3,-0.00116,706
1,4,1,1,4,-0.00194,16
1,4,1,2,0,-0.00172,340
1,4,1,2,1,0.46055,1
1,4,1,2,2,0.33205,0
1,4,1,2,3,0.19925,279
1,4,1,2,4,0.57518,0
1,4,1,3,0,0.09894,597
1,4,1,3,1,0.04442,1
1,4,1,3,2,0.00661,12
1,4,1,3,3,0.02013,571
1,4,1,3,4,0.10665,28
1,4,1,4,0,0.00099,588
1,4,1,4,1,0.10554,4
1,4,1,4,2,0.76025,0
1,4,1,4,3,0.06300,930
1,4,1,4,4,0.46241,0
1,4,2,0,0,0.02742,4
1,4,2,0,1,-0.13403,14
1,4,2,0,2,0.02000,5
1,4,2,0,3,0.13639,12
1,4,2,0,4,0.13500,5
1,4,2,1,0,0.08284,451
1,4,2,1,1,0.06474,50
1,4,2,1,2,0.00672,72
1,4,2,1,3,-0.20144,707
1,4,2,1,4,0.16074,11
1,4,2,2,0,0.00001,265
1,4,2,2,1,0.00055,40
1,4,2,2,2,0.01066,38
1,4,2,2,3,-0.00775,451
1,4,2,2,4,0.22965,6
1,4,2,3,0,0.06880,444
1,4,2,3,1,0.19237,21
1,4,2,3,2,0.01500,56
1,4,2,3,3,-0.00009,841
1,4,2,3,4,0.17146,3
1,4,2,4,0,0.07878,711
1,4,2,4,1,0.01085,51
1,4,2,4,2,0.00007,78
1,4,2,4,3,0.17841,1348
1,4,2,4,4,0.02430,5
1,4,3,0,0,-0.44921,22
1,4,3,0,1,-0.27360,8
1,4,3,0,2,-0.21364,13
1,4,3,0,3,-0.20514,19
1,4,3,0,4,-0.23516,9
1,4,3,1,0,-0.31572,215
1,4,3,1,1,-0.33065,419
1,4,3,1,2,-0.10242,182
1,4,3,1,3,-0.10914,628
1,4,3,1,4,-0.69062,436
1,4,3,2,0,0.02162,98
1,4,3,2,1,-0.02707,311
1,4,3,2,2,-0.01239,89
1,4,3,2,3,-0.00076,555
1,4,3,2,4,-0.12656,271
1,4,3,3,0,-0.03601,182
1,4,3,3,1,-0.22205,421
1,4,3,3,2,-0.16649,102
1,4,3,3,3,-0.11495,955
1,4,3,3,4,-0.00029,280
1,4,3,4,0,-0.00493,271
1,4,3,4,1,-0.00060,730
1,4,3,4,2,-0.00209,156
1,4,3,4,3,-0.27112,1537
1,4,3,4,4,0.29895,303
1,4,4,0,0,-0.32589,44
1,4,4,0,1,-0.13702,60
1,4,4,0,2,-0.16758,5
1,4,4,0,3,0.07382,87
1,4,4,0,4,0.29377,108
1,4,4,1,0,-0.61536,443
1,4,4,1,1,-0.38324,967
1,4,4,1,2,-0.60191,44
1,4,4,1,3,-0.20884,397
1,4,4,1,4,-0.80255,28
1,4,4,2,0,-0.02093,89
1,4,4,2,1,-0.00090,743
1,4,4,2,2,-0.09712,18
1,4,4,2,3,-0.00063,151
1,4,4,2,4,-0.12110,110
1,4,4,3,0,-0.00393,182
1,4,4,3,1,-0.00307,904
1,4,4,3,2,0.03050,14
1,4,4,3,3,-0.31791,221
1,4,4,3,4,-0.19332,197
1,4,4,4,0,-0.00992,398
1,4,4,4,1,-0.00491,1398
1,4,4,4,2,-0.34768,20
1,4,4,4,3,-0.00090,491
1,4,4,4,4,-0.51841,28
2,0,0,0,0,0.33122,0
2,0,0,0,1,0.31254,0
2,0,0,0,2,0.70733,0
2,0,0,0,3,0.35461,0
2,0,0,0,4,0.26807,0
2,0,0,1,0,0.49121,3
2,0,0,1,1,5.20526,60
2,0,0,1,2,0.39113,374
2,0,0,1,3,2.54992,56
2,0,0,1,4,0.47032,0
2,0,0,2,0,7.99790,61
2,0,0,2,1,7.99843,171
2,0,0,2,2,7.99843,2667
2,0,0,2,3,5.99843,113
2,0,0,2,4,0.36101,0
2,0,0,3,0,0.15641,6
2,0,0,3,1,2.59657,179
2,0,0,3,2,0.27542,3312
2,0,0,3,3,2.11731,474
2,0,0,3,4,0.65618,0
2,0,0,4,0,1.63811,55
2,0,0,4,1,7.99397,42
2,0,0,4,2,0.62971,945
2,0,0,4,3,3.22858,122
2,0,0,4,4,0.68116,0
2,0,1,0,0,0.10528,74
2,0,1,0,1,0.14037,3
2,0,1,0,2,0.06028,0
2,0,1,0,3,0.16169,10
2,0,1,0,4,0.10123,9
2,0,1,1,0,0.16726,730
2,0,1,1,1,7.99962,11046
2,0,1,1,2,0.40918,4399
2,0,1,1,3,0.04651,36845
2,0,1,1,4,0.00013,165
2,0,1,2,0,0.01406,3797
2,0,1,2,1,8.00000,36438
2,0,1,2,2,4.82265,13344
2,0,1,2,3,5.99925,125717
2,0,1,2,4,0.00001,692
2,0,1,3,0,0.02222,4313
2,0,1,3,1,7.99735,51661
2,0,1,3,2,4.05620,17662
2,0,1,3,3,0.10951,169767
2,0,1,3,4,2.35530,656
2,0,1,4,0,0.14608,1212
2,0,1,4,1,0.00087,18622
2,0,1,4,2,4.01953,5357
2,0,1,4,3,0.97942,58172
2,0,1,4,4,0.00011,263
2,0,2,0,0,0.03958,5
2,0,2,0,1,0.03005,5
2,0,2,0,2,0.06326,4
2,0,2,0,3,3.05278,5
2,0,2,0,4,0.08943,7
2,0,2,1,0,0.10584,829
2,0,2,1,1,-0.02959,1707
2,0,2,1,2,0.04305,2335
2,0,2,1,3,-0.01113,3632
2,0,2,1,4,0.00000,2350
2,0,2,2,0,0.07142,2635
2,0,2,2,1,1.52371,5752
2,0,2,2,2,0.09102,7974
2,0,2,2,3,1.01485,13854
2,0,2,2,4,0.00133,6632
2,0,2,3,0,0.13344,3411
2,0,2,3,1,0.07023,7479
2,0,2,3,2,0.10047,9724
2,0,2,3,3,-0.04340,19378
2,0,2,3,4,-0.00063,9392
2,0,2,4,0,0.02536,1209
2,0,2,4,1,0.00905,3215
2,0,2,4,2,0.05001,3726
2,0,2,4,3,0.01940,5839
2,0,2,4,4,-0.02153,3304
2,0,3,0,0,0.07770,2
2,0,3,0,1,-0.09569,4
2,0,3,0,2,-0.00385,21
2,0,3,0,3,0.16926,10
2,0,3,0,4,0.07964,23
2,0,3,1,0,-0.17429,2023
2,0,3,1,1,-0.25030,634
2,0,3,1,2,-0.05829,3213
2,0,3,1,3,-0.18198,1720
2,0,3,1,4,-0.26493,287
2,0,3,2,0,-0.00022,7219
2,0,3,2,1,0.00000,2464
2,0,3,2,2,-0.01982,8863
2,0,3,2,3,0.00662,6387
2,0,3,2,4,-0.02610,700
2,0,3,3,0,-0.00105,9478
2,0,3,3,1,-0.00139,3118
2,0,3,3,2,-0.02169,11546
2,0,3,3,3,-0.04235,8547
2,0,3,3,4,-0.07014,950
2,0,3,4,0,-0.03230,3475
2,0,3,4,1,0.03992,1070
2,0,3,4,2,-0.14971,4906
2,0,3,4,3,0.01750,2946
2,0,3,4,4,-0.33211,430
2,0,4,0,0,0.64720,0
2,0,4,0,1,-0.00045,12
2,0,4,0,2,0.62499,19
2,0,4,0,3,-0.24296,6
2,0,4,0,4,0.00959,30
2,0,4,1,0,-0.51855,720
2,0,4,1,1,-0.08005,2121
2,0,4,1,2,-0.20083,9645
2,0,4,1,3,-0.00083,3548
2,0,4,1,4,-0.55979,2848
2,0,4,2,0,-0.00590,2405
2,0,4,2,1,-0.00061,9256
2,0,4,2,2,-0.00067,24227
2,0,4,2,3,-0.00023,11418
2,0,4,2,4,-0.04009,5352
2,0,4,3,0,-0.00024,3389
2,0,4,3,1,-0.25007,11545
2,0,4,3,2,-0.00010,31061
2,0,4,3,3,-0.04692,14708
2,0,4,3,4,-0.00072,6505
2,0,4,4,0,-0.12965,1008
2,0,4,4,1,-0.00121,3043
2,0,4,4,2,0.00883,14824
2,0,4,4,3,-0.17130,6533
2,0,4,4,4,-0.00002,3349
2,1,0,0,0,0.17253,2
2,1,0,0,1,0.48858,4
2,1,0,0,2,0.60298,0
2,1,0,0,3,0.31076,0
2,1,0,0,4,0.42036,7
2,1,0,1,0,0.44297,799
2,1,0,1,1,0.33223,612
2,1,0,1,2,2.33223,4492
2,1,0,1,3,0.13068,23
2,1,0,1,4,0.63847,12
2,1,0,2,0,0.14311,4321
2,1,0,2,1,0.10733,4708
2,1,0,2,2,0.01788,40675
2,1,0,2,3,0.00010,285
2,1,0,2,4,0.00213,40
2,1,0,3,0,0.01639,5858
2,1,0,3,1,0.01229,5859
2,1,0,3,2,2.10733,46955
2,1,0,3,3,0.01776,412
2,1,0,3,4,0.00703,168
2,1,0,4,0,0.02028,1151
2,1,0,4,1,0.04142,1526
2,1,0,4,2,0.01450,9212
2,1,0,4,3,0.42855,154
2,1,0,4,4,0.13713,13
2,1,1,0,0,-0.23071,114
2,1,1,0,1,-0.00003,242
2,1,1,0,2,-0.17316,203
2,1,1,0,3,-0.11406,113
2,1,1,0,4,-0.30761,117
2,1,1,1,0,0.01785,2850
2,1,1,1,1,0.00000,38275
2,1,1,1,2,0.00248,14497
2,1,1,1,3,0.00020,15864
2,1,1,1,4,0.00008,3319
2,1,1,2,0,0.13453,14493
2,1,1,2,1,0.00000,286705
2,1,1,2,2,2.55619,73029
2,1,1,2,3,-0.00074,68948
2,1,1,2,4,0.00000,11311
2,1,1,3,0,-0.02429,17395
2,1,1,3,1,-0.00000,340474
2,1,1,3,2,0.13624,90913
2,1,1,3,3,0.06872,84544
2,1,1,3,4,0.00000,11826
2,1,1,4,0,0.00143,4706
2,1,1,4,1,-0.01080,65462
2,1,1,4,2,0.30080,23784
2,1,1,4,3,-0.04720,22665
2,1,1,4,4,0.00003,4108
2,1,2,0,0,-0.13098,85
2,1,2,0,1,-0.00008,250
2,1,2,0,2,-0.06420,255
2,1,2,0,3,-0.10535,159
2,1,2,0,4,-0.17398,67
2,1,2,1,0,-0.00000,4903
2,1,2,1,1,-0.00147,28648
2,1,2,1,2,0.00294,17364
2,1,2,1,3,-0.00022,10563
2,1,2,1,4,-0.12246,3900
2,1,2,2,0,-0.00006,22974
2,1,2,2,1,0.00006,215282
2,1,2,2,2,-0.01418,82486
2,1,2,2,3,-0.00000,47941
2,1,2,2,4,-0.00008,12223
2,1,2,3,0,0.00004,28481
2,1,2,3,1,0.00209,258002
2,1,2,3,2,0.00000,106079
2,1,2,3,3,-0.00362,57896
2,1,2,3,4,0.74097,15579
2,1,2,4,0,-0.00140,7894
2,1,2,4,1,-0.00000,49226
2,1,2,4,2,-0.00003,28604
2,1,2,4,3,-0.00005,18234
2,1,2,4,4,-0.00000,4760
2,1,3,0,0,-0.12785,74
2,1,3,0,1,-0.00002,112
2,1,3,0,2,-0.13099,156
2,1,3,0,3,-0.00271,372
2,1,3,0,4,-0.17584,88
2,1,3,1,0,-0.18192,3267
2,1,3,1,1,-0.00042,18951
2,1,3,1,2,-0.23810,12045
2,1,3,1,3,-0.00059,14158
2,1,3,1,4,-0.23809,2355
2,1,3,2,0,-0.00060,14575
2,1,3,2,1,0.01355,164681
2,1,3,2,2,-0.00024,64357
2,1,3,2,3,-0.00805,63607
2,1,3,2,4,-0.00013,6101
2,1,3,3,0,-0.00000,17528
2,1,3,3,1,-0.00003,194646
2,1,3,3,2,-0.00189,76352
2,1,3,3,3,-0.00001,78279
2,1,3,3,4,-0.00037,6683
2,1,3,4,0,-0.00214,5460
2,1,3,4,1,-0.00241,33495
2,1,3,4,2,-0.00011,20382
2,1,3,4,3,-0.00001,21481
2,1,3,4,4,-0.00003,2251
2,1,4,0,0,-0.13361,228
2,1,4,0,1,-0.00076,115
2,1,4,0,2,-0.10371,302
2,1,4,0,3,-0.01070,557
2,1,4,0,4,-0.32962,698
2,1,4,1,0,-0.37073,8034
2,1,4,1,1,-0.09248,32117
2,1,4,1,2,-0.10812,16961
2,1,4,1,3,-0.09842,23972
2,1,4,1,4,-0.51916,7283
2,1,4,2,0,-0.02147,42087
2,1,4,2,1,-0.00000,236676
2,1,4,2,2,-0.00002,94600
2,1,4,2,3,-0.00091,129490
2,1,4,2,4,-0.35541,19696
2,1,4,3,0,-0.00230,50044
2,1,4,3,1,-0.00003,289582
2,1,4,3,2,-0.00700,112412
2,1,4,3,3,-0.00086,155589
2,1,4,3,4,-0.00001,20192
2,1,4,4,0,-0.00001,12603
2,1,4,4,1,-0.00054,56135
2,1,4,4,2,-0.00156,26922
2,1,4,4,3,-0.00001,39202
2,1,4,4,4,-0.01592,5853
2,2,0,0,0,0.02677,81
2,2,0,0,1,0.03313,14
2,2,0,0,2,0.03282,72
2,2,0,0,3,0.02609,21
2,2,0,0,4,0.03186,17
2,2,0,1,0,0.02685,12
2,2,0,1,1,0.00146,1358
2,2,0,1,2,0.02224,26
2,2,0,1,3,0.02014,2684
2,2,0,1,4,0.02973,2295
2,2,0,2,0,0.00175,190
2,2,0,2,1,0.37490,8735
2,2,0,2,2,0.00131,138
2,2,0,2,3,0.00131,7995
2,2,0,2,4,0.02477,8099
2,2,0,3,0,0.00052,119
2,2,0,3,1,2.00039,11388
2,2,0,3,2,0.00039,122
2,2,0,3,3,0.00039,12299
2,2,0,3,4,0.00169,5522
2,2,0,4,0,0.11546,15
2,2,0,4,1,0.01967,2357
2,2,0,4,2,0.08677,20
2,2,0,4,3,0.01103,2295
2,2,0,4,4,0.01872,1348
2,2,1,0,0,-0.17583,273
2,2,1,0,1,-0.00135,125
2,2,1,0,2,-0.19039,185
2,2,1,0,3,-0.17569,66
2,2,1,0,4,-0.23446,191
2,2,1,1,0,-0.00001,12014
2,2,1,1,1,0.00074,23055
2,2,1,1,2,0.00001,10185
2,2,1,1,3,-0.00291,2006
2,2,1,1,4,-0.00388,4638
2,2,1,2,0,0.00000,44065
2,2,1,2,1,-0.00000,168999
2,2,1,2,2,0.00022,66173
2,2,1,2,3,0.00113,9973
2,2,1,2,4,0.00000,12383
2,2,1,3,0,-0.00090,56897
2,2,1,3,1,0.00000,209681
2,2,1,3,2,0.00001,79576
2,2,1,3,3,-0.00008,10349
2,2,1,3,4,0.00001,13219
2,2,1,4,0,0.00002,17654
2,2,1,4,1,-0.00022,34625
2,2,1,4,2,0.00000,18852
2,2,1,4,3,0.00028,3182
2,2,1,4,4,0.00033,4610
2,2,2,0,0,-0.04681,65
2,2,2,0,1,-0.00001,849
2,2,2,0,2,-0.23456,122
2,2,2,0,3,-0.25197,65
2,2,2,0,4,-0.20097,88
2,2,2,1,0,-0.02373,2298
2,2,2,1,1,-0.02355,43395
2,2,2,1,2,0.00144,6249
2,2,2,1,3,0.00061,2636
2,2,2,1,4,-0.00096,946
2,2,2,2,0,-0.00001,10040
2,2,2,2,1,0.00002,292607
2,2,2,2,2,0.00004,30573
2,2,2,2,3,0.02672,10105
2,2,2,2,4,-0.00002,1976
2,2,2,3,0,-0.00000,13364
2,2,2,3,1,0.00000,361221
2,2,2,3,2,-0.00009,34263
2,2,2,3,3,-0.03028,11435
2,2,2,3,4,-0.00000,2057
2,2,2,4,0,-0.00002,3405
2,2,2,4,1,-0.00007,72230
2,2,2,4,2,-0.00012,8132
2,2,2,4,3,-0.00004,3729
2,2,2,4,4,-0.00000,802
2,2,3,0,0,-0.20002,95
2,2,3,0,1,-0.00041,198
2,2,3,0,2,-0.04441,132
2,2,3,0,3,-0.00643,301
2,2,3,0,4,-0.19808,337
2,2,3,1,0,-0.35778,1687
2,2,3,1,1,-0.00002,30845
2,2,3,1,2,-0.28331,2718
2,2,3,1,3,-0.00187,6553
2,2,3,1,4,-0.42245,4689
2,2,3,2,0,-0.03117,6229
2,2,3,2,1,0.05165,204434
2,2,3,2,2,-0.00035,15009
2,2,3,2,3,-0.01596,33701
2,2,3,2,4,-0.00004,12640
2,2,3,3,0,-0.00001,7686
2,2,3,3,1,-0.00001,242533
2,2,3,3,2,-0.00007,18232
2,2,3,3,3,-0.00021,37717
2,2,3,3,4,-0.00053,13709
2,2,3,4,0,-0.00000,2214
2,2,3,4,1,-0.00000,47733
2,2,3,4,2,-0.00001,4225
2,2,3,4,3,-0.00064,10026
2,2,3,4,4,-0.00131,4722
2,2,4,0,0,-0.04521,358
2,2,4,0,1,-0.00010,681
2,2,4,0,2,-0.05664,252
2,2,4,0,3,-0.35916,385
2,2,4,0,4,-0.16334,389
2,2,4,1,0,-0.37417,12778
2,2,4,1,1,-0.13141,61103
2,2,4,1,2,-0.00580,13296
2,2,4,1,3,-0.26210,16501
2,2,4,1,4,-0.38995,10117
2,2,4,2,0,-0.00617,41341
2,2,4,2,1,-0.00001,300443
2,2,4,2,2,-0.00000,80738
2,2,4,2,3,-0.00001,59748
2,2,4,2,4,-0.02570,23994
2,2,4,3,0,-0.00016,56644
2,2,4,3,1,-0.00009,378350
2,2,4,3,2,-0.00001,100270
2,2,4,3,3,-0.00010,75559
2,2,4,3,4,-0.00021,24139
2,2,4,4,0,-0.00003,21505
2,2,4,4,1,-0.00059,95823
2,2,4,4,2,-0.00009,22968
2,2,4,4,3,-0.00001,25443
2,2,4,4,4,-0.00293,5103
2,3,0,0,0,0.06977,8
2,3,0,0,1,0.02127,0
2,3,0,0,2,0.41524,7
2,3,0,0,3,0.47618,0
2,3,0,0,4,0.04457,0
2,3,0,1,0,0.00731,24
2,3,0,1,1,0.00560,90
2,3,0,1,2,0.07720,484
2,3,0,1,3,0.00548,1702
2,3,0,1,4,0.00859,7
2,3,0,2,0,0.56984,4
2,3,0,2,1,0.42738,28
2,3,0,2,2,0.42582,586
2,3,0,2,3,0.21426,3136
2,3,0,2,4,0.43206,11
2,3,0,3,0,0.00005,84
2,3,0,3,1,0.25004,82
2,3,0,3,2,0.00004,646
2,3,0,3,3,0.38717,4548
2,3,0,3,4,0.02189,9
2,3,0,4,0,0.55042,4
2,3,0,4,1,0.12738,114
2,3,0,4,2,0.02572,323
2,3,0,4,3,3.20554,2082
2,3,0,4,4,0.62372,2
2,3,1,0,0,-0.00385,54
2,3,1,0,1,-0.00034,63
2,3,1,0,2,-0.00002,92
2,3,1,0,3,-0.00266,157
2,3,1,0,4,-0.00032,47
2,3,1,1,0,0.00000,1143
2,3,1,1,1,-0.00000,1325
2,3,1,1,2,0.00000,12198
2,3,1,1,3,-0.00000,1853
2,3,1,1,4,0.00054,759
2,3,1,2,0,0.00000,1290
2,3,1,2,1,0.00000,2897
2,3,1,2,2,0.00000,37429
2,3,1,2,3,0.00000,2322
2,3,1,2,4,0.00000,867
2,3,1,3,0,0.00000,1340
2,3,1,3,1,0.00000,2671
2,3,1,3,2,-0.04138,52370
2,3,1,3,3,0.00000,2598
2,3,1,3,4,0.00022,1306
2,3,1,4,0,-0.00017,961
2,3,1,4,1,0.00000,1453
2,3,1,4,2,-0.00000,18705
2,3,1,4,3,0.00000,2242
2,3,1,4,4,-0.00077,525
2,3,2,0,0,-0.00518,44
2,3,2,0,1,-0.00016,148
2,3,2,0,2,-0.00499,247
2,3,2,0,3,-0.02087,198
2,3,2,0,4,-0.00481,75
2,3,2,1,0,0.00416,187
2,3,2,1,1,-0.05125,8092
2,3,2,1,2,0.00000,10831
2,3,2,1,3,0.00007,4121
2,3,2,1,4,0.00032,1028
2,3,2,2,0,-0.00008,208
2,3,2,2,1,-0.00027,21438
2,3,2,2,2,0.00000,27988
2,3,2,2,3,-0.00002,7642
2,3,2,2,4,0.00003,1247
2,3,2,3,0,-0.00098,295
2,3,2,3,1,0.00000,26838
2,3,2,3,2,0.00000,36291
2,3,2,3,3,-0.00000,11204
2,3,2,3,4,-0.00000,820
2,3,2,4,0,-0.00006,194
2,3,2,4,1,0.00000,14022
2,3,2,4,2,-0.00001,14194
2,3,2,4,3,0.00005,6041
2,3,2,4,4,-0.00000,595
2,3,3,0,0,-0.20950,37
2,3,3,0,1,-0.00093,129
2,3,3,0,2,-0.11660,56
2,3,3,0,3,-0.00177,217
2,3,3,0,4,-0.13180,285
2,3,3,1,0,-0.26326,974
2,3,3,1,1,-0.00289,11144
2,3,3,1,2,-0.21838,719
2,3,3,1,3,-0.04871,4626
2,3,3,1,4,-0.15872,4583
2,3,3,2,0,-0.00037,1510
2,3,3,2,1,-0.00000,27679
2,3,3,2,2,-0.00012,969
2,3,3,2,3,-0.00672,9745
2,3,3,2,4,-0.00068,6424
2,3,3,3,0,-0.00199,1869
2,3,3,3,1,-0.00000,33753
2,3,3,3,2,-0.00024,1161
2,3,3,3,3,-0.00001,13090
2,3,3,3,4,0.00000,7810
2,3,3,4,0,-0.00045,1304
2,3,3,4,1,-0.00020,15696
2,3,3,4,2,-0.00013,472
2,3,3,4,3,-0.00485,7134
2,3,3,4,4,0.00001,3987
2,3,4,0,0,-0.13317,75
2,3,4,0,1,-0.02321,426
2,3,4,0,2,-0.08664,232
2,3,4,0,3,-0.01741,670
2,3,4,0,4,-0.03722,628
2,3,4,1,0,-0.36618,3961
2,3,4,1,1,-0.04776,34279
2,3,4,1,2,-0.09458,8221
2,3,4,1,3,-0.09350,11287
2,3,4,1,4,-0.57559,4711
2,3,4,2,0,-0.00216,5874
2,3,4,2,1,-0.00016,60383
2,3,4,2,2,-0.00010,20330
2,3,4,2,3,-0.03956,14682
2,3,4,2,4,-0.24591,5814
2,3,4,3,0,-0.00080,6278
2,3,4,3,1,-0.00006,77694
2,3,4,3,2,-0.00005,26001
2,3,4,3,3,-0.00004,21031
2,3,4,3,4,-0.00001,8771
2,3,4,4,0,-0.00021,4658
2,3,4,4,1,-0.00009,54213
2,3,4,4,2,-0.00149,12320
2,3,4,4,3,-0.00570,14276
2,3,4,4,4,-0.00007,4277
2,4,0,0,0,0.36334,4
2,4,0,0,1,0.54459,0
2,4,0,0,2,0.68358,0
2,4,0,0,3,0.27162,0
2,4,0,0,4,0.62628,0
2,4,0,1,0,0.45511,79
2,4,0,1,1,0.61158,0
2,4,0,1,2,0.05945,3
2,4,0,1,3,0.93874,0
2,4,0,1,4,0.00104,0
2,4,0,2,0,0.23190,0
2,4,0,2,1,0.00264,0
2,4,0,2,2,0.30067,12
2,4,0,2,3,0.23892,0
2,4,0,2,4,0.38136,0
2,4,0,3,0,0.91601,0
2,4,0,3,1,0.22232,0
2,4,0,3,2,0.74896,0
2,4,0,3,3,0.95505,0
2,4,0,3,4,0.69319,0
2,4,0,4,0,0.01000,7
2,4,0,4,1,0.48975,0
2,4,0,4,2,0.64553,0
2,4,0,4,3,0.06054,0
2,4,0,4,4,0.88587,0
2,4,1,0,0,0.18301,4
2,4,1,0,1,0.20281,5
2,4,1,0,2,0.20534,5
2,4,1,0,3,0.01444,18
2,4,1,0,4,0.21373,1
2,4,1,1,0,0.01542,7
2,4,1,1,1,0.01164,10
2,4,1,1,2,0.74983,0
2,4,1,1,3,0.17231,967
2,4,1,1,4,0.00111,379
2,4,1,2,0,-0.01498,9
2,4,1,2,1,0.25674,9
2,4,1,2,2,0.78677,0
2,4,1,2,3,0.19256,796
2,4,1,2,4,0.19256,557
2,4,1,3,0,0.68958,0
2,4,1,3,1,0.29210,0
2,4,1,3,2,0.37222,0
2,4,1,3,3,0.21472,662
2,4,1,3,4,0.12620,267
2,4,1,4,0,0.08803,6
2,4,1,4,1,0.14199,4
2,4,1,4,2,0.05667,0
2,4,1,4,3,0.10649,401
2,4,1,4,4,0.10649,872
2,4,2,0,0,0.00495,11
2,4,2,0,1,0.00082,10
2,4,2,0,2,0.00057,14
2,4,2,0,3,0.00987,39
2,4,2,0,4,0.00216,24
2,4,2,1,0,0.00054,34
2,4,2,1,1,-0.07809,176
2,4,2,1,2,0.06418,3
2,4,2,1,3,0.03579,636
2,4,2,1,4,0.03243,14
2,4,2,2,0,0.77371,0
2,4,2,2,1,0.00000,111
2,4,2,2,2,0.51798,4
2,4,2,2,3,0.00038,508
2,4,2,2,4,0.56451,0
2,4,2,3,0,0.00099,31
2,4,2,3,1,0.00000,102
2,4,2,3,2,0.60249,0
2,4,2,3,3,0.08244,685
2,4,2,3,4,0.00058,7
2,4,2,4,0,0.02856,60
2,4,2,4,1,0.00009,243
2,4,2,4,2,0.04354,4
2,4,2,4,3,0.00713,1164
2,4,2,4,4,0.01691,3
2,4,3,0,0,-0.10791,13
2,4,3,0,1,-0.11305,45
2,4,3,0,2,-0.00694,13
2,4,3,0,3,-0.05864,16
2,4,3,0,4,-0.17718,103
2,4,3,1,0,-0.12935,359
2,4,3,1,1,-0.00009,234
2,4,3,1,2,-0.00168,510
2,4,3,1,3,-0.21716,50
2,4,3,1,4,-0.12933,143
2,4,3,2,0,-0.01660,272
2,4,3,2,1,-0.00000,137
2,4,3,2,2,0.00072,378
2,4,3,2,3,0.13731,41
2,4,3,2,4,-0.01689,108
2,4,3,3,0,-0.01966,456
2,4,3,3,1,-0.02844,139
2,4,3,3,2,-0.12598,366
2,4,3,3,3,-0.00000,108
2,4,3,3,4,0.00006,34
2,4,3,4,0,-0.00017,240
2,4,3,4,1,-0.00006,179
2,4,3,4,2,-0.00003,604
2,4,3,4,3,-0.00055,144
2,4,3,4,4,-0.00020,480
2,4,4,0,0,0.01145,18
2,4,4,0,1,-0.00333,67
2,4,4,0,2,-0.00033,118
2,4,4,0,3,-0.00250,236
2,4,4,0,4,0.11016,370
2,4,4,1,0,-0.43873,33
2,4,4,1,1,-0.31617,1238
2,4,4,1,2,-0.16072,1011
2,4,4,1,3,-0.23713,779
2,4,4,1,4,-0.38891,308
2,4,4,2,0,0.01232,58
2,4,4,2,1,-0.00027,1045
2,4,4,2,2,-0.00057,607
2,4,4,2,3,-0.00568,264
2,4,4,2,4,-0.01137,145
2,4,4,3,0,-0.00079,102
2,4,4,3,1,-0.00127,1172
2,4,4,3,2,-0.00012,827
2,4,4,3,3,-0.00872,501
2,4,4,3,4,-0.10874,516
2,4,4,4,0,0.00004,36
2,4,4,4,1,-0.01129,2345
2,4,4,4,2,-0.00027,1492
2,4,4,4,3,-0.00876,798
2,4,4,4,4,-0.45735,9
3,0,0,0,0,0.93870,0
3,0,0,0,1,0.36311,0
3,0,0,0,2,0.75975,0
3,0,0,0,3,0.50322,0
3,0,0,0,4,0.60864,0
3,0,0,1,0,0.29236,33
3,0,0,1,1,0.13520,3
3,0,0,1,2,0.99887,0
3,0,0,1,3,0.22793,0
3,0,0,1,4,2.06526,128
3,0,0,2,0,3.83704,632
3,0,0,2,1,2.39998,222
3,0,0,2,2,0.18860,0
3,0,0,2,3,0.46103,0
3,0,0,2,4,0.49826,5
3,0,0,3,0,2.99976,862
3,0,0,3,1,0.06217,286
3,0,0,3,2,0.02674,3
3,0,0,3,3,0.71753,0
3,0,0,3,4,1.96201,65
3,0,0,4,0,1.09183,84
3,0,0,4,1,0.09074,0
3,0,0,4,2,1.49430,4
3,0,0,4,3,0.27629,0
3,0,0,4,4,2.60352,62
3,0,1,0,0,0.25012,0
3,0,1,0,1,4.68673,60
3,0,1,0,2,0.48612,0
3,0,1,0,3,0.61493,61
3,0,1,0,4,0.29686,0
3,0,1,1,0,0.16431,48
3,0,1,1,1,0.00002,13080
3,0,1,1,2,0.09485,759
3,0,1,1,3,1.81585,975
3,0,1,1,4,0.00045,12
3,0,1,2,0,5.24739,280
3,0,1,2,1,0.33484,49099
3,0,1,2,2,0.11429,4159
3,0,1,2,3,0.38449,3403
3,0,1,2,4,1.33946,330
3,0,1,3,0,0.15896,258
3,0,1,3,1,0.15028,63948
3,0,1,3,2,3.58298,4505
3,0,1,3,3,0.46046,4482
3,0,1,3,4,0.00899,81
3,0,1,4,0,0.06002,116
3,0,1,4,1,0.06965,19213
3,0,1,4,2,4.54219,1142
3,0,1,4,3,3.12013,1659
3,0,1,4,4,8.00000,84
3,0,2,0,0,0.17700,1
3,0,2,0,1,0.28100,10
3,0,2,0,2,0.27862,3
3,0,2,0,3,0.21484,6
3,0,2,0,4,0.24048,5
3,0,2,1,0,0.07446,956
3,0,2,1,1,-0.00022,4436
3,0,2,1,2,-0.00437,986
3,0,2,1,3,-0.00460,439
3,0,2,1,4,0.00000,2131
3,0,2,2,0,0.00001,3359
3,0,2,2,1,1.14697,16963
3,0,2,2,2,0.09061,4069
3,0,2,2,3,0.00139,1092
3,0,2,2,4,0.00000,6903
3,0,2,3,0,3.01801,3746
3,0,2,3,1,0.00052,21185
3,0,2,3,2,0.00029,5196
3,0,2,3,3,1.11256,1438
3,0,2,3,4,-0.00211,8490
3,0,2,4,0,0.05904,1224
3,0,2,4,1,1.03084,7413
3,0,2,4,2,0.00044,1522
3,0,2,4,3,0.52023,532
3,0,2,4,4,1.29376,3100
3,0,3,0,0,0.09623,1
3,0,3,0,1,0.27281,0
3,0,3,0,2,0.13858,6
3,0,3,0,3,0.12722,10
3,0,3,0,4,0.16708,0
3,0,3,1,0,-0.10165,122
3,0,3,1,1,-0.00772,1285
3,0,3,1,2,-0.01282,1395
3,0,3,1,3,-0.01017,933
3,0,3,1,4,-0.18469,262
3,0,3,2,0,-0.00020,263
3,0,3,2,1,0.13069,5142
3,0,3,2,2,0.00007,4050
3,0,3,2,3,0.07284,2892
3,0,3,2,4,-0.00224,884
3,0,3,3,0,-0.00009,288
3,0,3,3,1,-0.00000,6716
3,0,3,3,2,0.01860,6088
3,0,3,3,3,-0.00000,3727
3,0,3,3,4,-0.01285,966
3,0,3,4,0,-0.00487,60
3,0,3,4,1,0.00045,1895
3,0,3,4,2,-0.01842,2061
3,0,3,4,3,0.00042,1376
3,0,3,4,4,-0.00016,558
3,0,4,0,0,0.94808,0
3,0,4,0,1,0.76132,0
3,0,4,0,2,0.14210,37
3,0,4,0,3,0.02863,19
3,0,4,0,4,0.67124,0
3,0,4,1,0,-0.04210,987
3,0,4,1,1,-0.07240,2578
3,0,4,1,2,-0.30250,12969
3,0,4,1,3,-0.30303,4709
3,0,4,1,4,-0.32383,5112
3,0,4,2,0,-0.01358,3095
3,0,4,2,1,-0.00000,9721
3,0,4,2,2,-0.00179,30562
3,0,4,2,3,-0.00007,16381
3,0,4,2,4,-0.00029,12612
3,0,4,3,0,-0.00000,4061
3,0,4,3,1,-0.00001,13616
3,0,4,3,2,-0.00012,41395
3,0,4,3,3,-0.00000,20629
3,0,4,3,4,-0.00001,15920
3,0,4,4,0,-0.00001,1265
3,0,4,4,1,-0.00027,3657
3,0,4,4,2,-0.00002,19924
3,0,4,4,3,-0.00001,8005
3,0,4,4,4,-0.01122,6769
3,1,0,0,0,0.01782,7
3,1,0,0,1,0.12265,12
3,1,0,0,2,0.01244,0
3,1,0,0,3,0.01995,62
3,1,0,0,4,0.02119,12
3,1,0,1,0,0.08478,13
3,1,0,1,1,2.52762,3330
3,1,0,1,2,0.06186,86
3,1,0,1,3,0.16188,23
3,1,0,1,4,0.06357,4475
3,1,0,2,0,3.58917,152
3,1,0,2,1,1.34594,30725
3,1,0,2,2,4.01868,320
3,1,0,2,3,0.00281,310
3,1,0,2,4,0.03213,11663
3,1,0,3,0,0.00001,71
3,1,0,3,1,4.24982,34573
3,1,0,3,2,0.00001,321
3,1,0,3,3,0.00071,497
3,1,0,3,4,0.01230,10721
3,1,0,4,0,0.07123,11
3,1,0,4,1,0.00336,5081
3,1,0,4,2,0.06000,32
3,1,0,4,3,0.09114,35
3,1,0,4,4,0.00689,3160
3,1,1,0,0,-0.08569,71
3,1,1,0,1,-0.03292,137
3,1,1,0,2,-0.02468,146
3,1,1,0,3,-0.11535,119
3,1,1,0,4,-0.08136,88
3,1,1,1,0,0.06000,7575
3,1,1,1,1,0.00000,13364
3,1,1,1,2,0.00000,18452
3,1,1,1,3,0.00000,20076
3,1,1,1,4,0.00015,1587
3,1,1,2,0,0.00017,41988
3,1,1,2,1,0.00000,96797
3,1,1,2,2,0.18835,118060
3,1,1,2,3,0.00000,109631
3,1,1,2,4,0.00057,5692
3,1,1,3,0,0.00506,48882
3,1,1,3,1,0.00000,111049
3,1,1,3,2,0.02762,150467
3,1,1,3,3,0.00063,140013
3,1,1,3,4,0.00009,7268
3,1,1,4,0,0.02033,11620
3,1,1,4,1,0.00074,20027
3,1,1,4,2,0.00014,32850
3,1,1,4,3,0.00056,33132
3,1,1,4,4,0.00004,2230
3,1,2,0,0,-0.07757,193
3,1,2,0,1,-0.06551,153
3,1,2,0,2,-0.04842,358
3,1,2,0,3,-0.06721,171
3,1,2,0,4,-0.12274,149
3,1,2,1,0,-0.00000,11433
3,1,2,1,1,0.00000,12427
3,1,2,1,2,-0.01179,33502
3,1,2,1,3,0.00000,11523
3,1,2,1,4,0.00081,725
3,1,2,2,0,0.00000,59768
3,1,2,2,1,-0.00000,69860
3,1,2,2,2,0.00002,201235
3,1,2,2,3,-0.00000,55186
3,1,2,2,4,0.00010,2865
3,1,2,3,0,0.00008,72389
3,1,2,3,1,-0.00000,79529
3,1,2,3,2,0.00039,243739
3,1,2,3,3,-0.00000,67331
3,1,2,3,4,0.00000,3494
3,1,2,4,0,-0.00000,21096
3,1,2,4,1,-0.00000,17855
3,1,2,4,2,0.00000,58353
3,1,2,4,3,-0.00000,15872
3,1,2,4,4,0.00101,1317
3,1,3,0,0,-0.09326,52
3,1,3,0,1,-0.00368,88
3,1,3,0,2,-0.05692,52
3,1,3,0,3,-0.00027,370
3,1,3,0,4,-0.06594,524
3,1,3,1,0,-0.06155,898
3,1,3,1,1,-0.03065,9547
3,1,3,1,2,-0.08316,3258
3,1,3,1,3,-0.01158,20974
3,1,3,1,4,-0.14384,6749
3,1,3,2,0,-0.00003,4617
3,1,3,2,1,-0.00007,63375
3,1,3,2,2,-0.00005,14747
3,1,3,2,3,-0.00003,111575
3,1,3,2,4,-0.00001,16126
3,1,3,3,0,0.00000,5524
3,1,3,3,1,0.00000,78484
3,1,3,3,2,0.00000,17486
3,1,3,3,3,0.00000,131065
3,1,3,3,4,0.00000,16457
3,1,3,4,0,-0.00003,1471
3,1,3,4,1,-0.00000,16870
3,1,3,4,2,0.00005,4821
3,1,3,4,3,-0.00000,31059
3,1,3,4,4,-0.00000,4802
3,1,4,0,0,-0.14755,293
3,1,4,0,1,-0.00076,217
3,1,4,0,2,-0.17781,289
3,1,4,0,3,-0.02002,1018
3,1,4,0,4,-0.00001,1191
3,1,4,1,0,-0.06054,12893
3,1,4,1,1,-0.05092,45859
3,1,4,1,2,-0.24790,17871
3,1,4,1,3,-0.00030,31741
3,1,4,1,4,-0.28311,15399
3,1,4,2,0,-0.00895,67292
3,1,4,2,1,-0.00000,304250
3,1,4,2,2,-0.00114,90133
3,1,4,2,3,-0.00013,188585
3,1,4,2,4,-0.00027,46203
3,1,4,3,0,-0.00000,87648
3,1,4,3,1,-0.00000,375659
3,1,4,3,2,-0.00001,109331
3,1,4,3,3,-0.00000,223014
3,1,4,3,4,-0.00000,45502
3,1,4,4,0,-0.00000,24160
3,1,4,4,1,-0.00000,78469
3,1,4,4,2,-0.00000,27242
3,1,4,4,3,-0.00030,46300
3,1,4,4,4,-0.00050,14297
3,2,0,0,0,0.00286,10
3,2,0,0,1,0.04049,24
3,2,0,0,2,0.00367,19
3,2,0,0,3,0.00406,10
3,2,0,0,4,0.00372,78
3,2,0,1,0,0.05648,21
3,2,0,1,1,0.04028,3943
3,2,0,1,2,0.00591,1096
3,2,0,1,3,0.04236,132
3,2,0,1,4,0.07361,6191
3,2,0,2,0,0.06760,131
3,2,0,2,1,2.36156,23956
3,2,0,2,2,0.05062,7934
3,2,0,2,3,0.05070,631
3,2,0,2,4,0.05070,14778
3,2,0,3,0,0.00739,59
3,2,0,3,1,0.00554,28656
3,2,0,3,2,0.00616,8102
3,2,0,3,3,0.00554,986
3,2,0,3,4,0.00831,9909
3,2,0,4,0,0.02116,21
3,2,0,4,1,0.00858,5240
3,2,0,4,2,0.08328,1146
3,2,0,4,3,0.01587,204
3,2,0,4,4,0.08352,3176
3,2,1,0,0,-0.12812,46
3,2,1,0,1,-0.11286,60
3,2,1,0,2,-0.00506,318
3,2,1,0,3,-0.12944,70
3,2,1,0,4,-0.15386,129
3,2,1,1,0,-0.00042,1715
3,2,1,1,1,0.00001,2266
3,2,1,1,2,0.00000,17401
3,2,1,1,3,0.00001,2959
3,2,1,1,4,0.00001,2040
3,2,1,2,0,0.00000,6304
3,2,1,2,1,0.00000,11648
3,2,1,2,2,0.00000,105535
3,2,1,2,3,0.00000,17216
3,2,1,2,4,0.00001,6177
3,2,1,3,0,0.00000,7837
3,2,1,3,1,0.00000,13964
3,2,1,3,2,0.29179,122423
3,2,1,3,3,0.00000,19828
3,2,1,3,4,0.00128,5942
3,2,1,4,0,0.00000,2687
3,2,1,4,1,0.00278,4094
3,2,1,4,2,0.00013,30807
3,2,1,4,3,0.00205,5623
3,2,1,4,4,-0.00001,2242
3,2,2,0,0,-0.04786,641
3,2,2,0,1,-0.04509,140
3,2,2,0,2,-0.03751,154
3,2,2,0,3,-0.00848,143
3,2,2,0,4,-0.04384,172
3,2,2,1,0,-0.02959,23565
3,2,2,1,1,-0.00000,8086
3,2,2,1,2,-0.00000,5653
3,2,2,1,3,-0.01150,6739
3,2,2,1,4,-0.00518,4592
3,2,2,2,0,-0.00000,91572
3,2,2,2,1,0.00000,49017
3,2,2,2,2,-0.00000,35979
3,2,2,2,3,-0.00000,34160
3,2,2,2,4,0.00000,11173
3,2,2,3,0,0.00000,123034
3,2,2,3,1,0.00000,55508
3,2,2,3,2,0.00000,42955
3,2,2,3,3,0.00000,40166
3,2,2,3,4,0.00000,13008
3,2,2,4,0,0.00000,36211
3,2,2,4,1,0.00000,12573
3,2,2,4,2,0.00000,10476
3,2,2,4,3,-0.01198,10323
3,2,2,4,4,0.00002,4516
3,2,3,0,0,-0.11036,43
3,2,3,0,1,-0.00905,87
3,2,3,0,2,-0.10207,141
3,2,3,0,3,-0.00407,299
3,2,3,0,4,-0.12038,157
3,2,3,1,0,-0.05406,2339
3,2,3,1,1,-0.01759,6542
3,2,3,1,2,-0.00083,3590
3,2,3,1,3,-0.04447,14605
3,2,3,1,4,-0.14872,3164
3,2,3,2,0,-0.00002,7198
3,2,3,2,1,-0.00001,41859
3,2,3,2,2,-0.00000,16105
3,2,3,2,3,-0.00005,74852
3,2,3,2,4,-0.00018,7181
3,2,3,3,0,-0.00015,8532
3,2,3,3,1,0.00003,53850
3,2,3,3,2,0.00000,18464
3,2,3,3,3,0.00000,92147
3,2,3,3,4,-0.00000,8078
3,2,3,4,0,-0.00000,2523
3,2,3,4,1,-0.00000,11239
3,2,3,4,2,-0.00000,4419
3,2,3,4,3,-0.00018,24349
3,2,3,4,4,-0.00003,3153
3,2,4,0,0,-0.00008,793
3,2,4,0,1,-0.00086,1826
3,2,4,0,2,-0.24035,332
3,2,4,0,3,-0.08243,875
3,2,4,0,4,-0.01389,975
3,2,4,1,0,-0.09390,20702
3,2,4,1,1,-0.00385,121016
3,2,4,1,2,-0.28255,9690
3,2,4,1,3,-0.16267,22475
3,2,4,1,4,-0.28021,11040
3,2,4,2,0,-0.02349,70560
3,2,4,2,1,-0.00000,555342
3,2,4,2,2,-0.00005,43922
3,2,4,2,3,-0.00021,82759
3,2,4,2,4,-0.00012,26932
3,2,4,3,0,-0.00000,95387
3,2,4,3,1,-0.00000,703213
3,2,4,3,2,-0.00001,47568
3,2,4,3,3,-0.00005,103006
3,2,4,3,4,-0.00000,22782
3,2,4,4,0,-0.00000,32145
3,2,4,4,1,-0.00000,190394
3,2,4,4,2,-0.00000,12146
3,2,4,4,3,-0.00028,34655
3,2,4,4,4,-0.00004,6311
3,3,0,0,0,0.09862,20
3,3,0,0,1,0.07219,65
3,3,0,0,2,0.10212,10
3,3,0,0,3,0.03807,10
3,3,0,0,4,0.09964,19
3,3,0,1,0,0.07211,175
3,3,0,1,1,0.04749,734
3,3,0,1,2,0.00797,404
3,3,0,1,3,0.20202,103
3,3,0,1,4,2.20202,2633
3,3,0,2,0,0.00198,174
3,3,0,2,1,0.00155,927
3,3,0,2,2,0.02610,1057
3,3,0,2,3,0.01333,118
3,3,0,2,4,2.01333,3387
3,3,0,3,0,0.00541,32
3,3,0,3,1,0.00407,881
3,3,0,3,2,0.00545,1784
3,3,0,3,3,0.10295,145
3,3,0,3,4,0.01360,5603
3,3,0,4,0,0.00499,4
3,3,0,4,1,0.00404,261
3,3,0,4,2,0.01435,329
3,3,0,4,3,0.00374,47
3,3,0,4,4,0.09677,3186
3,3,1,0,0,-0.07406,23
3,3,1,0,1,0.00003,102
3,3,1,0,2,0.00002,28
3,3,1,0,3,-0.08414,85
3,3,1,0,4,0.00003,31
3,3,1,1,0,-0.00023,709
3,3,1,1,1,0.03776,3399
3,3,1,1,2,0.00219,558
3,3,1,1,3,-0.00020,2842
3,3,1,1,4,0.00082,1289
3,3,1,2,0,0.00064,813
3,3,1,2,1,0.00001,4356
3,3,1,2,2,0.00950,876
3,3,1,2,3,0.00022,4387
3,3,1,2,4,0.02266,1901
3,3,1,3,0,0.00115,1333
3,3,1,3,1,0.00022,4701
3,3,1,3,2,0.00061,972
3,3,1,3,3,0.00000,7022
3,3,1,3,4,0.01207,2450
3,3,1,4,0,0.00351,979
3,3,1,4,1,0.00025,3133
3,3,1,4,2,-0.00067,532
3,3,1,4,3,0.00001,3999
3,3,1,4,4,-0.00002,1459
3,3,2,0,0,-0.03279,115
3,3,2,0,1,-0.00001,182
3,3,2,0,2,-0.03236,100
3,3,2,0,3,-0.03380,142
3,3,2,0,4,-0.03309,125
3,3,2,1,0,0.00000,3614
3,3,2,1,1,-0.00006,5645
3,3,2,1,2,-0.00009,1826
3,3,2,1,3,0.00000,1889
3,3,2,1,4,-0.01942,2277
3,3,2,2,0,-0.00000,6043
3,3,2,2,1,0.00000,12915
3,3,2,2,2,0.00000,4480
3,3,2,2,3,0.00004,3433
3,3,2,2,4,0.00000,3371
3,3,2,3,0,0.00000,8707
3,3,2,3,1,0.00000,16013
3,3,2,3,2,0.00000,6892
3,3,2,3,3,0.00000,4363
3,3,2,3,4,0.00000,3434
3,3,2,4,0,0.00000,5314
3,3,2,4,1,0.00021,8523
3,3,2,4,2,0.00120,2233
3,3,2,4,3,0.00003,2122
3,3,2,4,4,0.00002,2078
3,3,3,0,0,-0.07981,67
3,3,3,0,1,-0.03657,54
3,3,3,0,2,-0.01560,139
3,3,3,0,3,-0.06208,179
3,3,3,0,4,-0.04678,203
3,3,3,1,0,-0.09966,890
3,3,3,1,1,-0.05946,1504
3,3,3,1,2,-0.00262,4751
3,3,3,1,3,-0.06657,3010
3,3,3,1,4,-0.13496,1318
3,3,3,2,0,-0.00086,1304
3,3,3,2,1,0.00000,2504
3,3,3,2,2,0.00000,12537
3,3,3,2,3,-0.00000,4891
3,3,3,2,4,-0.00000,1237
3,3,3,3,0,-0.00000,1438
3,3,3,3,1,0.00000,3020
3,3,3,3,2,0.00002,17327
3,3,3,3,3,0.00000,5622
3,3,3,3,4,0.00000,2108
3,3,3,4,0,-0.00000,713
3,3,3,4,1,-0.00001,1967
3,3,3,4,2,0.00000,7993
3,3,3,4,3,-0.00001,3816
3,3,3,4,4,0.00000,1212
3,3,4,0,0,-0.00065,264
3,3,4,0,1,-0.00022,2014
3,3,4,0,2,-0.08670,115
3,3,4,0,3,-0.03626,832
3,3,4,0,4,-0.00301,966
3,3,4,1,0,-0.15300,6772
3,3,4,1,1,-0.02207,95080
3,3,4,1,2,-0.41498,2764
3,3,4,1,3,-0.15569,14473
3,3,4,1,4,-0.36425,6232
3,3,4,2,0,-0.00001,8816
3,3,4,2,1,-0.00000,145446
3,3,4,2,2,-0.00955,4288
3,3,4,2,3,-0.00248,21060
3,3,4,2,4,-0.00005,8506
3,3,4,3,0,-0.00172,11847
3,3,4,3,1,-0.00000,185142
3,3,4,3,2,-0.00005,6572
3,3,4,3,3,-0.00001,29235
3,3,4,3,4,-0.00004,10476
3,3,4,4,0,-0.00000,12497
3,3,4,4,1,-0.00000,148371
3,3,4,4,2,-0.00001,2743
3,3,4,4,3,-0.00000,19704
3,3,4,4,4,-0.00053,6834
3,4,0,0,0,0.10135,0
3,4,0,0,1,0.68116,0
3,4,0,0,2,0.57785,0
3,4,0,0,3,0.07601,61
3,4,0,0,4,0.36516,0
3,4,0,1,0,0.92917,0
3,4,0,1,1,0.13442,170
3,4,0,1,2,0.29745,0
3,4,0,1,3,0.38005,14
3,4,0,1,4,0.26601,0
3,4,0,2,0,0.49928,0
3,4,0,2,1,0.02476,82
3,4,0,2,2,0.29875,0
3,4,0,2,3,0.09751,0
3,4,0,2,4,0.48517,0
3,4,0,3,0,0.13074,0
3,4,0,3,1,0.00615,157
3,4,0,3,2,0.77640,0
3,4,0,3,3,0.76339,0
3,4,0,3,4,0.59626,0
3,4,0,4,0,0.00027,0
3,4,0,4,1,0.09194,163
3,4,0,4,2,0.30462,0
3,4,0,4,3,0.86998,0
3,4,0,4,4,0.76913,0
3,4,1,0,0,0.01585,82
3,4,1,0,1,0.00116,67
3,4,1,0,2,0.00605,8
3,4,1,0,3,0.00013,20
3,4,1,0,4,0.01783,22
3,4,1,1,0,0.03249,452
3,4,1,1,1,0.05365,300
3,4,1,1,2,0.00100,9
3,4,1,1,3,0.04023,32
3,4,1,1,4,0.00856,607
3,4,1,2,0,0.19256,329
3,4,1,2,1,0.00058,122
3,4,1,2,2,0.90107,0
3,4,1,2,3,0.03109,8
3,4,1,2,4,0.00044,671
3,4,1,3,0,0.00857,460
3,4,1,3,1,0.08898,226
3,4,1,3,2,0.51110,0
3,4,1,3,3,0.06674,87
3,4,1,3,4,0.20955,832
3,4,1,4,0,0.00443,1061
3,4,1,4,1,0.10557,305
3,4,1,4,2,0.36777,4
3,4,1,4,3,0.07817,102
3,4,1,4,4,0.07917,854
3,4,2,0,0,0.03493,5
3,4,2,0,1,0.00861,13
3,4,2,0,2,0.02118,5
3,4,2,0,3,0.04664,8
3,4,2,0,4,0.04112,11
3,4,2,1,0,0.01815,68
3,4,2,1,1,0.00506,79
3,4,2,1,2,0.00443,46
3,4,2,1,3,0.00017,475
3,4,2,1,4,0.04490,147
3,4,2,2,0,0.08916,49
3,4,2,2,1,0.19515,46
3,4,2,2,2,0.00105,8
3,4,2,2,3,0.00072,358
3,4,2,2,4,0.00043,52
3,4,2,3,0,0.04739,105
3,4,2,3,1,0.00277,89
3,4,2,3,2,0.05973,29
3,4,2,3,3,0.00097,453
3,4,2,3,4,0.64212,24
3,4,2,4,0,0.03879,52
3,4,2,4,1,0.00739,90
3,4,2,4,2,0.01862,49
3,4,2,4,3,0.00075,994
3,4,2,4,4,0.06032,20
3,4,3,0,0,-0.09534,31
3,4,3,0,1,-0.00411,18
3,4,3,0,2,-0.09530,19
3,4,3,0,3,-0.07386,69
3,4,3,0,4,-0.12695,99
3,4,3,1,0,-0.09628,152
3,4,3,1,1,-0.04403,119
3,4,3,1,2,-0.10144,307
3,4,3,1,3,-0.06680,249
3,4,3,1,4,-0.10144,280
3,4,3,2,0,0.00103,76
3,4,3,2,1,0.00000,120
3,4,3,2,2,-0.00006,114
3,4,3,2,3,0.00000,118
3,4,3,2,4,-0.00123,37
3,4,3,3,0,0.00102,165
3,4,3,3,1,0.00001,165
3,4,3,3,2,0.00004,158
3,4,3,3,3,0.00029,506
3,4,3,3,4,0.08346,17
3,4,3,4,0,0.03811,77
3,4,3,4,1,-0.00000,137
3,4,3,4,2,0.00448,206
3,4,3,4,3,-0.00000,370
3,4,3,4,4,0.00224,223
3,4,4,0,0,-0.21999,123
3,4,4,0,1,-0.00077,363
3,4,4,0,2,-0.14449,141
3,4,4,0,3,0.00008,226
3,4,4,0,4,-0.09846,453
3,4,4,1,0,-0.34443,355
3,4,4,1,1,-0.00267,4793
3,4,4,1,2,-0.36204,735
3,4,4,1,3,-0.22703,1438
3,4,4,1,4,-0.37197,775
3,4,4,2,0,-0.00003,180
3,4,4,2,1,-0.00038,3166
3,4,4,2,2,0.00004,270
3,4,4,2,3,-0.00545,1040
3,4,4,2,4,-0.00004,508
3,4,4,3,0,-0.00001,400
3,4,4,3,1,-0.00001,3529
3,4,4,3,2,-0.00005,525
3,4,4,3,3,-0.00000,1281
3,4,4,3,4,0.01900,1163
3,4,4,4,0,-0.00005,461
3,4,4,4,1,-0.00741,9554
3,4,4,4,2,-0.00019,999
3,4,4,4,3,-0.00000,1226
3,4,4,4,4,-0.00002,1028
4,0,0,0,0,0.77315,0
4,0,0,0,1,0.87485,0
4,0,0,0,2,0.76435,0
4,0,0,0,3,0.29236,0
4,0,0,0,4,0.23785,0
4,0,0,1,0,0.88558,0
4,0,0,1,1,3.84929,235
4,0,0,1,2,0.44312,0
4,0,0,1,3,0.95907,0
4,0,0,1,4,0.53615,0
4,0,0,2,0,2.42373,2
4,0,0,2,1,0.85896,523
4,0,0,2,2,2.34915,73
4,0,0,2,3,0.98011,0
4,0,0,2,4,2.23974,63
4,0,0,3,0,0.11765,0
4,0,0,3,1,0.09089,598
4,0,0,3,2,0.15074,256
4,0,0,3,3,0.78219,0
4,0,0,3,4,0.83243,0
4,0,0,4,0,0.57421,0
4,0,0,4,1,0.20431,78
4,0,0,4,2,2.43066,61
4,0,0,4,3,0.89411,0
4,0,0,4,4,0.94547,0
4,0,1,0,0,0.69997,2
4,0,1,0,1,7.98236,45
4,0,1,0,2,0.67980,0
4,0,1,0,3,0.29489,1
4,0,1,0,4,0.45058,6
4,0,1,1,0,3.95617,2679
4,0,1,1,1,0.78489,2923
4,0,1,1,2,3.03395,210
4,0,1,1,3,1.79928,238
4,0,1,1,4,0.00000,488
4,0,1,2,0,2.02705,10798
4,0,1,2,1,3.46715,10944
4,0,1,2,2,0.05597,1137
4,0,1,2,3,3.07392,1398
4,0,1,2,4,2.69146,1879
4,0,1,3,0,0.07203,13857
4,0,1,3,1,1.05226,14518
4,0,1,3,2,4.09657,1482
4,0,1,3,3,2.29678,1986
4,0,1,3,4,0.57463,1501
4,0,1,4,0,0.37456,4241
4,0,1,4,1,0.03301,4007
4,0,1,4,2,0.00026,293
4,0,1,4,3,2.64848,758
4,0,1,4,4,5.90520,489
4,0,2,0,0,0.07088,4
4,0,2,0,1,0.33258,59
4,0,2,0,2,0.00430,0
4,0,2,0,3,0.16193,6
4,0,2,0,4,0.22022,0
4,0,2,1,0,0.00129,1228
4,0,2,1,1,0.00000,3710
4,0,2,1,2,0.00000,207
4,0,2,1,3,0.00000,825
4,0,2,1,4,0.00000,167
4,0,2,2,0,0.00092,4403
4,0,2,2,1,0.04778,12681
4,0,2,2,2,0.00005,628
4,0,2,2,3,0.00392,3582
4,0,2,2,4,0.00001,356
4,0,2,3,0,1.96810,5730
4,0,2,3,1,2.30128,17410
4,0,2,3,2,-0.00030,743
4,0,2,3,3,1.69917,4593
4,0,2,3,4,0.00001,548
4,0,2,4,0,0.00166,1930
4,0,2,4,1,0.00007,6544
4,0,2,4,2,0.00000,263
4,0,2,4,3,0.00041,1410
4,0,2,4,4,0.00000,114
4,0,3,0,0,0.11878,10
4,0,3,0,1,0.01798,12
4,0,3,0,2,-0.07568,9
4,0,3,0,3,0.12751,16
4,0,3,0,4,0.11095,8
4,0,3,1,0,-0.16348,445
4,0,3,1,1,0.00174,3471
4,0,3,1,2,-0.14588,570
4,0,3,1,3,0.00234,2407
4,0,3,1,4,-0.15686,402
4,0,3,2,0,0.00418,1551
4,0,3,2,1,0.08154,13790
4,0,3,2,2,-0.00037,2586
4,0,3,2,3,0.12208,10985
4,0,3,2,4,0.00003,1149
4,0,3,3,0,0.00436,1888
4,0,3,3,1,-0.00000,18624
4,0,3,3,2,0.00001,3514
4,0,3,3,3,0.00281,14024
4,0,3,3,4,0.29868,2006
4,0,3,4,0,0.37646,676
4,0,3,4,1,0.00000,5844
4,0,3,4,2,0.00003,1240
4,0,3,4,3,0.00039,3973
4,0,3,4,4,-0.00001,793
4,0,4,0,0,0.31591,0
4,0,4,0,1,0.84280,0
4,0,4,0,2,0.63210,28
4,0,4,0,3,0.21669,25
4,0,4,0,4,0.57597,3
4,0,4,1,0,-0.02147,2122
4,0,4,1,1,-0.01492,4351
4,0,4,1,2,-0.27333,28326
4,0,4,1,3,-0.00641,9585
4,0,4,1,4,-0.27335,6891
4,0,4,2,0,-0.00000,11901
4,0,4,2,1,-0.00000,20853
4,0,4,2,2,0.00000,98454
4,0,4,2,3,-0.00000,43372
4,0,4,2,4,0.00000,24930
4,0,4,3,0,-0.00000,13907
4,0,4,3,1,-0.00000,27152
4,0,4,3,2,-0.00000,124153
4,0,4,3,3,-0.00000,55870
4,0,4,3,4,-0.00000,31152
4,0,4,4,0,-0.00000,3915
4,0,4,4,1,-0.00004,6126
4,0,4,4,2,-0.00000,40784
4,0,4,4,3,-0.00000,15290
4,0,4,4,4,-0.00008,8812
4,1,0,0,0,0.20604,0
4,1,0,0,1,0.40947,0
4,1,0,0,2,0.26906,1
4,1,0,0,3,0.37053,0
4,1,0,0,4,0.26440,0
4,1,0,1,0,0.00046,66
4,1,0,1,1,0.00034,1607
4,1,0,1,2,0.00041,846
4,1,0,1,3,0.00035,187
4,1,0,1,4,0.00193,65
4,1,0,2,0,0.00000,217
4,1,0,2,1,1.80327,17022
4,1,0,2,2,0.00013,7075
4,1,0,2,3,0.00000,844
4,1,0,2,4,0.00000,110
4,1,0,3,0,0.00013,30
4,1,0,3,1,0.04576,20491
4,1,0,3,2,0.25042,9241
4,1,0,3,3,0.00010,642
4,1,0,3,4,0.00042,117
4,1,0,4,0,0.25760,3
4,1,0,4,1,0.00160,3045
4,1,0,4,2,0.16914,1755
4,1,0,4,3,0.19320,243
4,1,0,4,4,0.18079,0
4,1,1,0,0,0.00000,113
4,1,1,0,1,0.00000,160
4,1,1,0,2,0.00000,162
4,1,1,0,3,0.00000,57
4,1,1,0,4,0.00000,46
4,1,1,1,0,0.00047,3351
4,1,1,1,1,0.00000,32910
4,1,1,1,2,2.35529,4781
4,1,1,1,3,0.00000,25300
4,1,1,1,4,0.00001,2987
4,1,1,2,0,0.00000,15848
4,1,1,2,1,0.82616,266094
4,1,1,2,2,0.82483,26091
4,1,1,2,3,0.61962,153222
4,1,1,2,4,1.51105,11925
4,1,1,3,0,0.68021,22460
4,1,1,3,1,0.06101,319813
4,1,1,3,2,0.11810,33037
4,1,1,3,3,0.02293,192822
4,1,1,3,4,0.06612,12755
4,1,1,4,0,0.00680,6577
4,1,1,4,1,0.04933,56993
4,1,1,4,2,0.00000,7679
4,1,1,4,3,0.00056,37476
4,1,1,4,4,0.04832,3390
4,1,2,0,0,-0.02631,124
4,1,2,0,1,-0.00971,165
4,1,2,0,2,-0.02188,145
4,1,2,0,3,-0.00364,223
4,1,2,0,4,-0.00729,114
4,1,2,1,0,0.00000,7754
4,1,2,1,1,0.00000,34428
4,1,2,1,2,0.00001,5349
4,1,2,1,3,0.00000,20891
4,1,2,1,4,-0.00364,16855
4,1,2,2,0,0.00000,41516
4,1,2,2,1,-0.00000,289517
4,1,2,2,2,0.00000,31444
4,1,2,2,3,0.58089,169560
4,1,2,2,4,0.00000,47142
4,1,2,3,0,0.00008,51822
4,1,2,3,1,0.00083,340187
4,1,2,3,2,0.00310,36054
4,1,2,3,3,0.02321,205956
4,1,2,3,4,0.00003,52529
4,1,2,4,0,0.00000,13291
4,1,2,4,1,0.00000,55664
4,1,2,4,2,0.00000,8770
4,1,2,4,3,0.00000,35968
4,1,2,4,4,0.00000,16201
4,1,3,0,0,-0.05635,122
4,1,3,0,1,-0.00001,154
4,1,3,0,2,-0.05686,82
4,1,3,0,3,-0.00913,195
4,1,3,0,4,-0.03101,967
4,1,3,1,0,-0.09418,4051
4,1,3,1,1,-0.01150,39003
4,1,3,1,2,-0.09353,4291
4,1,3,1,3,-0.00862,38332
4,1,3,1,4,-0.09461,31462
4,1,3,2,0,-0.00593,17208
4,1,3,2,1,0.02773,386695
4,1,3,2,2,-0.00000,22659
4,1,3,2,3,0.00062,351063
4,1,3,2,4,-0.00316,74363
4,1,3,3,0,0.00280,21804
4,1,3,3,1,0.00457,467933
4,1,3,3,2,0.00001,28401
4,1,3,3,3,0.00202,418232
4,1,3,3,4,0.00020,72248
4,1,3,4,0,0.00000,6551
4,1,3,4,1,-0.00000,69507
4,1,3,4,2,0.00000,6613
4,1,3,4,3,-0.00000,65881
4,1,3,4,4,-0.00000,22440
4,1,4,0,0,-0.00001,1826
4,1,4,0,1,-0.00000,254
4,1,4,0,2,-0.00065,361
4,1,4,0,3,-0.00034,836
4,1,4,0,4,-0.04329,2650
4,1,4,1,0,-0.08619,64195
4,1,4,1,1,0.00000,110602
4,1,4,1,2,-0.16126,66363
4,1,4,1,3,-0.02621,104537
4,1,4,1,4,-0.20570,36837
4,1,4,2,0,-0.00105,367230
4,1,4,2,1,0.00000,840021
4,1,4,2,2,-0.00004,442273
4,1,4,2,3,0.00000,1012261
4,1,4,2,4,-0.07394,114062
4,1,4,3,0,-0.00000,452729
4,1,4,3,1,0.00000,1007413
4,1,4,3,2,-0.00000,552384
4,1,4,3,3,0.00001,1228262
4,1,4,3,4,0.00000,109038
4,1,4,4,0,-0.00000,110654
4,1,4,4,1,-0.00000,184238
4,1,4,4,2,-0.00019,118370
4,1,4,4,3,-0.00000,184927
4,1,4,4,4,-0.00253,30280
4,2,0,0,0,0.47304,4
4,2,0,0,1,0.37717,4
4,2,0,0,2,0.46032,3
4,2,0,0,3,0.65666,1
4,2,0,0,4,0.56484,1
4,2,0,1,0,0.56718,959
4,2,0,1,1,0.42538,100
4,2,0,1,2,0.37285,114
4,2,0,1,3,0.05873,3134
4,2,0,1,4,0.35968,6920
4,2,0,2,0,0.00231,2989
4,2,0,2,1,0.00173,185
4,2,0,2,2,0.00140,75
4,2,0,2,3,2.67074,24140
4,2,0,2,4,0.41215,15222
4,2,0,3,0,0.00033,4503
4,2,0,3,1,0.00025,212
4,2,0,3,2,0.00025,71
4,2,0,3,3,0.00546,28030
4,2,0,3,4,0.02063,13535
4,2,0,4,0,0.00033,1529
4,2,0,4,1,0.00025,43
4,2,0,4,2,0.00001,22
4,2,0,4,3,0.00015,3624
4,2,0,4,4,2.00025,1759
4,2,1,0,0,-0.04761,82
4,2,1,0,1,-0.03721,178
4,2,1,0,2,0.01570,111
4,2,1,0,3,-0.06319,239
4,2,1,0,4,-0.04759,85
4,2,1,1,0,0.00000,983
4,2,1,1,1,0.00000,26209
4,2,1,1,2,0.79278,10447
4,2,1,1,3,-0.00002,12511
4,2,1,1,4,0.00000,4787
4,2,1,2,0,0.01269,2488
4,2,1,2,1,0.00000,197345
4,2,1,2,2,0.04320,66038
4,2,1,2,3,0.00000,73832
4,2,1,2,4,0.00000,11408
4,2,1,3,0,0.00000,3362
4,2,1,3,1,0.00000,232674
4,2,1,3,2,0.04004,80232
4,2,1,3,3,0.00000,89766
4,2,1,3,4,0.00000,10840
4,2,1,4,0,0.00227,1033
4,2,1,4,1,0.00000,36423
4,2,1,4,2,0.00000,16969
4,2,1,4,3,0.00002,24129
4,2,1,4,4,0.00000,4182
4,2,2,0,0,-0.01691,195
4,2,2,0,1,-0.00000,221
4,2,2,0,2,-0.02979,195
4,2,2,0,3,-0.01692,79
4,2,2,0,4,-0.03276,105
4,2,2,1,0,-0.01190,12224
4,2,2,1,1,0.00000,24575
4,2,2,1,2,0.00000,20881
4,2,2,1,3,0.00001,7631
4,2,2,1,4,-0.00019,5571
4,2,2,2,0,-0.00000,63440
4,2,2,2,1,0.00000,172452
4,2,2,2,2,0.00000,151602
4,2,2,2,3,0.00000,35196
4,2,2,2,4,0.00000,13876
4,2,2,3,0,0.00000,84109
4,2,2,3,1,0.00000,203842
4,2,2,3,2,0.00000,171431
4,2,2,3,3,0.00002,41523
4,2,2,3,4,-0.00001,15348
4,2,2,4,0,0.00002,21483
4,2,2,4,1,0.00006,33031
4,2,2,4,2,0.00000,34020
4,2,2,4,3,0.00000,10899
4,2,2,4,4,0.00001,4212
4,2,3,0,0,-0.08032,187
4,2,3,0,1,-0.00000,235
4,2,3,0,2,-0.06716,79
4,2,3,0,3,-0.01598,285
4,2,3,0,4,-0.06049,663
4,2,3,1,0,-0.13152,4904
4,2,3,1,1,0.00001,51222
4,2,3,1,2,-0.13152,3304
4,2,3,1,3,-0.00524,15417
4,2,3,1,4,-0.13152,11387
4,2,3,2,0,-0.00011,14986
4,2,3,2,1,0.00002,329635
4,2,3,2,2,-0.00002,19188
4,2,3,2,3,-0.00854,66865
4,2,3,2,4,-0.01593,21226
4,2,3,3,0,-0.00001,19983
4,2,3,3,1,0.00000,398134
4,2,3,3,2,0.00000,24195
4,2,3,3,3,0.00000,86547
4,2,3,3,4,-0.00000,25574
4,2,3,4,0,-0.00064,6724
4,2,3,4,1,0.00002,79784
4,2,3,4,2,0.00000,5448
4,2,3,4,3,0.00007,21193
4,2,3,4,4,-0.00000,8163
4,2,4,0,0,-0.07063,4417
4,2,4,0,1,-0.00000,2405
4,2,4,0,2,-0.10227,976
4,2,4,0,3,-0.06591,1289
4,2,4,0,4,-0.00398,4255
4,2,4,1,0,-0.13010,118331
4,2,4,1,1,-0.01881,359961
4,2,4,1,2,-0.15078,55451
4,2,4,1,3,-0.01112,63733
4,2,4,1,4,-0.27749,51891
4,2,4,2,0,0.00000,815974
4,2,4,2,1,0.00000,1997687
4,2,4,2,2,0.00000,801003
4,2,4,2,3,-0.00000,300345
4,2,4,2,4,-0.00000,131490
4,2,4,3,0,-0.00000,563707
4,2,4,3,1,0.00001,2544287
4,2,4,3,2,-0.00002,406951
4,2,4,3,3,0.00000,371431
4,2,4,3,4,-0.00000,114067
4,2,4,4,0,-0.00000,201347
4,2,4,4,1,0.00000,587069
4,2,4,4,2,-0.00000,98241
4,2,4,4,3,-0.00000,101691
4,2,4,4,4,-0.00000,28097
4,3,0,0,0,0.08692,20
4,3,0,0,1,0.12796,9
4,3,0,0,2,0.12776,16
4,3,0,0,3,0.11183,22
4,3,0,0,4,0.12210,13
4,3,0,1,0,0.32813,799
4,3,0,1,1,0.38563,696
4,3,0,1,2,0.26922,125
4,3,0,1,3,0.24610,1328
4,3,0,1,4,0.25697,6
4,3,0,2,0,4.01641,1757
4,3,0,2,1,0.40052,1849
4,3,0,2,2,0.34222,248
4,3,0,2,3,3.01231,1725
4,3,0,2,4,2.99019,40
4,3,0,3,0,0.03656,2296
4,3,0,3,1,0.02663,2785
4,3,0,3,2,0.02723,684
4,3,0,3,3,0.10236,3303
4,3,0,3,4,0.03775,39
4,3,0,4,0,0.00197,1525
4,3,0,4,1,0.02722,859
4,3,0,4,2,0.02405,108
4,3,0,4,3,0.00148,1521
4,3,0,4,4,0.07321,11
4,3,1,0,0,0.00000,75
4,3,1,0,1,0.00000,49
4,3,1,0,2,0.00000,59
4,3,1,0,3,0.00000,27
4,3,1,0,4,0.00000,31
4,3,1,1,0,0.00000,1604
4,3,1,1,1,0.00000,3811
4,3,1,1,2,0.00000,5968
4,3,1,1,3,0.00002,1699
4,3,1,1,4,0.00002,2933
4,3,1,2,0,0.00000,2619
4,3,1,2,1,0.03788,10127
4,3,1,2,2,0.00011,19728
4,3,1,2,3,0.00000,1748
4,3,1,2,4,0.01438,3848
4,3,1,3,0,-0.00000,2703
4,3,1,3,1,0.00000,13152
4,3,1,3,2,0.00166,27893
4,3,1,3,3,-0.00000,3266
4,3,1,3,4,0.00000,3909
4,3,1,4,0,-0.00000,2209
4,3,1,4,1,0.00001,4630
4,3,1,4,2,0.00000,9568
4,3,1,4,3,0.00000,2044
4,3,1,4,4,0.00738,2482
4,3,2,0,0,-0.02187,35
4,3,2,0,1,-0.01684,31
4,3,2,0,2,-0.00085,147
4,3,2,0,3,-0.02162,72
4,3,2,0,4,-0.01263,81
4,3,2,1,0,0.00030,1318
4,3,2,1,1,0.00000,1047
4,3,2,1,2,0.00000,14625
4,3,2,1,3,0.00002,2857
4,3,2,1,4,-0.01184,1094
4,3,2,2,0,0.00007,1489
4,3,2,2,1,0.00000,1800
4,3,2,2,2,0.00000,37442
4,3,2,2,3,0.00001,6968
4,3,2,2,4,0.00000,1616
4,3,2,3,0,0.00000,1577
4,3,2,3,1,0.00000,2721
4,3,2,3,2,0.00000,52156
4,3,2,3,3,0.00000,9079
4,3,2,3,4,0.00000,1818
4,3,2,4,0,0.00000,894
4,3,2,4,1,0.00000,1418
4,3,2,4,2,0.00000,20634
4,3,2,4,3,0.00000,4253
4,3,2,4,4,0.00000,1309
4,3,3,0,0,-0.02445,48
4,3,3,0,1,-0.00133,178
4,3,3,0,2,-0.00622,128
4,3,3,0,3,-0.02774,227
4,3,3,0,4,-0.00940,182
4,3,3,1,0,-0.12614,438
4,3,3,1,1,0.00014,24528
4,3,3,1,2,-0.04838,4282
4,3,3,1,3,-0.00012,4548
4,3,3,1,4,-0.08545,3248
4,3,3,2,0,-0.00424,286
4,3,3,2,1,0.00008,52300
4,3,3,2,2,-0.00021,8874
4,3,3,2,3,0.00000,8714
4,3,3,2,4,-0.00186,5070
4,3,3,3,0,-0.00004,556
4,3,3,3,1,0.00042,69248
4,3,3,3,2,0.00005,10167
4,3,3,3,3,-0.00000,11422
4,3,3,3,4,-0.00010,6962
4,3,3,4,0,-0.00000,359
4,3,3,4,1,0.00000,38984
4,3,3,4,2,0.00052,5842
4,3,3,4,3,0.00000,7449
4,3,3,4,4,-0.00001,4037
4,3,4,0,0,-0.05301,2463
4,3,4,0,1,-0.00001,2943
4,3,4,0,2,-0.17289,582
4,3,4,0,3,-0.00991,1965
4,3,4,0,4,-0.00425,7643
4,3,4,1,0,-0.10835,67630
4,3,4,1,1,0.00000,351376
4,3,4,1,2,-0.23725,19265
4,3,4,1,3,-0.07527,50825
4,3,4,1,4,-0.24320,69094
4,3,4,2,0,-0.02813,79185
4,3,4,2,1,0.00000,648197
4,3,4,2,2,-0.00000,41976
4,3,4,2,3,-0.00000,90655
4,3,4,2,4,-0.00012,87285
4,3,4,3,0,-0.00000,115363
4,3,4,3,1,0.00002,814200
4,3,4,3,2,-0.00000,55764
4,3,4,3,3,-0.00000,125393
4,3,4,3,4,-0.00000,108162
4,3,4,4,0,-0.00000,120772
4,3,4,4,1,0.00000,569731
4,3,4,4,2,-0.00001,32015
4,3,4,4,3,-0.00000,89255
4,3,4,4,4,-0.00006,52059
4,4,0,0,0,0.27888,0
4,4,0,0,1,0.93741,0
4,4,0,0,2,0.38577,0
4,4,0,0,3,0.33094,0
4,4,0,0,4,0.66516,0
4,4,0,1,0,0.12705,0
4,4,0,1,1,0.23678,162
4,4,0,1,2,0.74489,0
4,4,0,1,3,0.49965,0
4,4,0,1,4,0.33771,0
4,4,0,2,0,0.78844,0
4,4,0,2,1,0.02286,227
4,4,0,2,2,0.87677,0
4,4,0,2,3,0.21912,0
4,4,0,2,4,0.54492,0
4,4,0,3,0,0.04297,0
4,4,0,3,1,0.02982,240
4,4,0,3,2,0.91669,0
4,4,0,3,3,0.97794,0
4,4,0,3,4,0.41806,0
4,4,0,4,0,0.97060,0
4,4,0,4,1,0.02168,115
4,4,0,4,2,0.69375,0
4,4,0,4,3,0.71818,2
4,4,0,4,4,0.48023,0
4,4,1,0,0,0.00226,76
4,4,1,0,1,0.00226,70
4,4,1,0,2,0.00262,13
4,4,1,0,3,0.00301,7
4,4,1,0,4,0.00226,77
4,4,1,1,0,0.02829,244
4,4,1,1,1,0.10102,4
4,4,1,1,2,0.00524,3
4,4,1,1,3,0.07577,1516
4,4,1,1,4,0.00285,456
4,4,1,2,0,0.30044,107
4,4,1,2,1,0.03048,9
4,4,1,2,2,0.00482,41
4,4,1,2,3,0.02286,753
4,4,1,2,4,0.70380,330
4,4,1,3,0,0.72106,334
4,4,1,3,1,0.63093,65
4,4,1,3,2,0.54080,106
4,4,1,3,3,0.47320,1651
4,4,1,3,4,0.31171,744
4,4,1,4,0,0.00345,341
4,4,1,4,1,0.36693,7
4,4,1,4,2,0.00003,25
4,4,1,4,3,0.09143,2186
4,4,1,4,4,0.41504,533
4,4,2,0,0,0.05478,16
4,4,2,0,1,0.03440,6
4,4,2,0,2,0.00135,16
4,4,2,0,3,0.05641,19
4,4,2,0,4,0.01414,13
4,4,2,1,0,0.15277,0
4,4,2,1,1,0.02684,46
4,4,2,1,2,0.00597,57
4,4,2,1,3,0.00583,539
4,4,2,1,4,0.02792,181
4,4,2,2,0,0.48012,4
4,4,2,2,1,0.18492,37
4,4,2,2,2,0.16069,94
4,4,2,2,3,0.00009,500
4,4,2,2,4,0.12883,3
4,4,2,3,0,0.57369,3
4,4,2,3,1,0.00135,43
4,4,2,3,2,0.00354,70
4,4,2,3,3,0.00113,604
4,4,2,3,4,0.06756,224
4,4,2,4,0,0.59716,3
4,4,2,4,1,0.00789,65
4,4,2,4,2,0.00513,32
4,4,2,4,3,0.00004,801
4,4,2,4,4,0.16870,120
4,4,3,0,0,-0.00197,15
4,4,3,0,1,-0.00263,21
4,4,3,0,2,-0.01032,15
4,4,3,0,3,-0.00017,38
4,4,3,0,4,-0.00197,53
4,4,3,1,0,-0.00127,126
4,4,3,1,1,-0.00000,650
4,4,3,1,2,-0.00127,467
4,4,3,1,3,-0.10055,285
4,4,3,1,4,-0.00185,811
4,4,3,2,0,-0.00000,40
4,4,3,2,1,0.00000,385
4,4,3,2,2,-0.00006,356
4,4,3,2,3,0.00000,322
4,4,3,2,4,0.00036,298
4,4,3,3,0,-0.00000,73
4,4,3,3,1,0.00005,589
4,4,3,3,2,-0.00043,557
4,4,3,3,3,0.00018,517
4,4,3,3,4,0.00101,761
4,4,3,4,0,0.00051,102
4,4,3,4,1,0.00000,1047
4,4,3,4,2,0.00096,716
4,4,3,4,3,-0.00000,381
4,4,3,4,4,0.03335,1069
4,4,4,0,0,-0.02151,484
4,4,4,0,1,-0.00017,955
4,4,4,0,2,0.16515,18
4,4,4,0,3,-0.00032,254
4,4,4,0,4,0.00111,2327
4,4,4,1,0,-0.14742,3491
4,4,4,1,1,-0.00000,18979
4,4,4,1,2,-0.23168,183
4,4,4,1,3,-0.03003,2425
4,4,4,1,4,-0.20831,10182
4,4,4,2,0,-0.00000,1878
4,4,4,2,1,0.00000,13955
4,4,4,2,2,-0.00001,129
4,4,4,2,3,-0.00000,1654
4,4,4,2,4,-0.01327,6150
4,4,4,3,0,-0.00000,3342
4,4,4,3,1,0.00000,15856
4,4,4,3,2,-0.00000,87
4,4,4,3,3,-0.00000,2392
4,4,4,3,4,-0.00000,8822
4,4,4,4,0,-0.00000,6109
4,4,4,4,1,0.00000,32105
4,4,4,4,2,0.00000,348
4,4,4,4,3,0.00000,2424
4,4,4,4,4,-0.00130,8096
