3125
5
0,0,0,0,0,0.76019,0
0,0,0,0,1,0.24804,0
0,0,0,0,2,0.47099,0
0,0,0,0,3,0.38262,0
0,0,0,0,4,0.86195,0
0,0,0,1,0,0.29479,0
0,0,0,1,1,0.85882,0
0,0,0,1,2,0.07053,0
0,0,0,1,3,0.11179,0
0,0,0,1,4,0.76329,0
0,0,0,2,0,0.27807,0
0,0,0,2,1,0.54017,0
0,0,0,2,2,0.20950,0
0,0,0,2,3,0.20364,0
0,0,0,2,4,0.21074,0
0,0,0,3,0,0.88235,0
0,0,0,3,1,0.98560,0
0,0,0,3,2,0.50794,0
0,0,0,3,3,0.43342,0
0,0,0,3,4,0.31899,0
0,0,0,4,0,0.54674,0
0,0,0,4,1,0.23955,0
0,0,0,4,2,0.76754,0
0,0,0,4,3,0.38989,0
0,0,0,4,4,0.01589,0
0,0,1,0,0,0.91125,0
0,0,1,0,1,0.46320,0
0,0,1,0,2,0.57983,0
0,0,1,0,3,0.62493,1
0,0,1,0,4,0.58815,0
0,0,1,1,0,-1.28801,52
0,0,1,1,1,-1.28937,36
0,0,1,1,2,0.46478,0
0,0,1,1,3,-1.34588,114
0,0,1,1,4,-0.60703,3
0,0,1,2,0,-1.07279,130
0,0,1,2,1,-1.22723,127
0,0,1,2,2,-1.06911,9
0,0,1,2,3,-1.29407,364
0,0,1,2,4,-1.13251,7
0,0,1,3,0,-0.95137,268
0,0,1,3,1,-1.08607,200
0,0,1,3,2,-1.14917,24
0,0,1,3,3,-1.11883,464
0,0,1,3,4,0.61658,11
0,0,1,4,0,-1.01394,122
0,0,1,4,1,-1.20364,54
0,0,1,4,2,-1.17105,6
0,0,1,4,3,-1.15930,201
0,0,1,4,4,0.22706,0
0,0,2,0,0,0.60247,0
0,0,2,0,1,0.88557,0
0,0,2,0,2,0.69832,0
0,0,2,0,3,0.08735,0
0,0,2,0,4,0.53987,0
0,0,2,1,0,-0.01956,3
0,0,2,1,1,-0.63335,367
0,0,2,1,2,-0.45900,43
0,0,2,1,3,-0.64007,22
0,0,2,1,4,-0.20545,3
0,0,2,2,0,-0.85162,19
0,0,2,2,1,-0.89701,1166
0,0,2,2,2,-0.84585,217
0,0,2,2,3,0.69828,16
0,0,2,2,4,0.54451,2
0,0,2,3,0,-1.17604,16
0,0,2,3,1,-1.31945,1760
0,0,2,3,2,-1.19713,338
0,0,2,3,3,-1.35167,71
0,0,2,3,4,-1.10592,19
0,0,2,4,0,-0.92422,25
0,0,2,4,1,-1.05812,590
0,0,2,4,2,-0.78650,119
0,0,2,4,3,-1.01252,16
0,0,2,4,4,0.33599,5
0,0,3,0,0,0.81108,0
0,0,3,0,1,0.64117,0
0,0,3,0,2,-0.37371,2
0,0,3,0,3,-0.48528,7
0,0,3,0,4,0.26000,0
0,0,3,1,0,-1.14904,76
0,0,3,1,1,-1.22409,37
0,0,3,1,2,-1.16012,20
0,0,3,1,3,-1.15319,12
0,0,3,1,4,-1.08925,4
0,0,3,2,0,-1.20565,187
0,0,3,2,1,-1.15945,162
0,0,3,2,2,-0.79546,90
0,0,3,2,3,-1.07664,48
0,0,3,2,4,-1.16979,28
0,0,3,3,0,-1.20163,300
0,0,3,3,1,-1.27508,162
0,0,3,3,2,-0.33679,75
0,0,3,3,3,-1.07189,21
0,0,3,3,4,-0.96854,15
0,0,3,4,0,-0.53107,98
0,0,3,4,1,-0.75566,70
0,0,3,4,2,-0.87694,29
0,0,3,4,3,-0.99922,9
0,0,3,4,4,-0.31335,4
0,0,4,0,0,0.48741,0
0,0,4,0,1,0.20877,0
0,0,4,0,2,0.45322,0
0,0,4,0,3,0.16496,0
0,0,4,0,4,0.20812,0
0,0,4,1,0,-1.26111,23
0,0,4,1,1,-1.32019,20
0,0,4,1,2,-1.18358,12
0,0,4,1,3,0.05430,22
0,0,4,1,4,-1.30898,15
0,0,4,2,0,-1.33851,44
0,0,4,2,1,-1.39470,52
0,0,4,2,2,-1.23209,58
0,0,4,2,3,-1.30964,45
0,0,4,2,4,-1.32100,8
0,0,4,3,0,-1.27508,61
0,0,4,3,1,-0.77148,47
0,0,4,3,2,-1.40149,57
0,0,4,3,3,-1.40572,77
0,0,4,3,4,-0.19925,3
0,0,4,4,0,-1.16499,12
0,0,4,4,1,-1.30955,6
0,0,4,4,2,-1.08226,21
0,0,4,4,3,-1.26558,36
0,0,4,4,4,-0.68796,3
0,1,0,0,0,0.90463,0
0,1,0,0,1,0.76978,0
0,1,0,0,2,0.44084,0
0,1,0,0,3,0.92214,0
0,1,0,0,4,0.61674,0
0,1,0,1,0,0.39531,0
0,1,0,1,1,0.37163,2
0,1,0,1,2,0.97020,0
0,1,0,1,3,0.25662,575
0,1,0,1,4,0.92549,0
0,1,0,2,0,3.42765,56
0,1,0,2,1,2.25954,43
0,1,0,2,2,3.90956,44
0,1,0,2,3,2.64966,3473
0,1,0,2,4,3.21405,41
0,1,0,3,0,0.31457,61
0,1,0,3,1,-0.51196,64
0,1,0,3,2,0.78097,137
0,1,0,3,3,-0.35073,3162
0,1,0,3,4,-0.32930,65
0,1,0,4,0,3.87412,75
0,1,0,4,1,3.95425,21
0,1,0,4,2,3.93372,21
0,1,0,4,3,2.53715,1060
0,1,0,4,4,3.96620,35
0,1,1,0,0,-0.15365,4
0,1,1,0,1,0.44711,0
0,1,1,0,2,-0.01991,8
0,1,1,0,3,0.30483,0
0,1,1,0,4,-0.20793,5
0,1,1,1,0,0.29987,30
0,1,1,1,1,-0.22041,1115
0,1,1,1,2,0.32148,28
0,1,1,1,3,-0.02498,217
0,1,1,1,4,-0.66568,26
0,1,1,2,0,-1.06278,163
0,1,1,2,1,-1.17209,8607
0,1,1,2,2,0.82822,60
0,1,1,2,3,-1.03793,1744
0,1,1,2,4,0.68355,68
0,1,1,3,0,-0.96668,130
0,1,1,3,1,-1.16348,11160
0,1,1,3,2,-0.95754,55
0,1,1,3,3,-0.97022,2305
0,1,1,3,4,-1.00370,63
0,1,1,4,0,-1.00225,27
0,1,1,4,1,-1.12672,2188
0,1,1,4,2,-1.02002,34
0,1,1,4,3,0.20770,625
0,1,1,4,4,-1.18878,10
0,1,2,0,0,0.51716,8
0,1,2,0,1,-0.28105,7
0,1,2,0,2,-0.46421,9
0,1,2,0,3,-0.26640,2
0,1,2,0,4,-0.13000,2
0,1,2,1,0,1.42098,229
0,1,2,1,1,-0.68608,466
0,1,2,1,2,-0.81105,508
0,1,2,1,3,-0.19783,57
0,1,2,1,4,-0.27176,19
0,1,2,2,0,0.16400,2066
0,1,2,2,1,-1.08219,1337
0,1,2,2,2,-1.24355,1529
0,1,2,2,3,0.85393,550
0,1,2,2,4,-0.98740,40
0,1,2,3,0,-1.34984,2070
0,1,2,3,1,-0.63171,1653
0,1,2,3,2,-1.23122,2029
0,1,2,3,3,-1.10545,614
0,1,2,3,4,-1.12738,76
0,1,2,4,0,1.96499,475
0,1,2,4,1,-0.93185,560
0,1,2,4,2,0.94927,668
0,1,2,4,3,2.25869,172
0,1,2,4,4,-1.00872,28
0,1,3,0,0,-0.92320,18
0,1,3,0,1,-0.19780,1
0,1,3,0,2,0.45308,0
0,1,3,0,3,-1.12874,10
0,1,3,0,4,-0.14344,12
0,1,3,1,0,-1.18944,89
0,1,3,1,1,-1.32816,102
0,1,3,1,2,-1.27880,120
0,1,3,1,3,-1.33153,191
0,1,3,1,4,-1.45210,36
0,1,3,2,0,-1.33375,667
0,1,3,2,1,-1.34619,302
0,1,3,2,2,1.82405,415
0,1,3,2,3,-1.17561,1110
0,1,3,2,4,-0.89019,48
0,1,3,3,0,0.20395,783
0,1,3,3,1,-0.96921,397
0,1,3,3,2,-1.24567,536
0,1,3,3,3,0.09311,1219
0,1,3,3,4,-1.36745,69
0,1,3,4,0,-0.28157,228
0,1,3,4,1,-0.53942,148
0,1,3,4,2,0.23323,318
0,1,3,4,3,-1.11069,429
0,1,3,4,4,-0.56749,18
0,1,4,0,0,-1.12062,39
0,1,4,0,1,0.46146,0
0,1,4,0,2,0.21756,0
0,1,4,0,3,0.03173,0
0,1,4,0,4,0.67855,0
0,1,4,1,0,0.56523,136
0,1,4,1,1,-1.41567,30
0,1,4,1,2,-1.31550,48
0,1,4,1,3,0.24680,78
0,1,4,1,4,-1.44740,42
0,1,4,2,0,-1.12791,880
0,1,4,2,1,-1.25013,41
0,1,4,2,2,-0.90037,151
0,1,4,2,3,-0.78153,713
0,1,4,2,4,0.41040,250
0,1,4,3,0,0.61151,1402
0,1,4,3,1,-1.34524,62
0,1,4,3,2,-0.07599,178
0,1,4,3,3,1.11729,782
0,1,4,3,4,-0.60878,215
0,1,4,4,0,1.50711,368
0,1,4,4,1,-1.01032,46
0,1,4,4,2,0.98231,48
0,1,4,4,3,0.22278,260
0,1,4,4,4,-0.99799,69
0,2,0,0,0,0.45254,0
0,2,0,0,1,0.24863,0
0,2,0,0,2,0.61629,0
0,2,0,0,3,0.88202,0
0,2,0,0,4,0.00234,0
0,2,0,1,0,0.55356,0
0,2,0,1,1,0.85153,0
0,2,0,1,2,0.78637,0
0,2,0,1,3,0.08016,95
0,2,0,1,4,0.69021,0
0,2,0,2,0,1.55291,12
0,2,0,2,1,0.61563,14
0,2,0,2,2,1.55182,10
0,2,0,2,3,0.17818,833
0,2,0,2,4,0.73757,0
0,2,0,3,0,2.02517,6
0,2,0,3,1,0.81189,0
0,2,0,3,2,3.14442,9
0,2,0,3,3,1.83069,483
0,2,0,3,4,2.98259,10
0,2,0,4,0,3.75677,31
0,2,0,4,1,3.82481,25
0,2,0,4,2,3.82675,36
0,2,0,4,3,3.83715,441
0,2,0,4,4,3.78287,36
0,2,1,0,0,-0.29877,5
0,2,1,0,1,-0.29964,5
0,2,1,0,2,-0.31944,2
0,2,1,0,3,-0.55504,7
0,2,1,0,4,-0.27884,4
0,2,1,1,0,-1.23531,560
0,2,1,1,1,0.54119,57
0,2,1,1,2,-0.28395,21
0,2,1,1,3,-1.15696,245
0,2,1,1,4,-1.38827,788
0,2,1,2,0,-1.29716,1515
0,2,1,2,1,-1.00209,190
0,2,1,2,2,-1.09335,133
0,2,1,2,3,-1.34626,456
0,2,1,2,4,-1.41038,1394
0,2,1,3,0,-1.06908,2115
0,2,1,3,1,-1.04581,82
0,2,1,3,2,-1.02493,136
0,2,1,3,3,-1.05328,463
0,2,1,3,4,-1.23933,1846
0,2,1,4,0,-0.92178,789
0,2,1,4,1,-1.05648,32
0,2,1,4,2,0.16300,48
0,2,1,4,3,-0.94135,138
0,2,1,4,4,-1.12495,1130
0,2,2,0,0,0.06909,0
0,2,2,0,1,-0.34526,8
0,2,2,0,2,-0.25946,10
0,2,2,0,3,-0.28764,6
0,2,2,0,4,-0.15571,7
0,2,2,1,0,-1.28279,281
0,2,2,1,1,-0.82019,23
0,2,2,1,2,-0.15536,822
0,2,2,1,3,1.06334,207
0,2,2,1,4,-1.29062,12
0,2,2,2,0,-1.27499,569
0,2,2,2,1,-0.51530,58
0,2,2,2,2,-1.14821,1626
0,2,2,2,3,-1.10289,556
0,2,2,2,4,-0.38603,21
0,2,2,3,0,1.89602,636
0,2,2,3,1,-1.31997,93
0,2,2,3,2,-1.19696,1645
0,2,2,3,3,-0.62995,699
0,2,2,3,4,-0.73013,56
0,2,2,4,0,2.64612,498
0,2,2,4,1,0.01754,39
0,2,2,4,2,-1.18745,981
0,2,2,4,3,-0.42644,378
0,2,2,4,4,1.07970,4
0,2,3,0,0,-1.02498,30
0,2,3,0,1,-0.48988,12
0,2,3,0,2,-1.16325,19
0,2,3,0,3,-1.01893,18
0,2,3,0,4,-0.48429,29
0,2,3,1,0,-0.93731,312
0,2,3,1,1,-1.37151,413
0,2,3,1,2,-1.02379,530
0,2,3,1,3,-1.13711,191
0,2,3,1,4,-1.14048,231
0,2,3,2,0,-0.82624,997
0,2,3,2,1,-1.00170,1022
0,2,3,2,2,1.46801,2870
0,2,3,2,3,-0.85107,1015
0,2,3,2,4,-1.05739,434
0,2,3,3,0,-0.99807,1383
0,2,3,3,1,-1.32127,1240
0,2,3,3,2,1.58973,3496
0,2,3,3,3,0.25076,1372
0,2,3,3,4,-0.52003,560
0,2,3,4,0,0.31575,629
0,2,3,4,1,-0.39254,682
0,2,3,4,2,-0.20607,1150
0,2,3,4,3,-0.13836,352
0,2,3,4,4,-0.20073,338
0,2,4,0,0,-1.20809,21
0,2,4,0,1,0.15753,12
0,2,4,0,2,0.94754,0
0,2,4,0,3,-0.78878,10
0,2,4,0,4,-0.55450,3
0,2,4,1,0,-1.17539,330
0,2,4,1,1,-1.31892,104
0,2,4,1,2,-1.37026,122
0,2,4,1,3,-1.31945,171
0,2,4,1,4,-1.38431,83
0,2,4,2,0,-1.25201,1681
0,2,4,2,1,-1.05680,208
0,2,4,2,2,-1.17156,350
0,2,4,2,3,-1.11203,914
0,2,4,2,4,-1.11298,327
0,2,4,3,0,-1.15444,1804
0,2,4,3,1,-1.22570,225
0,2,4,3,2,-1.42504,387
0,2,4,3,3,-1.11078,957
0,2,4,3,4,-1.34147,391
0,2,4,4,0,-1.41130,823
0,2,4,4,1,-0.94593,89
0,2,4,4,2,0.09451,186
0,2,4,4,3,-1.23545,284
0,2,4,4,4,-0.35711,137
0,3,0,0,0,0.11001,0
0,3,0,0,1,0.70720,0
0,3,0,0,2,0.02529,0
0,3,0,0,3,0.41919,0
0,3,0,0,4,0.31969,0
0,3,0,1,0,0.58738,0
0,3,0,1,1,-0.05253,343
0,3,0,1,2,0.42962,0
0,3,0,1,3,0.13497,21
0,3,0,1,4,0.51330,0
0,3,0,2,0,0.33240,0
0,3,0,2,1,-0.23824,375
0,3,0,2,2,0.10527,0
0,3,0,2,3,-0.11324,21
0,3,0,2,4,0.18235,0
0,3,0,3,0,-0.01697,8
0,3,0,3,1,-0.85065,2011
0,3,0,3,2,-0.39996,15
0,3,0,3,3,-0.65338,126
0,3,0,3,4,-0.55086,8
0,3,0,4,0,0.50400,0
0,3,0,4,1,-0.43472,812
0,3,0,4,2,0.32794,0
0,3,0,4,3,-0.24501,7
0,3,0,4,4,0.00370,0
0,3,1,0,0,0.18120,0
0,3,1,0,1,0.18821,3
0,3,1,0,2,0.28042,3
0,3,1,0,3,-0.01799,3
0,3,1,0,4,0.14979,4
0,3,1,1,0,-0.80520,5
0,3,1,1,1,-0.80912,11
0,3,1,1,2,-0.97890,962
0,3,1,1,3,-1.00007,130
0,3,1,1,4,-1.12682,551
0,3,1,2,0,-0.49480,8
0,3,1,2,1,0.96889,10
0,3,1,2,2,-1.25993,1873
0,3,1,2,3,-0.54700,213
0,3,1,2,4,0.02070,793
0,3,1,3,0,0.34221,81
0,3,1,3,1,-0.85326,27
0,3,1,3,2,-0.11834,2294
0,3,1,3,3,-0.98920,531
0,3,1,3,4,-0.64637,1981
0,3,1,4,0,-0.24160,11
0,3,1,4,1,-0.41774,13
0,3,1,4,2,-0.30620,1600
0,3,1,4,3,0.96304,212
0,3,1,4,4,0.71262,839
0,3,2,0,0,-0.82281,11
0,3,2,0,1,-0.87721,21
0,3,2,0,2,-0.77254,29
0,3,2,0,3,-0.96017,41
0,3,2,0,4,0.47802,19
0,3,2,1,0,1.07500,6
0,3,2,1,1,-0.24029,3
0,3,2,1,2,0.36875,490
0,3,2,1,3,1.78672,293
0,3,2,1,4,0.67827,346
0,3,2,2,0,-1.03279,8
0,3,2,2,1,-0.67868,14
0,3,2,2,2,-1.14959,521
0,3,2,2,3,-1.21209,429
0,3,2,2,4,0.22505,785
0,3,2,3,0,-0.00629,30
0,3,2,3,1,0.40355,11
0,3,2,3,2,-0.44246,779
0,3,2,3,3,0.98552,648
0,3,2,3,4,0.32011,1197
0,3,2,4,0,0.39366,7
0,3,2,4,1,-0.28702,29
0,3,2,4,2,0.04524,650
0,3,2,4,3,0.04524,639
0,3,2,4,4,-0.18922,843
0,3,3,0,0,-0.55031,8
0,3,3,0,1,-0.46986,6
0,3,3,0,2,-0.62774,7
0,3,3,0,3,-0.75583,11
0,3,3,0,4,-0.64511,12
0,3,3,1,0,-1.34183,278
0,3,3,1,1,-1.38137,162
0,3,3,1,2,-1.38118,103
0,3,3,1,3,-1.44389,137
0,3,3,1,4,-1.26249,65
0,3,3,2,0,-1.12608,218
0,3,3,2,1,-0.94722,85
0,3,3,2,2,-1.26203,57
0,3,3,2,3,-1.21956,199
0,3,3,2,4,-1.21956,97
0,3,3,3,0,-1.33712,625
0,3,3,3,1,-1.44036,200
0,3,3,3,2,-1.44052,108
0,3,3,3,3,-1.37793,231
0,3,3,3,4,-1.37784,157
0,3,3,4,0,0.26655,320
0,3,3,4,1,-0.01585,85
0,3,3,4,2,-0.28446,103
0,3,3,4,3,-0.17527,217
0,3,3,4,4,-0.23732,44
0,3,4,0,0,0.39665,4
0,3,4,0,1,-0.63909,31
0,3,4,0,2,0.20131,9
0,3,4,0,3,-0.27270,7
0,3,4,0,4,0.38033,4
0,3,4,1,0,-0.71989,179
0,3,4,1,1,-1.36565,137
0,3,4,1,2,-1.39966,82
0,3,4,1,3,-0.90573,139
0,3,4,1,4,-1.39966,90
0,3,4,2,0,0.43111,340
0,3,4,2,1,-1.02206,226
0,3,4,2,2,-0.04406,17
0,3,4,2,3,0.47548,230
0,3,4,2,4,2.64459,14
0,3,4,3,0,-1.18838,397
0,3,4,3,1,-0.96711,278
0,3,4,3,2,-1.41697,112
0,3,4,3,3,-1.17021,280
0,3,4,3,4,2.05309,47
0,3,4,4,0,-1.27838,184
0,3,4,4,1,-1.35162,226
0,3,4,4,2,-1.16971,181
0,3,4,4,3,-1.08395,159
0,3,4,4,4,-1.22869,50
0,4,0,0,0,0.85812,0
0,4,0,0,1,0.92407,0
0,4,0,0,2,0.69189,0
0,4,0,0,3,0.33752,0
0,4,0,0,4,0.92888,0
0,4,0,1,0,0.36544,0
0,4,0,1,1,0.70541,0
0,4,0,1,2,0.81640,0
0,4,0,1,3,3.97321,7
0,4,0,1,4,2.59375,713
0,4,0,2,0,0.62580,0
0,4,0,2,1,0.19751,0
0,4,0,2,2,0.51400,0
0,4,0,2,3,2.73304,7
0,4,0,2,4,3.24984,176
0,4,0,3,0,0.02266,0
0,4,0,3,1,0.34997,0
0,4,0,3,2,0.32274,0
0,4,0,3,3,3.98916,14
0,4,0,3,4,4.00017,233
0,4,0,4,0,0.56711,0
0,4,0,4,1,0.04750,0
0,4,0,4,2,0.91330,0
0,4,0,4,3,1.00157,7
0,4,0,4,4,-1.23437,251
0,4,1,0,0,0.83318,0
0,4,1,0,1,0.26331,3
0,4,1,0,2,0.30703,3
0,4,1,0,3,0.76185,0
0,4,1,0,4,0.23847,0
0,4,1,1,0,-1.34571,47
0,4,1,1,1,-0.93748,43
0,4,1,1,2,0.55057,0
0,4,1,1,3,-0.66188,10
0,4,1,1,4,0.66515,0
0,4,1,2,0,-1.14790,34
0,4,1,2,1,0.27010,17
0,4,1,2,2,0.68985,0
0,4,1,2,3,0.86022,0
0,4,1,2,4,0.37877,0
0,4,1,3,0,-0.06034,64
0,4,1,3,1,0.75725,39
0,4,1,3,2,0.66773,0
0,4,1,3,3,-1.00022,4
0,4,1,3,4,0.46725,0
0,4,1,4,0,-0.46450,200
0,4,1,4,1,-0.69060,52
0,4,1,4,2,0.45480,0
0,4,1,4,3,0.09960,0
0,4,1,4,4,0.91472,0
0,4,2,0,0,0.38281,0
0,4,2,0,1,0.41536,0
0,4,2,0,2,0.79360,0
0,4,2,0,3,0.79430,0
0,4,2,0,4,0.19368,0
0,4,2,1,0,-0.10803,3
0,4,2,1,1,-0.15325,1
0,4,2,1,2,0.74993,0
0,4,2,1,3,-0.50415,96
0,4,2,1,4,0.27751,0
0,4,2,2,0,0.79131,0
0,4,2,2,1,-0.42309,3
0,4,2,2,2,-0.67746,2
0,4,2,2,3,-0.06538,63
0,4,2,2,4,0.76881,0
0,4,2,3,0,0.98777,0
0,4,2,3,1,2.16082,3
0,4,2,3,2,0.04158,0
0,4,2,3,3,2.12129,65
0,4,2,3,4,2.19627,3
0,4,2,4,0,0.53076,0
0,4,2,4,1,0.04750,0
0,4,2,4,2,0.15080,0
0,4,2,4,3,-0.00188,113
0,4,2,4,4,0.60697,0
0,4,3,0,0,0.33609,0
0,4,3,0,1,0.76034,0
0,4,3,0,2,0.40485,0
0,4,3,0,3,0.30763,0
0,4,3,0,4,0.37474,0
0,4,3,1,0,-0.53306,11
0,4,3,1,1,-0.37563,12
0,4,3,1,2,-1.19058,12
0,4,3,1,3,-0.75929,9
0,4,3,1,4,-0.77703,8
0,4,3,2,0,0.14019,4
0,4,3,2,1,-0.26986,43
0,4,3,2,2,0.10543,4
0,4,3,2,3,0.47611,0
0,4,3,2,4,-0.80099,4
0,4,3,3,0,0.10586,0
0,4,3,3,1,0.33704,7
0,4,3,3,2,0.83013,0
0,4,3,3,3,0.17934,0
0,4,3,3,4,0.28151,0
0,4,3,4,0,0.41631,11
0,4,3,4,1,-0.12527,41
0,4,3,4,2,0.73169,0
0,4,3,4,3,0.26136,3
0,4,3,4,4,0.29364,3
0,4,4,0,0,0.28054,0
0,4,4,0,1,0.75836,0
0,4,4,0,2,0.40468,0
0,4,4,0,3,0.77290,0
0,4,4,0,4,0.81642,0
0,4,4,1,0,-0.83467,9
0,4,4,1,1,-0.51290,4
0,4,4,1,2,-0.58687,8
0,4,4,1,3,-0.58037,6
0,4,4,1,4,-0.54457,7
0,4,4,2,0,-0.14388,4
0,4,4,2,1,0.10914,0
0,4,4,2,2,0.05810,0
0,4,4,2,3,0.10560,0
0,4,4,2,4,-0.35846,13
0,4,4,3,0,0.26214,4
0,4,4,3,1,0.28637,0
0,4,4,3,2,0.70074,0
0,4,4,3,3,0.62755,0
0,4,4,3,4,0.22066,16
0,4,4,4,0,0.89668,0
0,4,4,4,1,0.08995,0
0,4,4,4,2,0.97136,0
0,4,4,4,3,0.09664,0
0,4,4,4,4,0.07303,79
1,0,0,0,0,0.51441,0
1,0,0,0,1,0.22768,0
1,0,0,0,2,0.25597,0
1,0,0,0,3,0.37337,0
1,0,0,0,4,0.35518,0
1,0,0,1,0,0.35067,0
1,0,0,1,1,0.65424,0
1,0,0,1,2,0.34164,0
1,0,0,1,3,0.12120,0
1,0,0,1,4,0.91024,0
1,0,0,2,0,-0.75350,20
1,0,0,2,1,-0.00118,9
1,0,0,2,2,-0.77255,3
1,0,0,2,3,0.60153,1
1,0,0,2,4,0.59396,0
1,0,0,3,0,1.09157,1
1,0,0,3,1,0.19630,0
1,0,0,3,2,0.15815,0
1,0,0,3,3,2.81867,134
1,0,0,3,4,0.00965,0
1,0,0,4,0,-0.14924,6
1,0,0,4,1,0.17983,0
1,0,0,4,2,0.13944,0
1,0,0,4,3,0.50265,0
1,0,0,4,4,0.34385,0
1,0,1,0,0,0.37413,0
1,0,1,0,1,-0.22508,80
1,0,1,0,2,0.14477,0
1,0,1,0,3,1.05375,14
1,0,1,0,4,0.10275,0
1,0,1,1,0,0.09978,84
1,0,1,1,1,1.78953,5100
1,0,1,1,2,2.85825,430
1,0,1,1,3,3.99994,2695
1,0,1,1,4,0.03506,81
1,0,1,2,0,2.31876,434
1,0,1,2,1,0.92563,16193
1,0,1,2,2,0.96736,1895
1,0,1,2,3,2.29574,6484
1,0,1,2,4,2.87311,315
1,0,1,3,0,2.02513,355
1,0,1,3,1,3.13943,19168
1,0,1,3,2,2.69083,1876
1,0,1,3,3,2.90527,9077
1,0,1,3,4,1.75919,225
1,0,1,4,0,1.06448,19
1,0,1,4,1,-0.95035,6226
1,0,1,4,2,2.76155,798
1,0,1,4,3,3.99974,3008
1,0,1,4,4,3.64188,396
1,0,2,0,0,2.97491,1
1,0,2,0,1,0.03552,3
1,0,2,0,2,-0.11876,3
1,0,2,0,3,-0.20498,6
1,0,2,0,4,-0.13607,3
1,0,2,1,0,0.84163,602
1,0,2,1,1,2.16872,108
1,0,2,1,2,-0.32073,3553
1,0,2,1,3,1.42816,873
1,0,2,1,4,-0.90787,37
1,0,2,2,0,-0.72833,2003
1,0,2,2,1,-0.60842,535
1,0,2,2,2,-0.48677,13282
1,0,2,2,3,-0.58329,2586
1,0,2,2,4,0.14142,163
1,0,2,3,0,1.53113,2607
1,0,2,3,1,0.32722,807
1,0,2,3,2,-0.83671,19027
1,0,2,3,3,1.97213,4025
1,0,2,3,4,-0.85879,198
1,0,2,4,0,2.06610,1086
1,0,2,4,1,-0.27656,234
1,0,2,4,2,1.81701,6015
1,0,2,4,3,-0.02357,1065
1,0,2,4,4,0.61471,46
1,0,3,0,0,0.46288,0
1,0,3,0,1,0.09315,0
1,0,3,0,2,0.28524,0
1,0,3,0,3,0.46013,1
1,0,3,0,4,0.39616,0
1,0,3,1,0,-0.26633,630
1,0,3,1,1,0.18660,200
1,0,3,1,2,-0.13407,117
1,0,3,1,3,0.58136,228
1,0,3,1,4,-1.20386,51
1,0,3,2,0,1.09317,2619
1,0,3,2,1,0.95318,780
1,0,3,2,2,0.79972,495
1,0,3,2,3,1.86866,981
1,0,3,2,4,-1.08824,198
1,0,3,3,0,-0.83116,3868
1,0,3,3,1,-0.33778,1114
1,0,3,3,2,-0.70104,744
1,0,3,3,3,-0.60500,1082
1,0,3,3,4,0.15079,246
1,0,3,4,0,-0.34520,1259
1,0,3,4,1,-0.24628,373
1,0,3,4,2,-0.21388,341
1,0,3,4,3,0.04816,361
1,0,3,4,4,-0.04355,63
1,0,4,0,0,0.52688,0
1,0,4,0,1,0.59023,0
1,0,4,0,2,0.01399,0
1,0,4,0,3,0.19278,10
1,0,4,0,4,0.01251,0
1,0,4,1,0,-1.17766,143
1,0,4,1,1,-0.66965,179
1,0,4,1,2,-1.11721,131
1,0,4,1,3,1.32158,235
1,0,4,1,4,-1.20405,47
1,0,4,2,0,-1.08704,526
1,0,4,2,1,0.77908,611
1,0,4,2,2,0.56561,348
1,0,4,2,3,1.25322,905
1,0,4,2,4,-0.73287,162
1,0,4,3,0,-1.19980,804
1,0,4,3,1,1.74134,997
1,0,4,3,2,2.70559,605
1,0,4,3,3,2.42779,975
1,0,4,3,4,-0.98683,261
1,0,4,4,0,-1.00443,306
1,0,4,4,1,0.30955,238
1,0,4,4,2,0.71096,188
1,0,4,4,3,0.99843,259
1,0,4,4,4,-1.19977,108
1,1,0,0,0,0.45158,1
1,1,0,0,1,0.10906,0
1,1,0,0,2,0.67646,0
1,1,0,0,3,1.33868,69
1,1,0,0,4,0.26730,0
1,1,0,1,0,0.28097,295
1,1,0,1,1,0.01613,18
1,1,0,1,2,1.08099,7
1,1,0,1,3,1.21073,2876
1,1,0,1,4,-0.74798,8
1,1,0,2,0,0.32884,1525
1,1,0,2,1,0.30037,57
1,1,0,2,2,1.01925,114
1,1,0,2,3,-0.20859,26081
1,1,0,2,4,3.99722,23
1,1,0,3,0,3.99879,1925
1,1,0,3,1,2.74909,74
1,1,0,3,2,2.74915,276
1,1,0,3,3,2.85119,29037
1,1,0,3,4,2.81830,134
1,1,0,4,0,0.91614,475
1,1,0,4,1,0.58442,25
1,1,0,4,2,2.81610,193
1,1,0,4,3,1.08715,4962
1,1,0,4,4,3.73574,11
1,1,1,0,0,-0.87752,14
1,1,1,0,1,-0.90383,104
1,1,1,0,2,-0.91462,16
1,1,1,0,3,3.99928,500
1,1,1,0,4,-0.90416,16
1,1,1,1,0,-0.90564,727
1,1,1,1,1,-0.98437,3468
1,1,1,1,2,2.79139,2295
1,1,1,1,3,-0.47771,37641
1,1,1,1,4,1.07943,1354
1,1,1,2,0,0.74896,3036
1,1,1,2,1,-0.61633,24523
1,1,1,2,2,2.90447,10580
1,1,1,2,3,3.99928,239897
1,1,1,2,4,-0.48018,5147
1,1,1,3,0,3.82502,3799
1,1,1,3,1,0.90562,28822
1,1,1,3,2,0.54131,12394
1,1,1,3,3,3.99643,285054
1,1,1,3,4,-0.70174,4544
1,1,1,4,0,2.29703,946
1,1,1,4,1,-0.86832,5435
1,1,1,4,2,2.58347,3349
1,1,1,4,3,3.99998,62552
1,1,1,4,4,-0.79655,1265
1,1,2,0,0,-1.06737,18
1,1,2,0,1,-0.99638,64
1,1,2,0,2,-0.99624,65
1,1,2,0,3,0.24493,38
1,1,2,0,4,-1.05631,31
1,1,2,1,0,1.14679,377
1,1,2,1,1,-0.81806,3980
1,1,2,1,2,1.11564,10336
1,1,2,1,3,-1.12389,4346
1,1,2,1,4,-0.95151,3657
1,1,2,2,0,-0.21623,1633
1,1,2,2,1,1.56178,25447
1,1,2,2,2,1.88890,64513
1,1,2,2,3,-0.35518,36688
1,1,2,2,4,0.55173,13199
1,1,2,3,0,0.81997,1885
1,1,2,3,1,1.67221,30293
1,1,2,3,2,3.77301,83243
1,1,2,3,3,-1.12483,42265
1,1,2,3,4,-0.99771,14699
1,1,2,4,0,2.15763,770
1,1,2,4,1,-0.75925,6904
1,1,2,4,2,0.41212,19045
1,1,2,4,3,2.35131,7939
1,1,2,4,4,-0.43281,4699
1,1,3,0,0,-0.82320,11
1,1,3,0,1,-0.78501,49
1,1,3,0,2,-1.08612,36
1,1,3,0,3,-0.96837,122
1,1,3,0,4,-1.01279,36
1,1,3,1,0,-1.17343,1659
1,1,3,1,1,0.07152,6478
1,1,3,1,2,-1.28038,1518
1,1,3,1,3,0.42870,3027
1,1,3,1,4,-1.26114,1169
1,1,3,2,0,0.63526,9224
1,1,3,2,1,3.11073,53024
1,1,3,2,2,-0.64431,8679
1,1,3,2,3,-0.85549,22448
1,1,3,2,4,0.25844,3650
1,1,3,3,0,-0.60390,11029
1,1,3,3,1,2.57623,64310
1,1,3,3,2,-0.11410,11468
1,1,3,3,3,-0.90912,25102
1,1,3,3,4,0.33371,3714
1,1,3,4,0,0.70751,2931
1,1,3,4,1,-1.00813,13672
1,1,3,4,2,-0.85602,3015
1,1,3,4,3,-0.47676,4876
1,1,3,4,4,-0.22693,1207
1,1,4,0,0,-0.94534,49
1,1,4,0,1,-0.66463,20
1,1,4,0,2,-1.08077,68
1,1,4,0,3,-1.09069,129
1,1,4,0,4,0.41347,8
1,1,4,1,0,-1.19436,1239
1,1,4,1,1,-1.10836,2254
1,1,4,1,2,-1.29586,1331
1,1,4,1,3,1.14000,2491
1,1,4,1,4,-1.27835,472
1,1,4,2,0,-0.52872,6303
1,1,4,2,1,-0.07744,21326
1,1,4,2,2,-0.00896,5590
1,1,4,2,3,0.37101,21174
1,1,4,2,4,-0.89654,1286
1,1,4,3,0,-1.09466,7764
1,1,4,3,1,-0.11816,26286
1,1,4,3,2,1.79119,6378
1,1,4,3,3,0.31827,23123
1,1,4,3,4,-0.90362,1249
1,1,4,4,0,-1.11546,2232
1,1,4,4,1,0.30576,4712
1,1,4,4,2,-0.05641,1813
1,1,4,4,3,1.27108,5132
1,1,4,4,4,-0.65419,411
1,2,0,0,0,-0.23278,6
1,2,0,0,1,-0.69905,10
1,2,0,0,2,-0.51636,21
1,2,0,0,3,-0.20779,4
1,2,0,0,4,-0.50869,5
1,2,0,1,0,-0.40462,4
1,2,0,1,1,-0.50293,1587
1,2,0,1,2,1.11753,354
1,2,0,1,3,1.69653,839
1,2,0,1,4,0.69653,70
1,2,0,2,0,1.89526,36
1,2,0,2,1,0.87453,7799
1,2,0,2,2,1.18006,2123
1,2,0,2,3,2.42144,4893
1,2,0,2,4,2.81509,104
1,2,0,3,0,2.51069,32
1,2,0,3,1,0.63042,12553
1,2,0,3,2,2.81466,2290
1,2,0,3,3,1.27842,6276
1,2,0,3,4,1.59245,17
1,2,0,4,0,1.81969,4
1,2,0,4,1,0.81381,2014
1,2,0,4,2,1.63201,581
1,2,0,4,3,3.36477,1396
1,2,0,4,4,1.35462,17
1,2,1,0,0,-0.97719,36
1,2,1,0,1,-0.98898,159
1,2,1,0,2,-0.92787,20
1,2,1,0,3,-0.91922,37
1,2,1,0,4,-0.99025,33
1,2,1,1,0,-0.57755,707
1,2,1,1,1,-0.43548,10257
1,2,1,1,2,-0.87838,1867
1,2,1,1,3,4.00017,5233
1,2,1,1,4,-0.89160,1637
1,2,1,2,0,-0.70549,1994
1,2,1,2,1,-0.96521,42363
1,2,1,2,2,-0.85959,7906
1,2,1,2,3,-0.97243,18311
1,2,1,2,4,-0.47695,5821
1,2,1,3,0,-0.27943,2427
1,2,1,3,1,0.07752,53243
1,2,1,3,2,-0.09829,10519
1,2,1,3,3,-1.05072,18136
1,2,1,3,4,-0.02617,6048
1,2,1,4,0,-0.86906,748
1,2,1,4,1,-0.90575,16795
1,2,1,4,2,0.65355,3041
1,2,1,4,3,-0.63749,6030
1,2,1,4,4,-0.41098,2282
1,2,2,0,0,-0.98511,87
1,2,2,0,1,-0.12718,232
1,2,2,0,2,-0.99317,56
1,2,2,0,3,-0.99425,90
1,2,2,0,4,-0.99268,31
1,2,2,1,0,-0.54771,2083
1,2,2,1,1,1.85078,9669
1,2,2,1,2,-0.94818,2232
1,2,2,1,3,0.23702,2506
1,2,2,1,4,-0.83513,755
1,2,2,2,0,0.74742,7412
1,2,2,2,1,1.31961,49216
1,2,2,2,2,-0.69311,10561
1,2,2,2,3,3.26581,8178
1,2,2,2,4,-0.62636,2771
1,2,2,3,0,2.42320,10087
1,2,2,3,1,1.54045,58115
1,2,2,3,2,1.53550,12093
1,2,2,3,3,2.73432,9587
1,2,2,3,4,1.17679,3004
1,2,2,4,0,-0.69967,3044
1,2,2,4,1,0.42883,13187
1,2,2,4,2,-0.73840,3337
1,2,2,4,3,2.81403,3492
1,2,2,4,4,2.40854,734
1,2,3,0,0,-1.18044,110
1,2,3,0,1,-1.13529,126
1,2,3,0,2,-1.04049,44
1,2,3,0,3,-1.00161,93
1,2,3,0,4,-1.02723,12
1,2,3,1,0,-1.16836,4592
1,2,3,1,1,-0.14217,6689
1,2,3,1,2,-1.29790,1143
1,2,3,1,3,1.30236,4337
1,2,3,1,4,-1.44269,561
1,2,3,2,0,-0.84861,23465
1,2,3,2,1,-0.61660,30237
1,2,3,2,2,-0.41979,4541
1,2,3,2,3,2.90436,25107
1,2,3,2,4,-1.04803,1751
1,2,3,3,0,-0.30172,31400
1,2,3,3,1,0.95030,41299
1,2,3,3,2,0.85858,6011
1,2,3,3,3,2.02446,31503
1,2,3,3,4,-0.68187,2448
1,2,3,4,0,-0.84679,8615
1,2,3,4,1,1.70312,10723
1,2,3,4,2,0.07734,1560
1,2,3,4,3,3.15550,8963
1,2,3,4,4,-0.20786,643
1,2,4,0,0,-1.02645,54
1,2,4,0,1,-0.57793,52
1,2,4,0,2,0.16396,17
1,2,4,0,3,-1.12315,136
1,2,4,0,4,-1.18529,96
1,2,4,1,0,-1.35593,953
1,2,4,1,1,-1.32973,3411
1,2,4,1,2,-0.98746,1112
1,2,4,1,3,-1.30054,2747
1,2,4,1,4,-1.35599,889
1,2,4,2,0,-0.92765,4452
1,2,4,2,1,-0.94952,22510
1,2,4,2,2,-0.96356,5183
1,2,4,2,3,-0.93796,15634
1,2,4,2,4,-0.72321,3455
1,2,4,3,0,-0.89812,4679
1,2,4,3,1,-1.13437,27792
1,2,4,3,2,-0.47826,6732
1,2,4,3,3,-0.99645,16308
1,2,4,3,4,-0.98764,3077
1,2,4,4,0,-1.17869,1270
1,2,4,4,1,-0.85138,6035
1,2,4,4,2,-0.96302,1674
1,2,4,4,3,-0.94207,4935
1,2,4,4,4,0.24865,1221
1,3,0,0,0,-0.54998,9
1,3,0,0,1,-0.62925,26
1,3,0,0,2,0.24390,9
1,3,0,0,3,-0.26551,7
1,3,0,0,4,-0.30347,12
1,3,0,1,0,-0.00450,4
1,3,0,1,1,0.85685,1258
1,3,0,1,2,1.99662,207
1,3,0,1,3,0.20434,388
1,3,0,1,4,0.91544,591
1,3,0,2,0,-0.44104,8
1,3,0,2,1,-0.57199,2441
1,3,0,2,2,2.20239,439
1,3,0,2,3,-0.57987,534
1,3,0,2,4,1.66922,1379
1,3,0,3,0,-0.63916,8
1,3,0,3,1,0.38329,3026
1,3,0,3,2,-0.72936,543
1,3,0,3,3,-0.58328,1582
1,3,0,3,4,1.49755,847
1,3,0,4,0,0.32840,5
1,3,0,4,1,0.00401,1612
1,3,0,4,2,2.67892,823
1,3,0,4,3,1.73719,718
1,3,0,4,4,0.36701,576
1,3,1,0,0,-0.95553,30
1,3,1,0,1,-0.51577,73
1,3,1,0,2,-0.98512,26
1,3,1,0,3,-0.96080,40
1,3,1,0,4,-0.95608,50
1,3,1,1,0,3.65827,63
1,3,1,1,1,-0.83791,4331
1,3,1,1,2,-0.18584,463
1,3,1,1,3,0.29760,5814
1,3,1,1,4,0.21263,728
1,3,1,2,0,-0.80016,346
1,3,1,2,1,-0.97684,7773
1,3,1,2,2,-0.94773,410
1,3,1,2,3,-0.87033,11489
1,3,1,2,4,0.61159,639
1,3,1,3,0,-0.98129,136
1,3,1,3,1,1.97483,14050
1,3,1,3,2,0.13194,741
1,3,1,3,3,-0.97571,17244
1,3,1,3,4,-0.97930,1255
1,3,1,4,0,0.90096,118
1,3,1,4,1,-0.96075,6685
1,3,1,4,2,-0.46058,521
1,3,1,4,3,-0.52488,8879
1,3,1,4,4,0.66500,715
1,3,2,0,0,-0.99393,66
1,3,2,0,1,-0.99640,119
1,3,2,0,2,-1.00348,69
1,3,2,0,3,-0.01130,158
1,3,2,0,4,-0.99376,63
1,3,2,1,0,-0.95415,808
1,3,2,1,1,-0.83145,1920
1,3,2,1,2,-0.61772,2513
1,3,2,1,3,0.01483,2351
1,3,2,1,4,-0.88381,1229
1,3,2,2,0,-0.12726,1624
1,3,2,2,1,0.33377,3597
1,3,2,2,2,0.39094,6768
1,3,2,2,3,1.26521,3685
1,3,2,2,4,-0.36088,1971
1,3,2,3,0,-0.58264,2511
1,3,2,3,1,-0.60074,5451
1,3,2,3,2,-0.85054,7838
1,3,2,3,3,-0.62296,5399
1,3,2,3,4,-0.23566,2624
1,3,2,4,0,-0.13335,1488
1,3,2,4,1,0.77357,2725
1,3,2,4,2,1.27284,2977
1,3,2,4,3,3.08363,4647
1,3,2,4,4,-0.14029,1275
1,3,3,0,0,-1.09893,30
1,3,3,0,1,-0.62135,62
1,3,3,0,2,-1.02421,50
1,3,3,0,3,-1.07374,72
1,3,3,0,4,-0.96036,33
1,3,3,1,0,-1.22523,807
1,3,3,1,1,0.69287,993
1,3,3,1,2,0.59003,1693
1,3,3,1,3,-1.13054,1683
1,3,3,1,4,-1.16089,359
1,3,3,2,0,-0.81667,904
1,3,3,2,1,0.15534,1785
1,3,3,2,2,-1.05559,4332
1,3,3,2,3,2.12094,1956
1,3,3,2,4,-0.62422,552
1,3,3,3,0,-0.56677,1339
1,3,3,3,1,-0.08442,1547
1,3,3,3,2,0.04982,6655
1,3,3,3,3,1.34920,3291
1,3,3,3,4,-0.52235,523
1,3,3,4,0,-0.96525,946
1,3,3,4,1,0.90086,813
1,3,3,4,2,0.01710,3394
1,3,3,4,3,1.70096,1682
1,3,3,4,4,-0.93013,272
1,3,4,0,0,-1.23134,53
1,3,4,0,1,-0.48384,39
1,3,4,0,2,-1.15857,91
1,3,4,0,3,-1.11627,285
1,3,4,0,4,-0.71767,37
1,3,4,1,0,-1.25718,859
1,3,4,1,1,-1.25718,1240
1,3,4,1,2,-1.25983,667
1,3,4,1,3,1.13730,1433
1,3,4,1,4,-1.26718,549
1,3,4,2,0,-1.03020,1311
1,3,4,2,1,-1.20085,1473
1,3,4,2,2,-1.00581,990
1,3,4,2,3,1.90616,2752
1,3,4,2,4,0.98291,488
1,3,4,3,0,-0.85945,1843
1,3,4,3,1,-0.82074,2323
1,3,4,3,2,0.21500,937
1,3,4,3,3,0.84276,3971
1,3,4,3,4,-1.06601,847
1,3,4,4,0,-0.89369,1377
1,3,4,4,1,0.28454,1025
1,3,4,4,2,-1.04357,423
1,3,4,4,3,-0.38554,1734
1,3,4,4,4,-0.93560,504
1,4,0,0,0,-0.16390,4
1,4,0,0,1,-0.23568,2
1,4,0,0,2,0.12243,3
1,4,0,0,3,-0.05326,7
1,4,0,0,4,0.17086,76
1,4,0,1,0,0.55481,0
1,4,0,1,1,0.15610,0
1,4,0,1,2,0.63985,0
1,4,0,1,3,2.73969,140
1,4,0,1,4,2.41611,996
1,4,0,2,0,0.79381,0
1,4,0,2,1,0.51838,1
1,4,0,2,2,0.88934,0
1,4,0,2,3,1.13229,189
1,4,0,2,4,1.29623,652
1,4,0,3,0,0.15860,3
1,4,0,3,1,0.45018,0
1,4,0,3,2,0.75683,0
1,4,0,3,3,1.43018,237
1,4,0,3,4,2.11895,1110
1,4,0,4,0,0.56317,0
1,4,0,4,1,0.21269,5
1,4,0,4,2,0.00908,0
1,4,0,4,3,2.74100,338
1,4,0,4,4,2.42238,1332
1,4,1,0,0,-0.78384,11
1,4,1,0,1,-0.75693,11
1,4,1,0,2,-0.52578,7
1,4,1,0,3,-0.72197,9
1,4,1,0,4,-0.69458,9
1,4,1,1,0,-0.74986,96
1,4,1,1,1,0.14529,31
1,4,1,1,2,-0.05658,536
1,4,1,1,3,-0.33761,8
1,4,1,1,4,-0.51898,175
1,4,1,2,0,0.04366,91
1,4,1,2,1,0.15397,8
1,4,1,2,2,-0.84806,307
1,4,1,2,3,0.19468,10
1,4,1,2,4,0.64980,145
1,4,1,3,0,-0.20332,124
1,4,1,3,1,2.34591,52
1,4,1,3,2,0.33691,384
1,4,1,3,3,0.21876,16
1,4,1,3,4,-0.10438,152
1,4,1,4,0,-0.78392,113
1,4,1,4,1,2.70743,30
1,4,1,4,2,0.88928,748
1,4,1,4,3,2.94876,8
1,4,1,4,4,0.34808,231
1,4,2,0,0,0.31891,7
1,4,2,0,1,0.14733,1
1,4,2,0,2,0.26057,3
1,4,2,0,3,0.39592,0
1,4,2,0,4,0.29047,4
1,4,2,1,0,0.31789,217
1,4,2,1,1,0.40011,15
1,4,2,1,2,0.26128,1
1,4,2,1,3,-0.99629,419
1,4,2,1,4,-0.09549,379
1,4,2,2,0,0.11808,95
1,4,2,2,1,1.10838,8
1,4,2,2,2,0.50429,0
1,4,2,2,3,-1.23642,322
1,4,2,2,4,-0.86315,78
1,4,2,3,0,-0.81802,177
1,4,2,3,1,0.43174,6
1,4,2,3,2,1.12283,12
1,4,2,3,3,-0.76395,297
1,4,2,3,4,2.10138,553
1,4,2,4,0,-1.01704,210
1,4,2,4,1,-1.01159,26
1,4,2,4,2,1.25182,5
1,4,2,4,3,1.00188,326
1,4,2,4,4,-0.09840,260
1,4,3,0,0,0.04691,4
1,4,3,0,1,0.33044,0
1,4,3,0,2,0.07055,0
1,4,3,0,3,-0.98067,7
1,4,3,0,4,-0.74860,3
1,4,3,1,0,-0.55429,28
1,4,3,1,1,-1.17322,76
1,4,3,1,2,-0.93158,8
1,4,3,1,3,-0.21756,5
1,4,3,1,4,-0.63983,10
1,4,3,2,0,-0.57673,29
1,4,3,2,1,-0.19807,91
1,4,3,2,2,0.05801,0
1,4,3,2,3,-0.84813,88
1,4,3,2,4,0.26605,45
1,4,3,3,0,-0.77846,18
1,4,3,3,1,-0.79800,91
1,4,3,3,2,0.40500,0
1,4,3,3,3,-0.40312,60
1,4,3,3,4,-0.30965,26
1,4,3,4,0,0.40078,12
1,4,3,4,1,1.49799,33
1,4,3,4,2,0.24867,0
1,4,3,4,3,3.86572,51
1,4,3,4,4,1.49072,20
1,4,4,0,0,0.80875,0
1,4,4,0,1,0.39476,7
1,4,4,0,2,-0.23776,4
1,4,4,0,3,-0.22906,3
1,4,4,0,4,-0.73664,107
1,4,4,1,0,-1.00527,20
1,4,4,1,1,-1.00399,33
1,4,4,1,2,-1.04959,15
1,4,4,1,3,-1.00730,46
1,4,4,1,4,-1.00512,41
1,4,4,2,0,0.47249,0
1,4,4,2,1,-0.67410,20
1,4,4,2,2,0.00102,4
1,4,4,2,3,-0.32061,60
1,4,4,2,4,-0.88057,38
1,4,4,3,0,0.25134,0
1,4,4,3,1,-0.94865,29
1,4,4,3,2,1.16512,9
1,4,4,3,3,0.08788,21
1,4,4,3,4,1.24019,153
1,4,4,4,0,-1.05682,8
1,4,4,4,1,-0.90338,85
1,4,4,4,2,1.70618,21
1,4,4,4,3,0.99066,49
1,4,4,4,4,0.30549,145
2,0,0,0,0,0.34244,0
2,0,0,0,1,0.02153,0
2,0,0,0,2,0.28689,0
2,0,0,0,3,0.81824,0
2,0,0,0,4,0.44173,0
2,0,0,1,0,0.66543,0
2,0,0,1,1,0.02887,0
2,0,0,1,2,0.49957,0
2,0,0,1,3,1.49907,131
2,0,0,1,4,0.90128,0
2,0,0,2,0,0.74900,0
2,0,0,2,1,0.10574,0
2,0,0,2,2,3.99923,125
2,0,0,2,3,1.56175,413
2,0,0,2,4,0.77884,0
2,0,0,3,0,-0.73589,3
2,0,0,3,1,5.00001,60
2,0,0,3,2,3.99966,121
2,0,0,3,3,0.44809,917
2,0,0,3,4,0.71464,0
2,0,0,4,0,0.88316,0
2,0,0,4,1,1.66237,63
2,0,0,4,2,0.14309,0
2,0,0,4,3,1.66237,323
2,0,0,4,4,0.31140,0
2,0,1,0,0,0.18371,13
2,0,1,0,1,0.42732,1
2,0,1,0,2,-0.14610,1
2,0,1,0,3,1.32049,61
2,0,1,0,4,0.13722,3
2,0,1,1,0,3.14113,1478
2,0,1,1,1,5.00000,7677
2,0,1,1,2,2.82767,2660
2,0,1,1,3,4.00019,20131
2,0,1,1,4,1.77916,2156
2,0,1,2,0,-0.70213,3684
2,0,1,2,1,2.37743,22515
2,0,1,2,2,3.99967,10140
2,0,1,2,3,3.99891,67406
2,0,1,2,4,2.49946,4214
2,0,1,3,0,1.20767,4998
2,0,1,3,1,1.69837,31797
2,0,1,3,2,3.56452,16674
2,0,1,3,3,2.18903,97808
2,0,1,3,4,3.46916,5984
2,0,1,4,0,1.17418,1608
2,0,1,4,1,4.99946,11994
2,0,1,4,2,2.16116,5171
2,0,1,4,3,3.99928,30048
2,0,1,4,4,-0.26859,3231
2,0,2,0,0,0.17149,2
2,0,2,0,1,0.20309,3
2,0,2,0,2,0.17924,2
2,0,2,0,3,-0.18948,5
2,0,2,0,4,0.27193,0
2,0,2,1,0,-0.59629,707
2,0,2,1,1,2.43293,454
2,0,2,1,2,-0.39389,115
2,0,2,1,3,3.40394,303
2,0,2,1,4,3.54318,1155
2,0,2,2,0,-0.09010,2471
2,0,2,2,1,1.96361,1249
2,0,2,2,2,0.25926,313
2,0,2,2,3,2.34168,846
2,0,2,2,4,0.55135,4389
2,0,2,3,0,0.11352,3038
2,0,2,3,1,2.06042,1652
2,0,2,3,2,0.72773,464
2,0,2,3,3,3.04785,1198
2,0,2,3,4,2.34769,5858
2,0,2,4,0,0.18492,979
2,0,2,4,1,1.54479,1141
2,0,2,4,2,1.65181,91
2,0,2,4,3,-0.53420,307
2,0,2,4,4,0.59999,1664
2,0,3,0,0,0.72490,0
2,0,3,0,1,0.99460,0
2,0,3,0,2,0.47223,0
2,0,3,0,3,0.56520,0
2,0,3,0,4,0.07806,0
2,0,3,1,0,-0.94537,60
2,0,3,1,1,-0.69112,584
2,0,3,1,2,-0.71371,123
2,0,3,1,3,1.03638,372
2,0,3,1,4,-1.10631,73
2,0,3,2,0,-0.90516,156
2,0,3,2,1,1.48166,2494
2,0,3,2,2,0.87067,680
2,0,3,2,3,2.73491,1346
2,0,3,2,4,-0.02189,354
2,0,3,3,0,0.72263,198
2,0,3,3,1,0.18230,3624
2,0,3,3,2,0.76818,1044
2,0,3,3,3,0.30613,2020
2,0,3,3,4,-0.84749,384
2,0,3,4,0,-0.29108,78
2,0,3,4,1,0.59903,1125
2,0,3,4,2,0.61219,373
2,0,3,4,3,1.91043,522
2,0,3,4,4,0.24796,179
2,0,4,0,0,0.59398,0
2,0,4,0,1,-0.11292,3
2,0,4,0,2,-0.33383,10
2,0,4,0,3,-0.57634,3
2,0,4,0,4,0.82840,0
2,0,4,1,0,-1.04547,94
2,0,4,1,1,-0.43686,306
2,0,4,1,2,-0.99797,393
2,0,4,1,3,-0.67188,738
2,0,4,1,4,-1.08563,96
2,0,4,2,0,-0.92328,474
2,0,4,2,1,1.04597,1074
2,0,4,2,2,1.09249,1644
2,0,4,2,3,1.17925,2866
2,0,4,2,4,-0.45895,190
2,0,4,3,0,0.00634,564
2,0,4,3,1,1.16500,1386
2,0,4,3,2,1.88085,2331
2,0,4,3,3,0.67504,4085
2,0,4,3,4,-1.01257,356
2,0,4,4,0,-1.01966,172
2,0,4,4,1,2.31323,476
2,0,4,4,2,2.23638,836
2,0,4,4,3,3.42284,964
2,0,4,4,4,-0.77727,104
2,1,0,0,0,0.72222,0
2,1,0,0,1,0.82398,0
2,1,0,0,2,0.61087,0
2,1,0,0,3,0.86112,0
2,1,0,0,4,0.02030,0
2,1,0,1,0,3.37494,81
2,1,0,1,1,0.46963,15
2,1,0,1,2,2.04653,3
2,1,0,1,3,3.53121,5479
2,1,0,1,4,1.17817,4
2,1,0,2,0,0.61997,0
2,1,0,2,1,0.24428,183
2,1,0,2,2,3.99960,421
2,1,0,2,3,1.46498,59092
2,1,0,2,4,0.36933,9
2,1,0,3,0,1.74613,12
2,1,0,3,1,1.06723,345
2,1,0,3,2,1.99832,497
2,1,0,3,3,3.30960,74725
2,1,0,3,4,1.05960,26
2,1,0,4,0,1.71023,4
2,1,0,4,1,2.12766,26
2,1,0,4,2,1.57871,35
2,1,0,4,3,1.18892,12868
2,1,0,4,4,0.91352,4
2,1,1,0,0,-0.98826,39
2,1,1,0,1,0.57471,169
2,1,1,0,2,-0.98564,102
2,1,1,0,3,3.99888,340
2,1,1,0,4,-0.98735,21
2,1,1,1,0,1.88964,2020
2,1,1,1,1,2.67356,27565
2,1,1,1,2,0.70925,11131
2,1,1,1,3,3.99915,47252
2,1,1,1,4,-0.41342,1000
2,1,1,2,0,1.48116,9724
2,1,1,2,1,0.51835,212034
2,1,1,2,2,1.57895,61250
2,1,1,2,3,2.81105,302926
2,1,1,2,4,2.52229,2379
2,1,1,3,0,2.69385,12589
2,1,1,3,1,-0.19368,251083
2,1,1,3,2,1.24684,76510
2,1,1,3,3,3.99946,374725
2,1,1,3,4,-0.39424,2352
2,1,1,4,0,-0.86842,3321
2,1,1,4,1,2.67017,49400
2,1,1,4,2,2.79888,19786
2,1,1,4,3,2.84516,85392
2,1,1,4,4,1.52656,694
2,1,2,0,0,-0.99492,43
2,1,2,0,1,-0.99506,42
2,1,2,0,2,-0.99935,42
2,1,2,0,3,-0.95862,189
2,1,2,0,4,-0.99504,79
2,1,2,1,0,0.20818,3525
2,1,2,1,1,-0.97064,5967
2,1,2,1,2,2.79588,1124
2,1,2,1,3,1.98756,17832
2,1,2,1,4,1.46647,3859
2,1,2,2,0,3.65909,14958
2,1,2,2,1,0.58401,48526
2,1,2,2,2,0.81466,6189
2,1,2,2,3,2.82016,171400
2,1,2,2,4,-0.26343,11614
2,1,2,3,0,-0.47147,17474
2,1,2,3,1,0.41026,60208
2,1,2,3,2,1.82870,6555
2,1,2,3,3,3.85939,197925
2,1,2,3,4,0.33817,11250
2,1,2,4,0,-0.82517,5642
2,1,2,4,1,1.43817,11488
2,1,2,4,2,1.49066,1693
2,1,2,4,3,1.81332,33956
2,1,2,4,4,-0.42765,2743
2,1,3,0,0,-0.97673,23
2,1,3,0,1,-0.58020,84
2,1,3,0,2,-0.03922,35
2,1,3,0,3,0.13169,183
2,1,3,0,4,-0.94203,126
2,1,3,1,0,-1.02351,730
2,1,3,1,1,-1.04724,7231
2,1,3,1,2,-1.01393,1631
2,1,3,1,3,0.89343,8149
2,1,3,1,4,-1.03338,1049
2,1,3,2,0,-0.95068,2899
2,1,3,2,1,1.37912,59500
2,1,3,2,2,-0.09323,10412
2,1,3,2,3,-0.21588,89046
2,1,3,2,4,-0.91388,4157
2,1,3,3,0,0.62638,3386
2,1,3,3,1,1.62816,71546
2,1,3,3,2,-0.54445,13154
2,1,3,3,3,-0.99889,101276
2,1,3,3,4,-0.40460,4410
2,1,3,4,0,-0.03423,982
2,1,3,4,1,0.46774,14534
2,1,3,4,2,0.42208,3148
2,1,3,4,3,-0.60944,18948
2,1,3,4,4,-1.00839,1287
2,1,4,0,0,0.28079,74
2,1,4,0,1,-0.92465,39
2,1,4,0,2,-0.97094,51
2,1,4,0,3,-0.94963,236
2,1,4,0,4,-0.13820,142
2,1,4,1,0,-1.08462,1008
2,1,4,1,1,-1.04552,4895
2,1,4,1,2,-0.92243,2659
2,1,4,1,3,0.51690,6635
2,1,4,1,4,-1.09152,982
2,1,4,2,0,-0.98764,4723
2,1,4,2,1,-0.83444,37932
2,1,4,2,2,1.51001,14808
2,1,4,2,3,3.25270,70193
2,1,4,2,4,-0.56240,3797
2,1,4,3,0,-0.34383,5344
2,1,4,3,1,-0.19130,43956
2,1,4,3,2,1.53728,17852
2,1,4,3,3,0.33756,81952
2,1,4,3,4,-0.87762,4252
2,1,4,4,0,1.78039,1320
2,1,4,4,1,0.94590,7463
2,1,4,4,2,1.02641,4004
2,1,4,4,3,1.16227,15316
2,1,4,4,4,-0.68162,1078
2,2,0,0,0,-0.81299,14
2,2,0,0,1,0.39026,66
2,2,0,0,2,-0.85318,101
2,2,0,0,3,-0.78413,104
2,2,0,0,4,-0.78623,84
2,2,0,1,0,0.71803,89
2,2,0,1,1,0.95837,4801
2,2,0,1,2,0.21957,1261
2,2,0,1,3,0.30805,3460
2,2,0,1,4,-0.27628,3801
2,2,0,2,0,-0.90821,141
2,2,0,2,1,1.17692,40013
2,2,0,2,2,-0.31451,7138
2,2,0,2,3,-0.93115,29337
2,2,0,2,4,0.32251,12358
2,2,0,3,0,-0.95347,142
2,2,0,3,1,1.28490,45143
2,2,0,3,2,-0.80975,9423
2,2,0,3,3,-0.88820,35895
2,2,0,3,4,1.50861,12311
2,2,0,4,0,0.83810,110
2,2,0,4,1,-0.88167,7503
2,2,0,4,2,-0.50948,2602
2,2,0,4,3,0.39782,6292
2,2,0,4,4,3.61639,2814
2,2,1,0,0,-0.99753,145
2,2,1,0,1,-0.97650,199
2,2,1,0,2,1.98136,76
2,2,1,0,3,-0.97434,63
2,2,1,0,4,-0.98333,48
2,2,1,1,0,-0.85925,5287
2,2,1,1,1,2.06869,35733
2,2,1,1,2,0.66640,10475
2,2,1,1,3,3.10234,4924
2,2,1,1,4,-0.97397,3595
2,2,1,2,0,0.08643,19701
2,2,1,2,1,-0.94153,202213
2,2,1,2,2,1.90208,60372
2,2,1,2,3,-0.92297,16883
2,2,1,2,4,2.56844,9389
2,2,1,3,0,-0.84503,28213
2,2,1,3,1,-0.25470,256218
2,2,1,3,2,1.86064,69628
2,2,1,3,3,-0.73976,19214
2,2,1,3,4,-0.54670,9278
2,2,1,4,0,-0.69389,7683
2,2,1,4,1,-0.99992,56298
2,2,1,4,2,-0.80739,16076
2,2,1,4,3,-0.99993,7411
2,2,1,4,4,1.47685,4838
2,2,2,0,0,-0.99931,268
2,2,2,0,1,-0.99003,55
2,2,2,0,2,-0.93513,72
2,2,2,0,3,-0.99922,151
2,2,2,0,4,-0.99922,94
2,2,2,1,0,1.66379,11382
2,2,2,1,1,-0.83151,1861
2,2,2,1,2,2.34818,5414
2,2,2,1,3,1.19819,3569
2,2,2,1,4,1.40614,2151
2,2,2,2,0,0.83491,49605
2,2,2,2,1,2.66246,6559
2,2,2,2,2,3.66668,34705
2,2,2,2,3,3.86929,10342
2,2,2,2,4,0.82574,6484
2,2,2,3,0,-0.42685,63045
2,2,2,3,1,2.10082,6642
2,2,2,3,2,1.51882,44382
2,2,2,3,3,-0.23932,12299
2,2,2,3,4,1.81402,7346
2,2,2,4,0,0.02082,17659
2,2,2,4,1,0.45317,2003
2,2,2,4,2,0.70611,10055
2,2,2,4,3,0.50719,3999
2,2,2,4,4,0.23238,2404
2,2,3,0,0,-1.04839,79
2,2,3,0,1,-1.00628,105
2,2,3,0,2,-1.03315,40
2,2,3,0,3,-1.02103,128
2,2,3,0,4,-1.04044,211
2,2,3,1,0,-1.07601,1509
2,2,3,1,1,-0.99652,5902
2,2,3,1,2,-1.07655,2111
2,2,3,1,3,-0.99701,5457
2,2,3,1,4,-1.14810,2714
2,2,3,2,0,-0.82027,6111
2,2,3,2,1,0.67163,30561
2,2,3,2,2,1.30960,11318
2,2,3,2,3,3.31929,28180
2,2,3,2,4,0.25820,7494
2,2,3,3,0,-0.63003,8010
2,2,3,3,1,1.66364,37299
2,2,3,3,2,-0.31839,15094
2,2,3,3,3,-0.97456,32223
2,2,3,3,4,0.47910,7883
2,2,3,4,0,1.15322,2723
2,2,3,4,1,2.60688,8829
2,2,3,4,2,0.01712,3163
2,2,3,4,3,2.39646,9902
2,2,3,4,4,1.19973,2359
2,2,4,0,0,-1.04591,17
2,2,4,0,1,-0.97590,46
2,2,4,0,2,0.39621,94
2,2,4,0,3,-0.12846,135
2,2,4,0,4,-0.53091,46
2,2,4,1,0,-1.16388,1348
2,2,4,1,1,-1.16531,2482
2,2,4,1,2,0.58730,3687
2,2,4,1,3,-1.06653,4425
2,2,4,1,4,-1.16220,919
2,2,4,2,0,-1.07041,5713
2,2,4,2,1,-0.99281,17106
2,2,4,2,2,2.68306,23354
2,2,4,2,3,1.75604,25228
2,2,4,2,4,-1.06925,3224
2,2,4,3,0,-0.99339,7116
2,2,4,3,1,-0.98332,21564
2,2,4,3,2,1.92000,30062
2,2,4,3,3,0.58371,26914
2,2,4,3,4,-0.87500,3393
2,2,4,4,0,-0.87579,2150
2,2,4,4,1,0.38076,4448
2,2,4,4,2,1.78199,6107
2,2,4,4,3,-0.05401,9881
2,2,4,4,4,1.11503,1381
2,3,0,0,0,-0.63147,158
2,3,0,0,1,-0.63400,15
2,3,0,0,2,1.14378,18
2,3,0,0,3,-0.49957,14
2,3,0,0,4,-0.69181,7
2,3,0,1,0,2.00441,5396
2,3,0,1,1,1.38985,2634
2,3,0,1,2,-0.79498,1328
2,3,0,1,3,0.17300,443
2,3,0,1,4,-0.48040,1185
2,3,0,2,0,-0.44531,7471
2,3,0,2,1,1.31885,7086
2,3,0,2,2,2.65457,1566
2,3,0,2,3,-0.55361,384
2,3,0,2,4,0.34940,2054
2,3,0,3,0,0.76630,8558
2,3,0,3,1,1.66602,10295
2,3,0,3,2,-0.24588,2948
2,3,0,3,3,-0.91281,1316
2,3,0,3,4,-0.42994,1660
2,3,0,4,0,-0.34344,4509
2,3,0,4,1,0.32319,4474
2,3,0,4,2,1.37359,1356
2,3,0,4,3,3.25035,566
2,3,0,4,4,1.71957,1691
2,3,1,0,0,-0.98527,34
2,3,1,0,1,-0.98975,65
2,3,1,0,2,-0.50739,98
2,3,1,0,3,-0.26609,62
2,3,1,0,4,-0.98862,35
2,3,1,1,0,-0.84629,1348
2,3,1,1,1,0.17170,2612
2,3,1,1,2,0.35587,11369
2,3,1,1,3,1.88467,5273
2,3,1,1,4,-0.97236,1611
2,3,1,2,0,-0.06909,2281
2,3,1,2,1,-0.00136,4151
2,3,1,2,2,-0.54645,29407
2,3,1,2,3,-0.94228,12206
2,3,1,2,4,-0.06049,1685
2,3,1,3,0,-0.99936,2543
2,3,1,3,1,1.97083,4179
2,3,1,3,2,-0.37997,46778
2,3,1,3,3,0.31438,14732
2,3,1,3,4,0.70197,1720
2,3,1,4,0,-0.98123,1540
2,3,1,4,1,-0.89500,2858
2,3,1,4,2,-0.99995,16175
2,3,1,4,3,0.25503,8967
2,3,1,4,4,0.30230,877
2,3,2,0,0,-0.99187,102
2,3,2,0,1,-0.48410,215
2,3,2,0,2,-0.99845,45
2,3,2,0,3,-0.99915,138
2,3,2,0,4,-0.99106,47
2,3,2,1,0,-0.29187,2100
2,3,2,1,1,0.55151,6638
2,3,2,1,2,-0.89570,448
2,3,2,1,3,-0.87389,1075
2,3,2,1,4,2.95635,1437
2,3,2,2,0,-0.75363,3016
2,3,2,2,1,2.50262,12267
2,3,2,2,2,-0.95892,790
2,3,2,2,3,-0.74924,841
2,3,2,2,4,0.72818,1993
2,3,2,3,0,-0.93065,3923
2,3,2,3,1,-0.78794,16918
2,3,2,3,2,-0.70850,1217
2,3,2,3,3,-0.53923,1443
2,3,2,3,4,1.07794,1936
2,3,2,4,0,-0.54426,2684
2,3,2,4,1,-0.40499,11474
2,3,2,4,2,-0.10339,571
2,3,2,4,3,-0.94169,1126
2,3,2,4,4,0.21063,1443
2,3,3,0,0,-0.94202,12
2,3,3,0,1,-0.90222,28
2,3,3,0,2,-0.88137,49
2,3,3,0,3,1.57278,61
2,3,3,0,4,-0.99093,71
2,3,3,1,0,-1.10072,954
2,3,3,1,1,-0.97852,972
2,3,3,1,2,-1.13375,2134
2,3,3,1,3,0.66611,1924
2,3,3,1,4,-1.05179,497
2,3,3,2,0,-0.82513,1018
2,3,3,2,1,-0.44364,1357
2,3,3,2,2,-0.21940,4091
2,3,3,2,3,1.32441,2918
2,3,3,2,4,0.09685,1027
2,3,3,3,0,-0.70350,1450
2,3,3,3,1,0.32574,1530
2,3,3,3,2,0.07850,6574
2,3,3,3,3,-0.33106,4867
2,3,3,3,4,0.59383,2352
2,3,3,4,0,-0.96420,823
2,3,3,4,1,-0.93992,855
2,3,3,4,2,1.62777,3121
2,3,3,4,3,0.08075,2447
2,3,3,4,4,0.93111,864
2,3,4,0,0,-1.04434,56
2,3,4,0,1,-0.99923,91
2,3,4,0,2,-0.99852,112
2,3,4,0,3,0.51712,266
2,3,4,0,4,-0.62496,467
2,3,4,1,0,-1.10760,1010
2,3,4,1,1,-1.10838,1328
2,3,4,1,2,-1.10599,1077
2,3,4,1,3,0.72576,2930
2,3,4,1,4,-1.10760,978
2,3,4,2,0,-1.09376,1066
2,3,4,2,1,-0.99788,1538
2,3,4,2,2,1.05472,1493
2,3,4,2,3,-0.87081,4879
2,3,4,2,4,-0.05890,1918
2,3,4,3,0,-0.98545,1696
2,3,4,3,1,0.02493,1297
2,3,4,3,2,-0.86063,1578
2,3,4,3,3,0.18850,6878
2,3,4,3,4,-0.21932,3055
2,3,4,4,0,-0.78304,1232
2,3,4,4,1,-1.13971,1003
2,3,4,4,2,-0.88506,787
2,3,4,4,3,0.36127,4015
2,3,4,4,4,-0.31954,631
2,4,0,0,0,7.99837,93
2,4,0,0,1,-0.93694,8
2,4,0,0,2,-0.93382,17
2,4,0,0,3,-0.92476,6
2,4,0,0,4,-0.92263,7
2,4,0,1,0,1.19150,1005
2,4,0,1,1,1.22521,20
2,4,0,1,2,1.66072,22
2,4,0,1,3,1.62165,8
2,4,0,1,4,-0.85693,1109
2,4,0,2,0,-0.50839,386
2,4,0,2,1,0.88913,10
2,4,0,2,2,4.21235,13
2,4,0,2,3,1.10920,27
2,4,0,2,4,2.04303,889
2,4,0,3,0,4.99450,803
2,4,0,3,1,1.44276,36
2,4,0,3,2,2.70901,12
2,4,0,3,3,0.26153,7
2,4,0,3,4,2.33273,635
2,4,0,4,0,7.99860,1257
2,4,0,4,1,0.17112,91
2,4,0,4,2,1.49599,12
2,4,0,4,3,1.12359,23
2,4,0,4,4,1.12361,562
2,4,1,0,0,0.19086,2
2,4,1,0,1,2.01044,7
2,4,1,0,2,0.19065,0
2,4,1,0,3,-0.51663,6
2,4,1,0,4,-0.00404,48
2,4,1,1,0,-0.25615,39
2,4,1,1,1,0.31315,521
2,4,1,1,2,0.49052,0
2,4,1,1,3,2.10363,4
2,4,1,1,4,0.10088,0
2,4,1,2,0,1.61875,69
2,4,1,2,1,0.45042,443
2,4,1,2,2,0.15800,6
2,4,1,2,3,-0.69926,6
2,4,1,2,4,0.35126,8
2,4,1,3,0,1.47392,102
2,4,1,3,1,0.85997,586
2,4,1,3,2,0.96168,9
2,4,1,3,3,1.47144,25
2,4,1,3,4,0.24172,14
2,4,1,4,0,0.74035,0
2,4,1,4,1,0.86628,1093
2,4,1,4,2,0.87419,0
2,4,1,4,3,1.48835,14
2,4,1,4,4,0.86638,169
2,4,2,0,0,-0.88352,10
2,4,2,0,1,-0.89100,7
2,4,2,0,2,-0.86643,23
2,4,2,0,3,-0.59636,25
2,4,2,0,4,-0.87917,29
2,4,2,1,0,-0.86458,27
2,4,2,1,1,0.32941,16
2,4,2,1,2,-0.66155,594
2,4,2,1,3,-0.57442,257
2,4,2,1,4,-0.89610,482
2,4,2,2,0,0.77107,0
2,4,2,2,1,-0.07900,31
2,4,2,2,2,-0.93279,305
2,4,2,2,3,-0.35779,254
2,4,2,2,4,-1.07916,576
2,4,2,3,0,0.26718,9
2,4,2,3,1,0.58371,9
2,4,2,3,2,0.10171,471
2,4,2,3,3,0.16755,257
2,4,2,3,4,-0.57607,779
2,4,2,4,0,-0.58296,3
2,4,2,4,1,-0.61026,50
2,4,2,4,2,-0.90062,990
2,4,2,4,3,-0.92690,541
2,4,2,4,4,-0.02328,792
2,4,3,0,0,0.26867,0
2,4,3,0,1,0.19499,21
2,4,3,0,2,-0.71048,12
2,4,3,0,3,0.18311,0
2,4,3,0,4,0.82448,4
2,4,3,1,0,-0.42530,19
2,4,3,1,1,-0.89636,104
2,4,3,1,2,-0.93202,18
2,4,3,1,3,-0.99422,80
2,4,3,1,4,-0.06028,134
2,4,3,2,0,-0.97784,8
2,4,3,2,1,0.31462,95
2,4,3,2,2,2.57098,7
2,4,3,2,3,0.65798,0
2,4,3,2,4,0.93939,292
2,4,3,3,0,-0.69557,7
2,4,3,3,1,-0.83571,106
2,4,3,3,2,0.76988,0
2,4,3,3,3,3.18954,24
2,4,3,3,4,1.00616,244
2,4,3,4,0,-0.27519,7
2,4,3,4,1,-0.98392,161
2,4,3,4,2,1.19916,4
2,4,3,4,3,0.90058,0
2,4,3,4,4,0.21437,330
2,4,4,0,0,-0.90493,7
2,4,4,0,1,0.43647,3
2,4,4,0,2,-1.03354,37
2,4,4,0,3,2.36236,40
2,4,4,0,4,0.23600,44
2,4,4,1,0,-1.07513,48
2,4,4,1,1,-1.10045,46
2,4,4,1,2,-1.10647,37
2,4,4,1,3,0.08310,75
2,4,4,1,4,-1.09987,41
2,4,4,2,0,-0.49483,39
2,4,4,2,1,-0.69762,17
2,4,4,2,2,-0.99140,34
2,4,4,2,3,-0.87265,16
2,4,4,2,4,-0.80594,16
2,4,4,3,0,1.25826,21
2,4,4,3,1,-0.27457,28
2,4,4,3,2,-0.81901,79
2,4,4,3,3,1.29967,114
2,4,4,3,4,0.69103,107
2,4,4,4,0,-0.79897,39
2,4,4,4,1,-0.67158,20
2,4,4,4,2,-0.77412,73
2,4,4,4,3,1.80481,62
2,4,4,4,4,-0.67639,172
3,0,0,0,0,0.97482,0
3,0,0,0,1,0.63914,0
3,0,0,0,2,0.74524,0
3,0,0,0,3,0.09343,0
3,0,0,0,4,0.55687,0
3,0,0,1,0,2.28075,93
3,0,0,1,1,0.19858,0
3,0,0,1,2,0.88628,0
3,0,0,1,3,4.00012,70
3,0,0,1,4,0.14282,0
3,0,0,2,0,4.04734,900
3,0,0,2,1,3.61328,458
3,0,0,2,2,0.00479,0
3,0,0,2,3,2.80588,130
3,0,0,2,4,0.13539,0
3,0,0,3,0,3.78729,1180
3,0,0,3,1,7.99894,771
3,0,0,3,2,2.07035,92
3,0,0,3,3,1.42389,1
3,0,0,3,4,0.18677,0
3,0,0,4,0,7.99785,325
3,0,0,4,1,0.77722,254
3,0,0,4,2,0.88079,0
3,0,0,4,3,0.96903,0
3,0,0,4,4,0.26579,0
3,0,1,0,0,-0.09208,13
3,0,1,0,1,0.90102,5
3,0,1,0,2,0.32379,2
3,0,1,0,3,1.99036,128
3,0,1,0,4,0.22444,0
3,0,1,1,0,-0.17097,2224
3,0,1,1,1,4.22769,8518
3,0,1,1,2,0.44774,1792
3,0,1,1,3,3.68716,9146
3,0,1,1,4,0.02645,8
3,0,1,2,0,2.50544,8191
3,0,1,2,1,0.28103,28378
3,0,1,2,2,1.91390,4788
3,0,1,2,3,2.75268,39242
3,0,1,2,4,2.14667,221
3,0,1,3,0,3.06208,11106
3,0,1,3,1,0.28014,38584
3,0,1,3,2,3.75463,7060
3,0,1,3,3,4.00000,54013
3,0,1,3,4,1.24785,179
3,0,1,4,0,1.84596,3597
3,0,1,4,1,1.54022,13163
3,0,1,4,2,2.13629,3284
3,0,1,4,3,1.77448,15904
3,0,1,4,4,1.34075,124
3,0,2,0,0,-0.00037,6
3,0,2,0,1,0.01322,4
3,0,2,0,2,-0.07471,4
3,0,2,0,3,1.15956,8
3,0,2,0,4,0.13843,0
3,0,2,1,0,0.99901,35
3,0,2,1,1,1.96357,1995
3,0,2,1,2,0.28310,431
3,0,2,1,3,3.84936,2061
3,0,2,1,4,0.90360,61
3,0,2,2,0,0.53921,78
3,0,2,2,1,1.19980,4667
3,0,2,2,2,2.14044,1073
3,0,2,2,3,2.99007,6944
3,0,2,2,4,1.87432,210
3,0,2,3,0,0.93639,150
3,0,2,3,1,2.73176,7406
3,0,2,3,2,1.06119,1551
3,0,2,3,3,1.78152,9060
3,0,2,3,4,4.89326,329
3,0,2,4,0,0.85219,50
3,0,2,4,1,2.25009,3601
3,0,2,4,2,1.81043,1020
3,0,2,4,3,2.43019,3712
3,0,2,4,4,2.39034,68
3,0,3,0,0,0.25878,0
3,0,3,0,1,0.35555,0
3,0,3,0,2,0.72404,0
3,0,3,0,3,0.98282,5
3,0,3,0,4,0.79896,0
3,0,3,1,0,-0.98306,60
3,0,3,1,1,1.10020,282
3,0,3,1,2,1.66640,359
3,0,3,1,3,2.68349,846
3,0,3,1,4,-0.91352,2201
3,0,3,2,0,-0.94899,245
3,0,3,2,1,0.89175,1045
3,0,3,2,2,0.42827,1314
3,0,3,2,3,1.83918,2772
3,0,3,2,4,-0.84748,8254
3,0,3,3,0,-0.70439,292
3,0,3,3,1,1.73170,1279
3,0,3,3,2,2.80685,2134
3,0,3,3,3,0.14798,3668
3,0,3,3,4,-0.82797,11293
3,0,3,4,0,-0.15129,79
3,0,3,4,1,2.12235,440
3,0,3,4,2,2.31623,794
3,0,3,4,3,1.48498,1203
3,0,3,4,4,-0.92378,3764
3,0,4,0,0,0.07175,0
3,0,4,0,1,0.29387,0
3,0,4,0,2,0.27402,0
3,0,4,0,3,1.00312,2
3,0,4,0,4,0.90912,0
3,0,4,1,0,-1.02554,291
3,0,4,1,1,-0.66652,448
3,0,4,1,2,0.59502,982
3,0,4,1,3,0.01887,2124
3,0,4,1,4,-1.07284,133
3,0,4,2,0,-0.99970,1005
3,0,4,2,1,1.73516,1462
3,0,4,2,2,3.31988,4947
3,0,4,2,3,3.98174,8020
3,0,4,2,4,-0.97186,1007
3,0,4,3,0,-0.97739,1369
3,0,4,3,1,1.43347,2134
3,0,4,3,2,2.59822,6777
3,0,4,3,3,3.71139,11254
3,0,4,3,4,0.52581,1287
3,0,4,4,0,1.93648,378
3,0,4,4,1,1.85002,465
3,0,4,4,2,2.77161,2445
3,0,4,4,3,3.52590,3937
3,0,4,4,4,-0.53009,369
3,1,0,0,0,0.55556,0
3,1,0,0,1,0.77457,0
3,1,0,0,2,0.15007,0
3,1,0,0,3,0.42312,0
3,1,0,0,4,0.50711,0
3,1,0,1,0,3.60579,37
3,1,0,1,1,1.13458,5605
3,1,0,1,2,0.66219,0
3,1,0,1,3,1.83466,22
3,1,0,1,4,1.30550,9
3,1,0,2,0,1.59472,864
3,1,0,2,1,1.63032,56929
3,1,0,2,2,0.92762,41
3,1,0,2,3,1.28123,698
3,1,0,2,4,1.35551,134
3,1,0,3,0,2.01704,304
3,1,0,3,1,1.70102,68496
3,1,0,3,2,1.31036,128
3,1,0,3,3,2.48585,560
3,1,0,3,4,0.28753,61
3,1,0,4,0,0.23942,114
3,1,0,4,1,2.17957,10502
3,1,0,4,2,2.03955,8
3,1,0,4,3,0.80714,81
3,1,0,4,4,3.12178,21
3,1,1,0,0,-0.38143,24
3,1,1,0,1,-0.88100,291
3,1,1,0,2,-0.87934,16
3,1,1,0,3,-0.87891,36
3,1,1,0,4,-0.83994,113
3,1,1,1,0,2.88258,3297
3,1,1,1,1,1.09276,83662
3,1,1,1,2,3.73827,1559
3,1,1,1,3,3.64283,18284
3,1,1,1,4,0.52093,4297
3,1,1,2,0,3.80660,14184
3,1,1,2,1,2.63226,684100
3,1,1,2,2,0.39117,9440
3,1,1,2,3,2.43199,116687
3,1,1,2,4,3.05769,13359
3,1,1,3,0,3.34597,17132
3,1,1,3,1,0.11328,827487
3,1,1,3,2,1.02843,8441
3,1,1,3,3,3.82948,144181
3,1,1,3,4,1.81480,13760
3,1,1,4,0,2.23507,5284
3,1,1,4,1,0.37206,145972
3,1,1,4,2,2.85782,2371
3,1,1,4,3,3.31296,31533
3,1,1,4,4,1.23763,4294
3,1,2,0,0,-0.96785,28
3,1,2,0,1,-0.80268,41
3,1,2,0,2,-0.96457,52
3,1,2,0,3,3.51097,169
3,1,2,0,4,-0.94873,21
3,1,2,1,0,2.06695,1928
3,1,2,1,1,0.88134,2087
3,1,2,1,2,2.12050,2223
3,1,2,1,3,2.48468,29783
3,1,2,1,4,0.55862,1466
3,1,2,2,0,0.30555,9927
3,1,2,2,1,-0.25381,10812
3,1,2,2,2,1.61516,13139
3,1,2,2,3,0.51741,279026
3,1,2,2,4,0.32387,4485
3,1,2,3,0,1.55063,12038
3,1,2,3,1,0.37632,12395
3,1,2,3,2,1.97380,16189
3,1,2,3,3,1.93711,337556
3,1,2,3,4,2.91222,4898
3,1,2,4,0,0.07708,3316
3,1,2,4,1,0.27549,2815
3,1,2,4,2,-0.71065,3749
3,1,2,4,3,2.31879,58823
3,1,2,4,4,2.14662,1406
3,1,3,0,0,-0.99208,56
3,1,3,0,1,-0.93040,46
3,1,3,0,2,-0.93551,36
3,1,3,0,3,1.34516,125
3,1,3,0,4,-0.94751,82
3,1,3,1,0,-0.99995,2237
3,1,3,1,1,-0.91578,4967
3,1,3,1,2,-0.89598,2072
3,1,3,1,3,2.24629,13037
3,1,3,1,4,-0.93699,2855
3,1,3,2,0,1.72641,12064
3,1,3,2,1,3.27498,43412
3,1,3,2,2,0.61923,11964
3,1,3,2,3,1.84816,143104
3,1,3,2,4,1.61566,13388
3,1,3,3,0,1.87894,14511
3,1,3,3,1,0.50708,53715
3,1,3,3,2,3.26901,14824
3,1,3,3,3,2.29381,170638
3,1,3,3,4,1.39791,12925
3,1,3,4,0,0.64831,3810
3,1,3,4,1,1.16107,9906
3,1,3,4,2,-0.29067,3677
3,1,3,4,3,2.53018,29669
3,1,3,4,4,0.78826,3910
3,1,4,0,0,-0.99165,19
3,1,4,0,1,-1.01046,37
3,1,4,0,2,-0.89680,126
3,1,4,0,3,0.79151,285
3,1,4,0,4,-0.52886,56
3,1,4,1,0,-1.03267,1484
3,1,4,1,1,-1.05952,5899
3,1,4,1,2,-1.07830,7321
3,1,4,1,3,-0.78055,16662
3,1,4,1,4,-1.03243,1437
3,1,4,2,0,-0.99387,7422
3,1,4,2,1,0.81454,44054
3,1,4,2,2,-0.52876,49793
3,1,4,2,3,3.24720,194054
3,1,4,2,4,0.28122,7069
3,1,4,3,0,-0.45991,10833
3,1,4,3,1,0.42339,54629
3,1,4,3,2,1.82352,63228
3,1,4,3,3,-0.98934,222149
3,1,4,3,4,-0.86519,7831
3,1,4,4,0,-0.36523,3472
3,1,4,4,1,1.40471,9881
3,1,4,4,2,2.94098,14953
3,1,4,4,3,0.44384,37505
3,1,4,4,4,-0.29613,2618
3,2,0,0,0,-0.77529,98
3,2,0,0,1,-0.60502,3
3,2,0,0,2,-0.66317,8
3,2,0,0,3,-0.75038,168
3,2,0,0,4,-0.68827,553
3,2,0,1,0,0.25985,4721
3,2,0,1,1,2.04652,1965
3,2,0,1,2,2.71520,11
3,2,0,1,3,0.50771,5891
3,2,0,1,4,-0.07200,7113
3,2,0,2,0,2.24310,29941
3,2,0,2,1,2.89002,18248
3,2,0,2,2,0.35400,83
3,2,0,2,3,-0.14120,45168
3,2,0,2,4,2.06404,23906
3,2,0,3,0,2.61065,40294
3,2,0,3,1,0.89871,19765
3,2,0,3,2,-0.85305,107
3,2,0,3,3,2.93653,51990
3,2,0,3,4,2.87087,26402
3,2,0,4,0,0.60415,8857
3,2,0,4,1,-0.54273,2751
3,2,0,4,2,0.87442,82
3,2,0,4,3,0.71177,10169
3,2,0,4,4,2.51385,6337
3,2,1,0,0,-0.93945,120
3,2,1,0,1,3.01230,176
3,2,1,0,2,-0.94992,93
3,2,1,0,3,-0.93795,56
3,2,1,0,4,-0.94991,40
3,2,1,1,0,-0.92267,8691
3,2,1,1,1,2.27459,49735
3,2,1,1,2,1.79881,16429
3,2,1,1,3,-0.88542,5803
3,2,1,1,4,-0.90788,3610
3,2,1,2,0,1.49719,47744
3,2,1,2,1,2.06635,417656
3,2,1,2,2,3.72916,127856
3,2,1,2,3,0.68879,24717
3,2,1,2,4,-0.85757,11156
3,2,1,3,0,2.29657,63015
3,2,1,3,1,0.44840,500439
3,2,1,3,2,2.06290,158970
3,2,1,3,3,3.21491,27612
3,2,1,3,4,1.14485,12588
3,2,1,4,0,-0.97463,15064
3,2,1,4,1,0.27343,83357
3,2,1,4,2,1.92774,30708
3,2,1,4,3,-0.99677,6391
3,2,1,4,4,1.82214,3253
3,2,2,0,0,-0.98028,49
3,2,2,0,1,-0.63451,134
3,2,2,0,2,-0.98114,97
3,2,2,0,3,-0.97310,134
3,2,2,0,4,-0.98394,60
3,2,2,1,0,-0.61273,2237
3,2,2,1,1,0.11844,12515
3,2,2,1,2,-0.99842,6532
3,2,2,1,3,0.67965,4539
3,2,2,1,4,0.36898,1584
3,2,2,2,0,0.47680,7453
3,2,2,2,1,1.15764,72317
3,2,2,2,2,-0.95261,32498
3,2,2,2,3,-0.95815,18749
3,2,2,2,4,1.11987,4986
3,2,2,3,0,0.65643,10268
3,2,2,3,1,2.08489,88104
3,2,2,3,2,3.24678,39568
3,2,2,3,3,2.06585,23362
3,2,2,3,4,-0.87293,4832
3,2,2,4,0,-0.74457,3783
3,2,2,4,1,2.21731,18966
3,2,2,4,2,0.47662,9963
3,2,2,4,3,3.46870,7526
3,2,2,4,4,1.42616,1331
3,2,3,0,0,-1.00747,18
3,2,3,0,1,-0.70884,139
3,2,3,0,2,-0.64796,44
3,2,3,0,3,-0.48420,204
3,2,3,0,4,-1.02377,63
3,2,3,1,0,-0.97519,907
3,2,3,1,1,-0.99630,12401
3,2,3,1,2,-0.96966,1525
3,2,3,1,3,2.91216,5521
3,2,3,1,4,-1.01899,2093
3,2,3,2,0,-0.02891,2601
3,2,3,2,1,2.22983,75653
3,2,3,2,2,1.09447,7388
3,2,3,2,3,0.25184,28779
3,2,3,2,4,0.10662,7008
3,2,3,3,0,2.32899,3352
3,2,3,3,1,-0.88169,92618
3,2,3,3,2,-0.20642,8388
3,2,3,3,3,1.26691,31997
3,2,3,3,4,1.88840,7120
3,2,3,4,0,2.32253,1001
3,2,3,4,1,0.53563,20349
3,2,3,4,2,1.54425,2143
3,2,3,4,3,1.64302,9403
3,2,3,4,4,-0.63709,2620
3,2,4,0,0,0.91372,18
3,2,4,0,1,-1.00422,90
3,2,4,0,2,0.83506,183
3,2,4,0,3,1.44675,365
3,2,4,0,4,-0.90217,28
3,2,4,1,0,-1.06981,1555
3,2,4,1,1,-1.04371,9839
3,2,4,1,2,0.89827,7218
3,2,4,1,3,-1.04580,7118
3,2,4,1,4,-1.06928,1699
3,2,4,2,0,0.47815,5557
3,2,4,2,1,-0.99310,61410
3,2,4,2,2,-0.26348,51710
3,2,4,2,3,0.17188,46944
3,2,4,2,4,-0.23481,4735
3,2,4,3,0,-0.40352,6249
3,2,4,3,1,1.74289,68517
3,2,4,3,2,-0.06626,61768
3,2,4,3,3,0.24498,54044
3,2,4,3,4,-0.85786,4877
3,2,4,4,0,-0.49886,2330
3,2,4,4,1,-0.33371,15529
3,2,4,4,2,-0.12156,14432
3,2,4,4,3,-0.95224,15963
3,2,4,4,4,-0.94195,1754
3,3,0,0,0,2.30839,100
3,3,0,0,1,-0.57790,15
3,3,0,0,2,-0.60760,90
3,3,0,0,3,-0.59682,18
3,3,0,0,4,-0.60694,411
3,3,0,1,0,0.99321,4394
3,3,0,1,1,2.12256,570
3,3,0,1,2,0.80607,488
3,3,0,1,3,-0.05980,4
3,3,0,1,4,-0.57015,3662
3,3,0,2,0,2.03399,9992
3,3,0,2,1,0.66731,1223
3,3,0,2,2,-0.33279,559
3,3,0,2,3,3.77326,30
3,3,0,2,4,-0.12604,3303
3,3,0,3,0,0.38594,14125
3,3,0,3,1,0.33826,1562
3,3,0,3,2,2.34300,658
3,3,0,3,3,-0.96069,65
3,3,0,3,4,2.18055,10783
3,3,0,4,0,7.99745,8701
3,3,0,4,1,2.21927,594
3,3,0,4,2,0.96091,73
3,3,0,4,3,0.11997,39
3,3,0,4,4,2.80781,3860
3,3,1,0,0,-0.90162,38
3,3,1,0,1,-0.89796,189
3,3,1,0,2,-0.87847,104
3,3,1,0,3,-0.88508,42
3,3,1,0,4,-0.90351,38
3,3,1,1,0,-0.54351,964
3,3,1,1,1,0.42589,9708
3,3,1,1,2,0.57309,580
3,3,1,1,3,-0.03575,7619
3,3,1,1,4,-0.81472,1508
3,3,1,2,0,-0.32219,1337
3,3,1,2,1,1.41697,24752
3,3,1,2,2,-0.72770,1516
3,3,1,2,3,-0.78259,16171
3,3,1,2,4,-0.61379,2032
3,3,1,3,0,0.27768,1987
3,3,1,3,1,0.41996,33204
3,3,1,3,2,2.16445,2351
3,3,1,3,3,3.38626,20332
3,3,1,3,4,-0.61573,3167
3,3,1,4,0,0.41977,1240
3,3,1,4,1,-0.40446,15036
3,3,1,4,2,0.38319,1040
3,3,1,4,3,-0.99980,11890
3,3,1,4,4,0.31571,1366
3,3,2,0,0,-0.97771,48
3,3,2,0,1,-0.76452,176
3,3,2,0,2,-0.98256,19
3,3,2,0,3,-0.97174,38
3,3,2,0,4,-0.97935,32
3,3,2,1,0,-0.53771,882
3,3,2,1,1,-0.83723,12997
3,3,2,1,2,-0.91339,1350
3,3,2,1,3,-0.51022,1570
3,3,2,1,4,0.00574,1386
3,3,2,2,0,-0.89100,1148
3,3,2,2,1,-0.96791,31896
3,3,2,2,2,0.39361,2464
3,3,2,2,3,-0.95214,2121
3,3,2,2,4,2.12570,941
3,3,2,3,0,-0.95902,2135
3,3,2,3,1,1.88146,44910
3,3,2,3,2,-0.98187,3329
3,3,2,3,3,3.16615,3653
3,3,2,3,4,0.37662,1527
3,3,2,4,0,-0.98523,2206
3,3,2,4,1,2.00544,22749
3,3,2,4,2,0.12626,1439
3,3,2,4,3,0.62389,2322
3,3,2,4,4,1.57387,1054
3,3,3,0,0,-1.00093,51
3,3,3,0,1,-1.00150,46
3,3,3,0,2,-0.93758,66
3,3,3,0,3,-0.97813,98
3,3,3,0,4,-1.00141,63
3,3,3,1,0,-1.02973,769
3,3,3,1,1,-1.01010,1942
3,3,3,1,2,-0.07363,2419
3,3,3,1,3,-0.92404,3442
3,3,3,1,4,-1.03307,574
3,3,3,2,0,-1.00085,1318
3,3,3,2,1,-0.43453,4344
3,3,3,2,2,3.43041,6117
3,3,3,2,3,0.91940,7139
3,3,3,2,4,-0.99958,483
3,3,3,3,0,-0.97462,1780
3,3,3,3,1,-0.29890,5386
3,3,3,3,2,0.37470,7358
3,3,3,3,3,-0.93295,8779
3,3,3,3,4,-0.83586,738
3,3,3,4,0,2.84309,1245
3,3,3,4,1,-0.95023,3163
3,3,3,4,2,2.24142,3497
3,3,3,4,3,-0.21118,5366
3,3,3,4,4,-0.22002,483
3,3,4,0,0,-0.81853,83
3,3,4,0,1,-0.99622,105
3,3,4,0,2,-0.97660,71
3,3,4,0,3,0.41710,128
3,3,4,0,4,-0.87017,780
3,3,4,1,0,-1.10641,1031
3,3,4,1,1,-0.09196,5775
3,3,4,1,2,-1.09945,2067
3,3,4,1,3,-1.08496,5106
3,3,4,1,4,-1.10522,2735
3,3,4,2,0,-0.92264,1015
3,3,4,2,1,0.91143,11014
3,3,4,2,2,-0.68992,3117
3,3,4,2,3,-0.44957,8727
3,3,4,2,4,-1.06556,2925
3,3,4,3,0,1.45180,1137
3,3,4,3,1,0.31870,13541
3,3,4,3,2,-0.99871,4518
3,3,4,3,3,-0.87763,12033
3,3,4,3,4,-0.98307,5791
3,3,4,4,0,-0.91948,1056
3,3,4,4,1,-0.84525,9041
3,3,4,4,2,-0.93015,2122
3,3,4,4,3,-0.46307,6950
3,3,4,4,4,0.51923,2774
3,4,0,0,0,1.23350,16
3,4,0,0,1,0.07702,2
3,4,0,0,2,-0.08429,3
3,4,0,0,3,0.37454,8
3,4,0,0,4,-0.03801,8
3,4,0,1,0,-0.74508,23
3,4,0,1,1,0.17714,1
3,4,0,1,2,0.67095,0
3,4,0,1,3,0.37325,84
3,4,0,1,4,2.07814,1348
3,4,0,2,0,0.42472,11
3,4,0,2,1,0.64983,0
3,4,0,2,2,0.39234,0
3,4,0,2,3,2.08091,52
3,4,0,2,4,2.10316,353
3,4,0,3,0,3.96517,212
3,4,0,3,1,0.36676,0
3,4,0,3,2,0.84030,0
3,4,0,3,3,1.54005,73
3,4,0,3,4,2.56835,1375
3,4,0,4,0,3.98628,71
3,4,0,4,1,-0.16753,4
3,4,0,4,2,0.28818,0
3,4,0,4,3,-0.11624,144
3,4,0,4,4,0.29669,491
3,4,1,0,0,-0.59445,16
3,4,1,0,1,-0.73669,13
3,4,1,0,2,-0.73637,72
3,4,1,0,3,-0.70934,12
3,4,1,0,4,-0.75742,11
3,4,1,1,0,-0.94088,70
3,4,1,1,1,-0.59767,523
3,4,1,1,2,2.04476,112
3,4,1,1,3,-0.47346,23
3,4,1,1,4,-0.45472,370
3,4,1,2,0,-0.44053,39
3,4,1,2,1,-0.36223,580
3,4,1,2,2,0.55279,126
3,4,1,2,3,-0.15139,31
3,4,1,2,4,0.48506,110
3,4,1,3,0,1.55293,310
3,4,1,3,1,1.39665,454
3,4,1,3,2,-0.49209,46
3,4,1,3,3,0.73724,13
3,4,1,3,4,0.07943,207
3,4,1,4,0,0.64693,479
3,4,1,4,1,3.03403,881
3,4,1,4,2,1.76989,187
3,4,1,4,3,-0.85118,104
3,4,1,4,4,-0.79659,763
3,4,2,0,0,-0.91179,15
3,4,2,0,1,-0.86347,15
3,4,2,0,2,-0.88404,7
3,4,2,0,3,-0.88597,41
3,4,2,0,4,-0.87751,18
3,4,2,1,0,-0.89421,265
3,4,2,1,1,-0.52624,233
3,4,2,1,2,0.94799,0
3,4,2,1,3,1.76027,304
3,4,2,1,4,1.88651,118
3,4,2,2,0,-0.91129,195
3,4,2,2,1,-0.70586,142
3,4,2,2,2,0.83517,0
3,4,2,2,3,0.14945,237
3,4,2,2,4,1.43206,268
3,4,2,3,0,-0.38074,435
3,4,2,3,1,-0.17874,258
3,4,2,3,2,0.98917,0
3,4,2,3,3,-0.10802,488
3,4,2,3,4,0.83837,323
3,4,2,4,0,-0.96070,501
3,4,2,4,1,-0.82462,726
3,4,2,4,2,0.83745,0
3,4,2,4,3,0.45607,964
3,4,2,4,4,-0.68096,339
3,4,3,0,0,0.10982,9
3,4,3,0,1,-0.44327,12
3,4,3,0,2,0.18270,0
3,4,3,0,3,0.30098,0
3,4,3,0,4,0.58308,0
3,4,3,1,0,-1.01182,133
3,4,3,1,1,-0.56655,37
3,4,3,1,2,-1.09947,29
3,4,3,1,3,-0.99666,17
3,4,3,1,4,-0.98593,222
3,4,3,2,0,0.14644,40
3,4,3,2,1,-0.14291,16
3,4,3,2,2,-0.74891,3
3,4,3,2,3,0.62729,5
3,4,3,2,4,0.98849,113
3,4,3,3,0,0.08438,131
3,4,3,3,1,2.47437,39
3,4,3,3,2,0.53384,0
3,4,3,3,3,1.71921,1
3,4,3,3,4,1.66878,224
3,4,3,4,0,-0.97190,330
3,4,3,4,1,-0.23343,38
3,4,3,4,2,0.58506,0
3,4,3,4,3,1.07753,9
3,4,3,4,4,0.90163,606
3,4,4,0,0,-0.94030,21
3,4,4,0,1,-0.94368,31
3,4,4,0,2,-0.91976,4
3,4,4,0,3,-0.26384,33
3,4,4,0,4,0.02023,64
3,4,4,1,0,-1.05085,86
3,4,4,1,1,-1.06018,79
3,4,4,1,2,-1.05187,158
3,4,4,1,3,-1.06324,117
3,4,4,1,4,-1.04349,245
3,4,4,2,0,-0.19677,105
3,4,4,2,1,0.68180,86
3,4,4,2,2,0.49915,233
3,4,4,2,3,1.22941,18
3,4,4,2,4,-0.64512,120
3,4,4,3,0,-0.78868,218
3,4,4,3,1,-0.30835,168
3,4,4,3,2,-0.88061,188
3,4,4,3,3,-0.71824,37
3,4,4,3,4,-0.64166,121
3,4,4,4,0,0.12603,62
3,4,4,4,1,-0.02966,174
3,4,4,4,2,-0.73913,457
3,4,4,4,3,0.94729,229
3,4,4,4,4,2.61299,44
4,0,0,0,0,0.88750,0
4,0,0,0,1,0.99592,0
4,0,0,0,2,0.74509,0
4,0,0,0,3,0.83850,0
4,0,0,0,4,0.14975,0
4,0,0,1,0,3.16213,5
4,0,0,1,1,2.83870,12
4,0,0,1,2,0.39545,0
4,0,0,1,3,2.04176,65
4,0,0,1,4,0.52766,0
4,0,0,2,0,8.00000,125
4,0,0,2,1,7.12500,212
4,0,0,2,2,0.71164,0
4,0,0,2,3,0.48382,0
4,0,0,2,4,0.35652,0
4,0,0,3,0,6.05048,66
4,0,0,3,1,8.00000,201
4,0,0,3,2,0.75811,0
4,0,0,3,3,1.16719,6
4,0,0,3,4,0.16959,0
4,0,0,4,0,0.20418,0
4,0,0,4,1,3.27266,64
4,0,0,4,2,0.63072,0
4,0,0,4,3,0.72401,0
4,0,0,4,4,0.94619,0
4,0,1,0,0,3.43270,2
4,0,1,0,1,0.05915,0
4,0,1,0,2,0.46684,0
4,0,1,0,3,2.13603,5
4,0,1,0,4,0.49375,0
4,0,1,1,0,0.68420,4757
4,0,1,1,1,4.77467,1389
4,0,1,1,2,2.41828,427
4,0,1,1,3,1.24351,1093
4,0,1,1,4,5.69676,150
4,0,1,2,0,3.99877,15246
4,0,1,2,1,0.93652,4705
4,0,1,2,2,3.44603,1357
4,0,1,2,3,3.98845,3686
4,0,1,2,4,0.03468,210
4,0,1,3,0,3.87234,20912
4,0,1,3,1,2.28342,4628
4,0,1,3,2,2.83962,1446
4,0,1,3,3,3.91211,4888
4,0,1,3,4,5.88613,409
4,0,1,4,0,1.54890,6467
4,0,1,4,1,3.40840,1802
4,0,1,4,2,6.22686,441
4,0,1,4,3,1.56498,1360
4,0,1,4,4,-0.29927,147
4,0,2,0,0,1.31263,8
4,0,2,0,1,0.43703,63
4,0,2,0,2,0.43817,0
4,0,2,0,3,1.93318,13
4,0,2,0,4,0.43644,0
4,0,2,1,0,3.98569,1770
4,0,2,1,1,2.83454,5672
4,0,2,1,2,2.57155,12167
4,0,2,1,3,2.32038,2880
4,0,2,1,4,-0.44407,130
4,0,2,2,0,3.36839,5778
4,0,2,2,1,2.87464,15891
4,0,2,2,2,2.80940,35630
4,0,2,2,3,3.96087,10181
4,0,2,2,4,1.85804,432
4,0,2,3,0,3.97689,8229
4,0,2,3,1,2.10143,21402
4,0,2,3,2,3.69675,49010
4,0,2,3,3,3.65468,12624
4,0,2,3,4,-0.02491,431
4,0,2,4,0,1.18960,2803
4,0,2,4,1,3.20069,7432
4,0,2,4,2,1.64487,18169
4,0,2,4,3,1.74680,4086
4,0,2,4,4,0.42781,177
4,0,3,0,0,-0.06371,4
4,0,3,0,1,0.27764,10
4,0,3,0,2,-0.02196,3
4,0,3,0,3,1.47588,48
4,0,3,0,4,0.07256,32
4,0,3,1,0,-0.96637,243
4,0,3,1,1,-0.77823,2361
4,0,3,1,2,0.40918,1103
4,0,3,1,3,1.26896,6128
4,0,3,1,4,-0.98251,3937
4,0,3,2,0,2.38721,1027
4,0,3,2,1,2.22481,7524
4,0,3,2,2,2.19572,6285
4,0,3,2,3,2.32328,23124
4,0,3,2,4,1.75725,17574
4,0,3,3,0,-0.30906,1378
4,0,3,3,1,1.29318,10345
4,0,3,3,2,0.70655,9136
4,0,3,3,3,1.32970,29225
4,0,3,3,4,1.46468,22234
4,0,3,4,0,1.94900,416
4,0,3,4,1,2.13146,3625
4,0,3,4,2,2.95844,2832
4,0,3,4,3,2.46185,9501
4,0,3,4,4,2.22497,7594
4,0,4,0,0,0.10638,0
4,0,4,0,1,0.50560,0
4,0,4,0,2,1.36283,6
4,0,4,0,3,1.52762,81
4,0,4,0,4,0.24436,0
4,0,4,1,0,-1.16175,305
4,0,4,1,1,-0.98774,1325
4,0,4,1,2,-0.37134,4854
4,0,4,1,3,0.08644,14977
4,0,4,1,4,-1.00975,308
4,0,4,2,0,-0.51760,1245
4,0,4,2,1,0.21556,6337
4,0,4,2,2,2.93073,22022
4,0,4,2,3,2.44801,71110
4,0,4,2,4,1.60921,2850
4,0,4,3,0,1.67785,1657
4,0,4,3,1,2.54525,7785
4,0,4,3,2,2.89143,29123
4,0,4,3,3,0.79974,87829
4,0,4,3,4,2.00632,3052
4,0,4,4,0,0.50768,210
4,0,4,4,1,2.37552,1742
4,0,4,4,2,2.89852,9263
4,0,4,4,3,1.60851,24130
4,0,4,4,4,-0.71584,849
4,1,0,0,0,2.20863,16
4,1,0,0,1,0.17454,0
4,1,0,0,2,0.16634,0
4,1,0,0,3,0.40911,0
4,1,0,0,4,0.55188,0
4,1,0,1,0,2.52219,5018
4,1,0,1,1,2.08156,12
4,1,0,1,2,1.63340,117
4,1,0,1,3,2.68423,966
4,1,0,1,4,5.59472,12
4,1,0,2,0,2.23128,41927
4,1,0,2,1,3.99404,158
4,1,0,2,2,3.99529,306
4,1,0,2,3,3.45040,3900
4,1,0,2,4,3.97290,16
4,1,0,3,0,2.30135,46789
4,1,0,3,1,3.21761,390
4,1,0,3,2,3.07005,185
4,1,0,3,3,1.96238,4253
4,1,0,3,4,3.61513,216
4,1,0,4,0,2.24477,10063
4,1,0,4,1,3.93510,41
4,1,0,4,2,0.46992,113
4,1,0,4,3,2.68358,736
4,1,0,4,4,0.99812,3
4,1,1,0,0,-0.87537,53
4,1,1,0,1,-0.88257,44
4,1,1,0,2,-0.90966,124
4,1,1,0,3,3.99889,896
4,1,1,0,4,-0.90726,34
4,1,1,1,0,1.89261,2441
4,1,1,1,1,1.44517,3284
4,1,1,1,2,2.73792,5960
4,1,1,1,3,4.00017,139684
4,1,1,1,4,-0.84929,3539
4,1,1,2,0,3.99955,10816
4,1,1,2,1,3.63436,25579
4,1,1,2,2,2.05369,38840
4,1,1,2,3,3.99957,957377
4,1,1,2,4,1.59507,11095
4,1,1,3,0,-0.34970,13283
4,1,1,3,1,0.70987,30990
4,1,1,3,2,3.76849,42755
4,1,1,3,3,3.99937,1145415
4,1,1,3,4,1.20575,11055
4,1,1,4,0,2.88634,3761
4,1,1,4,1,1.15632,5082
4,1,1,4,2,2.27339,9066
4,1,1,4,3,2.42525,220634
4,1,1,4,4,0.91815,3729
4,1,2,0,0,-0.90835,44
4,1,2,0,1,-0.91625,257
4,1,2,0,2,-0.93221,68
4,1,2,0,3,2.99412,337
4,1,2,0,4,-0.93408,23
4,1,2,1,0,2.99265,3340
4,1,2,1,1,1.16042,75500
4,1,2,1,2,1.88106,11851
4,1,2,1,3,3.31453,38447
4,1,2,1,4,0.56484,338
4,1,2,2,0,2.92660,20443
4,1,2,2,1,-0.64739,722794
4,1,2,2,2,2.10711,75493
4,1,2,2,3,2.51534,360490
4,1,2,2,4,0.13767,1463
4,1,2,3,0,2.76869,26549
4,1,2,3,1,1.98266,862095
4,1,2,3,2,2.95526,84560
4,1,2,3,3,1.37421,425679
4,1,2,3,4,1.31864,1888
4,1,2,4,0,2.52808,7508
4,1,2,4,1,3.62374,128049
4,1,2,4,2,2.25595,16714
4,1,2,4,3,3.58195,66256
4,1,2,4,4,-0.55062,441
4,1,3,0,0,-0.98345,119
4,1,3,0,1,-0.78923,212
4,1,3,0,2,0.96149,141
4,1,3,0,3,-0.20773,531
4,1,3,0,4,-0.85600,199
4,1,3,1,0,-0.97384,5328
4,1,3,1,1,-0.99528,22878
4,1,3,1,2,-0.03669,14996
4,1,3,1,3,0.28441,75845
4,1,3,1,4,-0.95769,7562
4,1,3,2,0,0.36678,30138
4,1,3,2,1,2.20714,235957
4,1,3,2,2,2.34302,105138
4,1,3,2,3,3.51958,868839
4,1,3,2,4,1.96288,35445
4,1,3,3,0,0.05194,39731
4,1,3,3,1,2.47166,300953
4,1,3,3,2,3.32083,134785
4,1,3,3,3,2.97118,1010085
4,1,3,3,4,3.17823,36057
4,1,3,4,0,1.73800,10717
4,1,3,4,1,1.54375,49328
4,1,3,4,2,2.10600,30538
4,1,3,4,3,3.09731,139851
4,1,3,4,4,3.45637,10321
4,1,4,0,0,-0.88603,134
4,1,4,0,1,0.09733,122
4,1,4,0,2,0.00860,358
4,1,4,0,3,0.11309,1473
4,1,4,0,4,-0.98075,231
4,1,4,1,0,-1.02342,6211
4,1,4,1,1,-1.01392,34067
4,1,4,1,2,-0.98626,37836
4,1,4,1,3,1.65441,162065
4,1,4,1,4,-0.99576,7735
4,1,4,2,0,0.44428,33603
4,1,4,2,1,1.47005,252580
4,1,4,2,2,1.25551,278353
4,1,4,2,3,2.87528,1825738
4,1,4,2,4,-0.46593,35342
4,1,4,3,0,-0.17399,40456
4,1,4,3,1,2.37957,300664
4,1,4,3,2,0.93457,361112
4,1,4,3,3,2.57248,2153268
4,1,4,3,4,3.00146,36013
4,1,4,4,0,-0.43376,10765
4,1,4,4,1,2.71054,52607
4,1,4,4,2,2.59841,77608
4,1,4,4,3,3.75072,292993
4,1,4,4,4,1.06046,8876
4,2,0,0,0,-0.74777,62
4,2,0,0,1,0.88445,28
4,2,0,0,2,-0.45398,2
4,2,0,0,3,-0.74055,16
4,2,0,0,4,-0.57124,10
4,2,0,1,0,3.91729,21
4,2,0,1,1,3.93797,2673
4,2,0,1,2,3.54754,322
4,2,0,1,3,2.54681,545
4,2,0,1,4,1.29737,21
4,2,0,2,0,3.99937,204
4,2,0,2,1,1.54792,25315
4,2,0,2,2,4.95317,1930
4,2,0,2,3,3.99778,1957
4,2,0,2,4,3.18958,21
4,2,0,3,0,3.88713,329
4,2,0,3,1,3.99427,29778
4,2,0,3,2,4.01090,2834
4,2,0,3,3,3.88979,2884
4,2,0,3,4,3.59653,35
4,2,0,4,0,3.17533,144
4,2,0,4,1,3.88198,5120
4,2,0,4,2,3.24419,924
4,2,0,4,3,3.37962,548
4,2,0,4,4,3.99996,106
4,2,1,0,0,-0.94233,45
4,2,1,0,1,-0.94557,33
4,2,1,0,2,-0.95033,81
4,2,1,0,3,1.08717,98
4,2,1,0,4,-0.93926,40
4,2,1,1,0,-0.65628,807
4,2,1,1,1,0.66690,3229
4,2,1,1,2,-0.42627,8639
4,2,1,1,3,-0.89412,7051
4,2,1,1,4,0.95240,841
4,2,1,2,0,-0.54190,5129
4,2,1,2,1,-0.69969,25195
4,2,1,2,2,0.41718,72306
4,2,1,2,3,2.53679,34917
4,2,1,2,4,2.33418,2609
4,2,1,3,0,0.04330,6299
4,2,1,3,1,-0.58388,33686
4,2,1,3,2,0.86847,92096
4,2,1,3,3,-0.99561,40403
4,2,1,3,4,2.76587,3125
4,2,1,4,0,-0.11137,1773
4,2,1,4,1,1.71312,5255
4,2,1,4,2,0.11392,15743
4,2,1,4,3,-0.97238,7364
4,2,1,4,4,1.36279,1343
4,2,2,0,0,-0.96610,31
4,2,2,0,1,-0.09607,303
4,2,2,0,2,-0.93280,35
4,2,2,0,3,-0.92790,207
4,2,2,0,4,-0.94390,34
4,2,2,1,0,0.52707,883
4,2,2,1,1,1.45089,99851
4,2,2,1,2,2.21993,1702
4,2,2,1,3,-0.43205,13155
4,2,2,1,4,-0.86580,2318
4,2,2,2,0,-0.79252,2980
4,2,2,2,1,1.50218,761795
4,2,2,2,2,3.17835,6680
4,2,2,2,3,0.67008,69869
4,2,2,2,4,2.24994,6385
4,2,2,3,0,-0.80926,3412
4,2,2,3,1,0.39888,957439
4,2,2,3,2,-0.92500,7775
4,2,2,3,3,-0.99975,83069
4,2,2,3,4,-0.18439,6346
4,2,2,4,0,0.03296,1308
4,2,2,4,1,-0.95029,167232
4,2,2,4,2,-0.54279,2159
4,2,2,4,3,0.05677,20116
4,2,2,4,4,1.34631,2371
4,2,3,0,0,-0.97062,210
4,2,3,0,1,-0.90113,258
4,2,3,0,2,-0.95833,95
4,2,3,0,3,-0.89561,475
4,2,3,0,4,-0.99856,285
4,2,3,1,0,-0.99882,6192
4,2,3,1,1,-0.99878,26870
4,2,3,1,2,0.95123,3546
4,2,3,1,3,-0.09378,15889
4,2,3,1,4,-0.99882,4095
4,2,3,2,0,0.53294,24864
4,2,3,2,1,2.28802,181217
4,2,3,2,2,2.29796,21649
4,2,3,2,3,2.48889,101492
4,2,3,2,4,3.43210,16294
4,2,3,3,0,-0.47562,32574
4,2,3,3,1,-0.17727,227598
4,2,3,3,2,2.24273,25454
4,2,3,3,3,2.07833,132160
4,2,3,3,4,0.86046,16243
4,2,3,4,0,-0.37243,9196
4,2,3,4,1,0.78441,41824
4,2,3,4,2,2.29411,5320
4,2,3,4,3,2.66321,32453
4,2,3,4,4,0.25911,5010
4,2,4,0,0,-1.01786,398
4,2,4,0,1,-0.70184,745
4,2,4,0,2,-0.74669,1231
4,2,4,0,3,-0.86878,1440
4,2,4,0,4,-0.27377,101
4,2,4,1,0,-1.04760,9857
4,2,4,1,1,-1.02648,111944
4,2,4,1,2,0.55767,81375
4,2,4,1,3,-0.99760,50274
4,2,4,1,4,-1.03326,7415
4,2,4,2,0,0.56793,464803
4,2,4,2,1,-0.95987,636123
4,2,4,2,2,-0.12010,455301
4,2,4,2,3,0.75724,302715
4,2,4,2,4,-0.67857,468561
4,2,4,3,0,-0.26611,51368
4,2,4,3,1,-0.79965,804952
4,2,4,3,2,0.01803,549932
4,2,4,3,3,-0.22130,352558
4,2,4,3,4,-0.08263,25145
4,2,4,4,0,-0.25455,16351
4,2,4,4,1,-0.66828,168138
4,2,4,4,2,-0.16023,122318
4,2,4,4,3,1.07934,86817
4,2,4,4,4,0.35817,6369
4,3,0,0,0,0.18828,0
4,3,0,0,1,0.41576,0
4,3,0,0,2,2.33202,25
4,3,0,0,3,0.18620,0
4,3,0,0,4,0.22821,0
4,3,0,1,0,1.87837,4
4,3,0,1,1,1.38288,8
4,3,0,1,2,3.84237,1659
4,3,0,1,3,2.37661,12
4,3,0,1,4,0.77018,0
4,3,0,2,0,0.51264,0
4,3,0,2,1,1.28007,36
4,3,0,2,2,3.75016,5795
4,3,0,2,3,1.38434,29
4,3,0,2,4,3.98616,8
4,3,0,3,0,3.87553,23
4,3,0,3,1,3.90664,37
4,3,0,3,2,4.90665,9314
4,3,0,3,3,3.82097,13
4,3,0,3,4,3.64164,4
4,3,0,4,0,3.89395,18
4,3,0,4,1,3.90097,32
4,3,0,4,2,3.17604,2666
4,3,0,4,3,3.65582,25
4,3,0,4,4,3.79524,13
4,3,1,0,0,-0.98279,65
4,3,1,0,1,-0.99965,103
4,3,1,0,2,2.82995,20
4,3,1,0,3,-0.99953,180
4,3,1,0,4,-0.97480,44
4,3,1,1,0,3.22115,3766
4,3,1,1,1,2.66648,4410
4,3,1,1,2,3.96170,5433
4,3,1,1,3,2.22198,4606
4,3,1,1,4,-0.79084,1579
4,3,1,2,0,1.32428,6225
4,3,1,2,1,3.92159,10286
4,3,1,2,2,1.65260,13470
4,3,1,2,3,3.99771,13216
4,3,1,2,4,1.62009,1765
4,3,1,3,0,3.51319,9365
4,3,1,3,1,2.00899,12272
4,3,1,3,2,3.37827,20380
4,3,1,3,3,2.81329,17585
4,3,1,3,4,1.40394,2894
4,3,1,4,0,3.83903,6136
4,3,1,4,1,3.91885,5865
4,3,1,4,2,3.13772,8092
4,3,1,4,3,3.99796,10999
4,3,1,4,4,1.71310,1814
4,3,2,0,0,-0.96496,121
4,3,2,0,1,0.70450,51
4,3,2,0,2,-0.96448,62
4,3,2,0,3,-0.04477,135
4,3,2,0,4,-0.96267,79
4,3,2,1,0,-0.87465,6502
4,3,2,1,1,0.75621,8914
4,3,2,1,2,2.18106,5059
4,3,2,1,3,3.75320,11951
4,3,2,1,4,1.71478,163
4,3,2,2,0,1.44162,9782
4,3,2,2,1,2.54255,19479
4,3,2,2,2,1.99150,18430
4,3,2,2,3,3.27639,23520
4,3,2,2,4,-0.49648,213
4,3,2,3,0,1.39049,12451
4,3,2,3,1,3.01755,27184
4,3,2,3,2,-0.30160,21013
4,3,2,3,3,0.95630,36411
4,3,2,3,4,0.72354,163
4,3,2,4,0,3.36311,9962
4,3,2,4,1,3.98432,15165
4,3,2,4,2,2.12450,8311
4,3,2,4,3,3.81918,19896
4,3,2,4,4,3.80659,236
4,3,3,0,0,-0.81822,60
4,3,3,0,1,-0.64354,175
4,3,3,0,2,-0.97006,26
4,3,3,0,3,-0.57183,215
4,3,3,0,4,-0.99135,12
4,3,3,1,0,-0.99484,723
4,3,3,1,1,-0.06523,12984
4,3,3,1,2,-1.03219,809
4,3,3,1,3,-0.97978,9300
4,3,3,1,4,-1.04489,881
4,3,3,2,0,1.64563,1584
4,3,3,2,1,-0.40641,28275
4,3,3,2,2,0.72063,1686
4,3,3,2,3,-0.15707,16696
4,3,3,2,4,0.25835,2026
4,3,3,3,0,2.77589,1418
4,3,3,3,1,3.56719,35112
4,3,3,3,2,0.82371,2312
4,3,3,3,3,1.71119,20452
4,3,3,3,4,0.59552,2301
4,3,3,4,0,0.90105,1157
4,3,3,4,1,1.94989,20579
4,3,3,4,2,1.10347,1138
4,3,3,4,3,0.72922,15066
4,3,3,4,4,-0.70473,2190
4,3,4,0,0,-0.70388,228
4,3,4,0,1,-0.09338,991
4,3,4,0,2,-0.60784,893
4,3,4,0,3,0.12700,1753
4,3,4,0,4,0.10812,561
4,3,4,1,0,-1.05669,3971
4,3,4,1,1,-1.02659,120181
4,3,4,1,2,0.40529,38389
4,3,4,1,3,-0.90741,57361
4,3,4,1,4,-1.02660,3739
4,3,4,2,0,-0.54656,4641
4,3,4,2,1,-0.49445,218860
4,3,4,2,2,0.55996,75499
4,3,4,2,3,0.58710,93984
4,3,4,2,4,-0.56764,5316
4,3,4,3,0,-0.58817,5748
4,3,4,3,1,-0.21507,245883
4,3,4,3,2,0.55286,99252
4,3,4,3,3,0.76776,125712
4,3,4,3,4,-0.14613,6234
4,3,4,4,0,-0.83574,5630
4,3,4,4,1,-0.62110,182190
4,3,4,4,2,0.57898,53725
4,3,4,4,3,0.21244,93813
4,3,4,4,4,0.22810,3805
4,4,0,0,0,0.75407,0
4,4,0,0,1,0.91248,0
4,4,0,0,2,0.65596,0
4,4,0,0,3,0.85614,0
4,4,0,0,4,0.34363,0
4,4,0,1,0,0.50664,0
4,4,0,1,1,2.34451,23
4,4,0,1,2,0.53029,0
4,4,0,1,3,1.35604,5
4,4,0,1,4,0.80315,0
4,4,0,2,0,0.68574,0
4,4,0,2,1,0.14259,48
4,4,0,2,2,0.23685,0
4,4,0,2,3,0.44391,0
4,4,0,2,4,0.76278,0
4,4,0,3,0,0.60693,0
4,4,0,3,1,1.43680,50
4,4,0,3,2,0.87440,0
4,4,0,3,3,0.38859,0
4,4,0,3,4,0.47592,0
4,4,0,4,0,0.14788,0
4,4,0,4,1,0.87858,129
4,4,0,4,2,0.54111,0
4,4,0,4,3,0.26790,0
4,4,0,4,4,0.56737,0
4,4,1,0,0,1.43739,51
4,4,1,0,1,-0.97229,72
4,4,1,0,2,-0.98312,12
4,4,1,0,3,-0.98219,65
4,4,1,0,4,-0.99627,16
4,4,1,1,0,1.00704,767
4,4,1,1,1,0.60162,167
4,4,1,1,2,0.76947,0
4,4,1,1,3,1.13190,105
4,4,1,1,4,-0.80250,403
4,4,1,2,0,3.65220,525
4,4,1,2,1,0.97958,211
4,4,1,2,2,0.16348,1
4,4,1,2,3,0.13305,162
4,4,1,2,4,-0.33955,333
4,4,1,3,0,3.93963,976
4,4,1,3,1,2.24644,461
4,4,1,3,2,2.03278,3
4,4,1,3,3,1.63703,133
4,4,1,3,4,2.52888,303
4,4,1,4,0,3.99868,1744
4,4,1,4,1,3.84387,775
4,4,1,4,2,2.09348,1
4,4,1,4,3,4.00017,490
4,4,1,4,4,2.74927,87
4,4,2,0,0,-0.87769,16
4,4,2,0,1,0.26392,32
4,4,2,0,2,-0.35140,48
4,4,2,0,3,-0.87758,11
4,4,2,0,4,-0.87825,7
4,4,2,1,0,-0.39438,6
4,4,2,1,1,3.94642,411
4,4,2,1,2,2.04590,586
4,4,2,1,3,2.89302,23
4,4,2,1,4,0.50946,0
4,4,2,2,0,0.48050,0
4,4,2,2,1,2.81441,284
4,4,2,2,2,1.81175,383
4,4,2,2,3,-0.13623,67
4,4,2,2,4,0.82307,0
4,4,2,3,0,0.83984,10
4,4,2,3,1,2.18101,531
4,4,2,3,2,2.97857,552
4,4,2,3,3,0.08753,20
4,4,2,3,4,-0.11396,3
4,4,2,4,0,0.03122,0
4,4,2,4,1,0.24727,1003
4,4,2,4,2,3.82412,882
4,4,2,4,3,2.63159,61
4,4,2,4,4,0.88183,1
4,4,3,0,0,-0.29172,5
4,4,3,0,1,0.06792,48
4,4,3,0,2,-0.36659,14
4,4,3,0,3,2.81282,23
4,4,3,0,4,-0.53006,2
4,4,3,1,0,-0.94446,142
4,4,3,1,1,-0.95473,275
4,4,3,1,2,-0.95245,526
4,4,3,1,3,2.18791,126
4,4,3,1,4,-0.98418,474
4,4,3,2,0,0.45268,129
4,4,3,2,1,0.77473,390
4,4,3,2,2,0.57341,346
4,4,3,2,3,0.88298,77
4,4,3,2,4,0.79666,226
4,4,3,3,0,1.15841,136
4,4,3,3,1,1.07117,347
4,4,3,3,2,2.05107,524
4,4,3,3,3,1.06713,95
4,4,3,3,4,0.66079,301
4,4,3,4,0,1.13296,118
4,4,3,4,1,2.71682,718
4,4,3,4,2,1.48062,708
4,4,3,4,3,2.92870,236
4,4,3,4,4,0.32815,497
4,4,4,0,0,-0.87979,24
4,4,4,0,1,-0.73650,391
4,4,4,0,2,-0.89251,50
4,4,4,0,3,0.11565,284
4,4,4,0,4,-0.65008,26
4,4,4,1,0,-1.05635,370
4,4,4,1,1,-1.03095,7724
4,4,4,1,2,-1.02604,328
4,4,4,1,3,0.85244,2404
4,4,4,1,4,-1.03276,873
4,4,4,2,0,-0.27332,385
4,4,4,2,1,2.08255,4992
4,4,4,2,2,1.13641,138
4,4,4,2,3,0.43983,2065
4,4,4,2,4,0.18192,214
4,4,4,3,0,-0.94604,515
4,4,4,3,1,0.15866,5967
4,4,4,3,2,0.38002,223
4,4,4,3,3,0.57753,2651
4,4,4,3,4,-0.74870,1185
4,4,4,4,0,-0.33498,685
4,4,4,4,1,-0.41912,11608
4,4,4,4,2,0.37075,341
4,4,4,4,3,0.44419,4629
4,4,4,4,4,-0.19445,1295
