3125
5
0,0,0,0,0,0.77679,0
0,0,0,0,1,0.23199,0
0,0,0,0,2,0.58695,0
0,0,0,0,3,0.49499,0
0,0,0,0,4,0.34525,0
0,0,0,1,0,0.83754,0
0,0,0,1,1,0.08732,0
0,0,0,1,2,0.56842,0
0,0,0,1,3,0.92220,0
0,0,0,1,4,0.77235,0
0,0,0,2,0,0.61319,0
0,0,0,2,1,0.09017,0
0,0,0,2,2,0.49306,0
0,0,0,2,3,0.66002,0
0,0,0,2,4,0.22169,0
0,0,0,3,0,0.72164,0
0,0,0,3,1,0.93245,0
0,0,0,3,2,0.22019,0
0,0,0,3,3,0.27465,0
0,0,0,3,4,0.14297,0
0,0,0,4,0,0.74453,0
0,0,0,4,1,0.88334,0
0,0,0,4,2,0.27274,0
0,0,0,4,3,0.64504,0
0,0,0,4,4,0.08436,0
0,0,1,0,0,0.41093,0
0,0,1,0,1,0.41647,0
0,0,1,0,2,0.82645,0
0,0,1,0,3,0.33107,0
0,0,1,0,4,0.15574,0
0,0,1,1,0,-0.88155,17
0,0,1,1,1,-0.91344,35
0,0,1,1,2,-0.72094,11
0,0,1,1,3,-0.72789,28
0,0,1,1,4,-0.78582,26
0,0,1,2,0,-0.95000,16
0,0,1,2,1,-0.60663,106
0,0,1,2,2,-0.92179,34
0,0,1,2,3,-0.89979,36
0,0,1,2,4,-0.75139,37
0,0,1,3,0,-1.05919,23
0,0,1,3,1,-1.03954,111
0,0,1,3,2,-1.01686,38
0,0,1,3,3,-0.97068,66
0,0,1,3,4,-1.00306,43
0,0,1,4,0,-0.59579,10
0,0,1,4,1,1.23730,49
0,0,1,4,2,1.32234,26
0,0,1,4,3,-0.62776,31
0,0,1,4,4,-0.93226,17
0,0,2,0,0,0.79919,0
0,0,2,0,1,0.00092,0
0,0,2,0,2,0.18458,0
0,0,2,0,3,0.33864,0
0,0,2,0,4,0.07963,0
0,0,2,1,0,-0.43740,6
0,0,2,1,1,-0.67308,19
0,0,2,1,2,-1.02566,12
0,0,2,1,3,-0.96607,21
0,0,2,1,4,-0.37542,5
0,0,2,2,0,-0.68227,43
0,0,2,2,1,-0.03512,77
0,0,2,2,2,-0.95161,31
0,0,2,2,3,-0.88124,60
0,0,2,2,4,-0.87020,25
0,0,2,3,0,-0.69164,14
0,0,2,3,1,-0.69848,124
0,0,2,3,2,-0.86714,26
0,0,2,3,3,-0.36603,101
0,0,2,3,4,-0.70838,81
0,0,2,4,0,0.23605,26
0,0,2,4,1,0.81712,50
0,0,2,4,2,-0.17942,28
0,0,2,4,3,0.03193,15
0,0,2,4,4,-0.75321,38
0,0,3,0,0,0.82828,0
0,0,3,0,1,0.48471,0
0,0,3,0,2,0.94726,0
0,0,3,0,3,0.04473,0
0,0,3,0,4,0.89210,0
0,0,3,1,0,-0.35191,7
0,0,3,1,1,-0.37091,6
0,0,3,1,2,-0.33650,3
0,0,3,1,3,-0.44579,19
0,0,3,1,4,-0.66358,6
0,0,3,2,0,-0.47465,22
0,0,3,2,1,-0.64125,48
0,0,3,2,2,-0.47487,20
0,0,3,2,3,-0.40435,43
0,0,3,2,4,-0.46960,35
0,0,3,3,0,-0.96872,11
0,0,3,3,1,-0.94261,68
0,0,3,3,2,-0.98918,57
0,0,3,3,3,-0.74772,34
0,0,3,3,4,-0.86601,26
0,0,3,4,0,0.27498,0
0,0,3,4,1,-0.07249,14
0,0,3,4,2,0.42588,9
0,0,3,4,3,0.41557,22
0,0,3,4,4,0.41016,8
0,0,4,0,0,0.47246,0
0,0,4,0,1,0.41075,0
0,0,4,0,2,0.17636,0
0,0,4,0,3,0.71993,0
0,0,4,0,4,0.44030,0
0,0,4,1,0,0.09986,1
0,0,4,1,1,1.50229,24
0,0,4,1,2,-0.13904,2
0,0,4,1,3,0.20777,13
0,0,4,1,4,0.16144,3
0,0,4,2,0,-0.72732,22
0,0,4,2,1,-0.81965,29
0,0,4,2,2,-0.94147,30
0,0,4,2,3,-0.88062,18
0,0,4,2,4,-0.76118,24
0,0,4,3,0,-0.43066,4
0,0,4,3,1,-0.65734,62
0,0,4,3,2,-0.30327,53
0,0,4,3,3,-0.58207,51
0,0,4,3,4,-0.41611,25
0,0,4,4,0,-0.44925,8
0,0,4,4,1,-0.89940,34
0,0,4,4,2,-0.37280,14
0,0,4,4,3,-0.18265,18
0,0,4,4,4,-0.26010,22
0,1,0,0,0,0.62253,0
0,1,0,0,1,0.45954,0
0,1,0,0,2,0.81488,0
0,1,0,0,3,0.79594,0
0,1,0,0,4,0.83738,0
0,1,0,1,0,3.99334,9
0,1,0,1,1,3.37321,3
0,1,0,1,2,3.94507,6
0,1,0,1,3,3.25000,104
0,1,0,1,4,3.99995,19
0,1,0,2,0,-0.99533,105
0,1,0,2,1,-1.18378,349
0,1,0,2,2,-0.99553,70
0,1,0,2,3,3.99442,249
0,1,0,2,4,-1.10281,64
0,1,0,3,0,3.99738,71
0,1,0,3,1,3.25000,271
0,1,0,3,2,3.25000,470
0,1,0,3,3,3.99959,191
0,1,0,3,4,3.99981,58
0,1,0,4,0,3.25000,268
0,1,0,4,1,3.99932,59
0,1,0,4,2,3.99998,51
0,1,0,4,3,3.99963,180
0,1,0,4,4,4.00000,81
0,1,1,0,0,-0.09496,3
0,1,1,0,1,0.35021,0
0,1,1,0,2,0.16780,0
0,1,1,0,3,0.26774,4
0,1,1,0,4,0.23034,4
0,1,1,1,0,-1.14358,93
0,1,1,1,1,3.99779,103
0,1,1,1,2,-1.17328,140
0,1,1,1,3,-1.08979,137
0,1,1,1,4,-1.12212,93
0,1,1,2,0,-1.14746,325
0,1,1,2,1,-1.28937,360
0,1,1,2,2,0.62018,395
0,1,1,2,3,-1.25133,481
0,1,1,2,4,-1.33565,337
0,1,1,3,0,-1.13184,194
0,1,1,3,1,-1.27655,442
0,1,1,3,2,-1.15255,354
0,1,1,3,3,-1.33212,982
0,1,1,3,4,-1.33515,369
0,1,1,4,0,-1.10192,164
0,1,1,4,1,-1.06395,159
0,1,1,4,2,-1.00896,45
0,1,1,4,3,-0.48810,474
0,1,1,4,4,-1.05133,45
0,1,2,0,0,0.88960,0
0,1,2,0,1,0.61723,1
0,1,2,0,2,1.41029,7
0,1,2,0,3,0.07675,0
0,1,2,0,4,0.77225,0
0,1,2,1,0,-1.10912,45
0,1,2,1,1,-1.23179,52
0,1,2,1,2,-1.12872,46
0,1,2,1,3,-1.14454,207
0,1,2,1,4,-1.26193,73
0,1,2,2,0,-1.21062,162
0,1,2,2,1,-0.23335,285
0,1,2,2,2,-1.22032,244
0,1,2,2,3,-1.17766,491
0,1,2,2,4,-1.13094,168
0,1,2,3,0,-1.25002,279
0,1,2,3,1,-1.16195,280
0,1,2,3,2,-1.21091,356
0,1,2,3,3,-0.79068,689
0,1,2,3,4,-1.15471,141
0,1,2,4,0,-1.14724,128
0,1,2,4,1,1.72880,154
0,1,2,4,2,-1.12219,126
0,1,2,4,3,-1.05229,236
0,1,2,4,4,-1.10115,32
0,1,3,0,0,0.23772,2
0,1,3,0,1,0.22707,12
0,1,3,0,2,0.13419,8
0,1,3,0,3,0.62392,17
0,1,3,0,4,0.50825,9
0,1,3,1,0,0.45019,59
0,1,3,1,1,-0.62282,87
0,1,3,1,2,-0.45241,45
0,1,3,1,3,-0.45379,114
0,1,3,1,4,-0.27278,59
0,1,3,2,0,-0.63017,112
0,1,3,2,1,-0.75089,222
0,1,3,2,2,-0.74406,183
0,1,3,2,3,-0.80724,411
0,1,3,2,4,-0.89424,148
0,1,3,3,0,-1.27607,211
0,1,3,3,1,-1.17089,335
0,1,3,3,2,-1.21069,280
0,1,3,3,3,-1.14348,453
0,1,3,3,4,-1.18340,222
0,1,3,4,0,-0.92786,55
0,1,3,4,1,1.77370,114
0,1,3,4,2,-0.93427,96
0,1,3,4,3,-0.88061,199
0,1,3,4,4,-1.08276,103
0,1,4,0,0,-0.16199,6
0,1,4,0,1,-0.25095,6
0,1,4,0,2,0.07275,10
0,1,4,0,3,0.01011,12
0,1,4,0,4,-0.10496,4
0,1,4,1,0,-0.99960,39
0,1,4,1,1,-0.83386,79
0,1,4,1,2,-1.03578,33
0,1,4,1,3,-0.40739,182
0,1,4,1,4,-0.98541,48
0,1,4,2,0,-1.19154,287
0,1,4,2,1,-1.22931,206
0,1,4,2,2,-1.13700,214
0,1,4,2,3,-1.16045,393
0,1,4,2,4,-1.10330,180
0,1,4,3,0,-1.18761,286
0,1,4,3,1,-1.24253,298
0,1,4,3,2,-1.25087,232
0,1,4,3,3,-1.23463,569
0,1,4,3,4,-1.25771,323
0,1,4,4,0,-1.20502,158
0,1,4,4,1,-1.14106,160
0,1,4,4,2,-1.28531,142
0,1,4,4,3,0.20983,263
0,1,4,4,4,0.30699,106
0,2,0,0,0,0.21879,0
0,2,0,0,1,0.76070,0
0,2,0,0,2,0.08000,0
0,2,0,0,3,0.93478,0
0,2,0,0,4,0.28830,0
0,2,0,1,0,4.00000,35
0,2,0,1,1,3.98242,253
0,2,0,1,2,4.00012,106
0,2,0,1,3,2.87500,294
0,2,0,1,4,4.00000,49
0,2,0,2,0,-0.96744,229
0,2,0,2,1,-1.15968,162
0,2,0,2,2,-0.96916,219
0,2,0,2,3,-0.96501,435
0,2,0,2,4,-0.97120,242
0,2,0,3,0,2.74707,31
0,2,0,3,1,2.70285,26
0,2,0,3,2,3.25000,143
0,2,0,3,3,2.26086,331
0,2,0,3,4,3.99979,151
0,2,0,4,0,-0.99838,199
0,2,0,4,1,-1.18605,204
0,2,0,4,2,4.00010,268
0,2,0,4,3,-0.99857,218
0,2,0,4,4,-1.11618,60
0,2,1,0,0,-0.35910,8
0,2,1,0,1,0.01905,0
0,2,1,0,2,-0.24341,8
0,2,1,0,3,-0.12326,7
0,2,1,0,4,0.01072,4
0,2,1,1,0,-1.16031,201
0,2,1,1,1,-1.18745,159
0,2,1,1,2,2.19548,168
0,2,1,1,3,-1.14577,97
0,2,1,1,4,-1.12476,78
0,2,1,2,0,-1.24109,385
0,2,1,2,1,-1.32689,437
0,2,1,2,2,-1.30836,206
0,2,1,2,3,-1.27504,361
0,2,1,2,4,-1.29595,319
0,2,1,3,0,-1.23895,284
0,2,1,3,1,-1.26404,402
0,2,1,3,2,-1.22450,461
0,2,1,3,3,-1.30198,358
0,2,1,3,4,-1.19618,324
0,2,1,4,0,-1.11787,149
0,2,1,4,1,-1.18710,138
0,2,1,4,2,1.07109,208
0,2,1,4,3,-1.14961,144
0,2,1,4,4,-1.12606,134
0,2,2,0,0,0.16032,0
0,2,2,0,1,0.00659,6
0,2,2,0,2,-0.23685,14
0,2,2,0,3,-0.18364,9
0,2,2,0,4,-0.09531,3
0,2,2,1,0,-0.18137,155
0,2,2,1,1,-0.40383,122
0,2,2,1,2,-0.12205,104
0,2,2,1,3,-0.01896,181
0,2,2,1,4,-0.95823,42
0,2,2,2,0,-1.18065,244
0,2,2,2,1,-0.41393,213
0,2,2,2,2,-1.17699,209
0,2,2,2,3,-1.22954,350
0,2,2,2,4,-1.15846,273
0,2,2,3,0,-1.19085,343
0,2,2,3,1,-1.24972,285
0,2,2,3,2,-1.24941,428
0,2,2,3,3,-1.23193,366
0,2,2,3,4,-1.24276,193
0,2,2,4,0,-1.13440,225
0,2,2,4,1,-1.18445,202
0,2,2,4,2,-1.15007,218
0,2,2,4,3,-1.16350,310
0,2,2,4,4,-1.24166,125
0,2,3,0,0,0.28839,0
0,2,3,0,1,0.02189,2
0,2,3,0,2,0.15222,4
0,2,3,0,3,-0.15745,19
0,2,3,0,4,-0.01104,7
0,2,3,1,0,-1.00361,66
0,2,3,1,1,-0.77495,111
0,2,3,1,2,-0.76977,108
0,2,3,1,3,-0.78706,93
0,2,3,1,4,-0.75881,78
0,2,3,2,0,-1.17432,209
0,2,3,2,1,-1.23868,275
0,2,3,2,2,-1.17054,135
0,2,3,2,3,2.66852,465
0,2,3,2,4,-1.21331,287
0,2,3,3,0,-1.13645,193
0,2,3,3,1,-1.20951,263
0,2,3,3,2,-1.23046,240
0,2,3,3,3,-1.05230,368
0,2,3,3,4,-1.19994,172
0,2,3,4,0,-0.77267,119
0,2,3,4,1,-0.92737,133
0,2,3,4,2,-0.69372,96
0,2,3,4,3,-0.69275,137
0,2,3,4,4,0.63816,81
0,2,4,0,0,-0.18504,7
0,2,4,0,1,0.22735,0
0,2,4,0,2,0.20901,0
0,2,4,0,3,-0.05456,4
0,2,4,0,4,0.19003,8
0,2,4,1,0,-1.13820,143
0,2,4,1,1,-0.99508,88
0,2,4,1,2,-0.94549,105
0,2,4,1,3,-1.09470,168
0,2,4,1,4,-0.93670,110
0,2,4,2,0,-1.19233,216
0,2,4,2,1,-1.23715,235
0,2,4,2,2,-1.25402,255
0,2,4,2,3,-1.11441,350
0,2,4,2,4,-1.15669,248
0,2,4,3,0,-1.35273,217
0,2,4,3,1,-1.29014,270
0,2,4,3,2,-1.29299,415
0,2,4,3,3,-1.35645,444
0,2,4,3,4,-1.15390,309
0,2,4,4,0,-1.25294,123
0,2,4,4,1,-1.30698,129
0,2,4,4,2,-1.24039,125
0,2,4,4,3,-1.28809,268
0,2,4,4,4,-0.57912,184
0,3,0,0,0,2.87500,117
0,3,0,0,1,3.98636,8
0,3,0,0,2,3.99999,20
0,3,0,0,3,3.99888,21
0,3,0,0,4,3.99997,24
0,3,0,1,0,4.00006,345
0,3,0,1,1,3.99916,12
0,3,0,1,2,4.00000,23
0,3,0,1,3,4.00003,38
0,3,0,1,4,3.24945,160
0,3,0,2,0,3.89162,6
0,3,0,2,1,3.99690,26
0,3,0,2,2,0.69804,0
0,3,0,2,3,2.87384,116
0,3,0,2,4,3.92220,6
0,3,0,3,0,0.03910,0
0,3,0,3,1,1.67779,4
0,3,0,3,2,2.17504,4
0,3,0,3,3,0.47254,0
0,3,0,3,4,2.58843,4
0,3,0,4,0,3.97786,8
0,3,0,4,1,3.99990,16
0,3,0,4,2,2.87500,152
0,3,0,4,3,3.99719,11
0,3,0,4,4,3.99999,20
0,3,1,0,0,0.10549,4
0,3,1,0,1,-0.09354,7
0,3,1,0,2,0.04737,2
0,3,1,0,3,-0.28609,5
0,3,1,0,4,-0.02640,8
0,3,1,1,0,-0.74145,20
0,3,1,1,1,-0.92094,42
0,3,1,1,2,-0.93190,50
0,3,1,1,3,-0.77962,198
0,3,1,1,4,-0.74518,81
0,3,1,2,0,-0.48577,31
0,3,1,2,1,-0.57133,51
0,3,1,2,2,-0.77154,52
0,3,1,2,3,-0.55383,49
0,3,1,2,4,-0.50087,102
0,3,1,3,0,-1.02589,40
0,3,1,3,1,-1.16118,48
0,3,1,3,2,-1.06085,40
0,3,1,3,3,-1.19711,183
0,3,1,3,4,-1.11313,40
0,3,1,4,0,-0.85220,60
0,3,1,4,1,-0.99893,100
0,3,1,4,2,-0.81172,62
0,3,1,4,3,-0.84668,90
0,3,1,4,4,-0.85485,63
0,3,2,0,0,0.08441,4
0,3,2,0,1,0.02755,4
0,3,2,0,2,-0.29264,12
0,3,2,0,3,-0.14488,4
0,3,2,0,4,-0.09582,2
0,3,2,1,0,-0.24046,57
0,3,2,1,1,0.66141,60
0,3,2,1,2,0.92935,33
0,3,2,1,3,0.79250,136
0,3,2,1,4,-0.24970,34
0,3,2,2,0,-0.51977,41
0,3,2,2,1,-0.47204,77
0,3,2,2,2,-0.74397,106
0,3,2,2,3,-0.56556,90
0,3,2,2,4,-0.50526,48
0,3,2,3,0,-1.04981,64
0,3,2,3,1,-1.07432,90
0,3,2,3,2,-0.91091,129
0,3,2,3,3,1.46512,101
0,3,2,3,4,-0.91653,57
0,3,2,4,0,1.41783,56
0,3,2,4,1,0.28890,6
0,3,2,4,2,1.60402,70
0,3,2,4,3,0.83503,97
0,3,2,4,4,1.35096,12
0,3,3,0,0,0.00951,0
0,3,3,0,1,3.34911,21
0,3,3,0,2,2.31740,6
0,3,3,0,3,1.30924,10
0,3,3,0,4,0.01065,6
0,3,3,1,0,-0.97536,55
0,3,3,1,1,-0.88225,92
0,3,3,1,2,-0.26810,101
0,3,3,1,3,0.56951,108
0,3,3,1,4,-0.86766,81
0,3,3,2,0,0.58236,41
0,3,3,2,1,0.69015,86
0,3,3,2,2,0.40538,26
0,3,3,2,3,0.98817,104
0,3,3,2,4,0.60290,52
0,3,3,3,0,-0.88042,33
0,3,3,3,1,-1.21400,52
0,3,3,3,2,-0.38881,55
0,3,3,3,3,-0.36796,127
0,3,3,3,4,-0.28783,40
0,3,3,4,0,0.22952,44
0,3,3,4,1,0.57935,22
0,3,3,4,2,0.28332,49
0,3,3,4,3,0.37021,59
0,3,3,4,4,0.43657,26
0,3,4,0,0,0.07535,3
0,3,4,0,1,0.03101,3
0,3,4,0,2,-0.31227,3
0,3,4,0,3,-0.07275,14
0,3,4,0,4,-0.25008,5
0,3,4,1,0,-0.87363,68
0,3,4,1,1,-0.74141,105
0,3,4,1,2,-0.66864,70
0,3,4,1,3,-0.71915,110
0,3,4,1,4,-0.90107,41
0,3,4,2,0,-0.88357,73
0,3,4,2,1,-1.00357,37
0,3,4,2,2,-0.78617,65
0,3,4,2,3,1.83712,165
0,3,4,2,4,-0.80081,51
0,3,4,3,0,0.74264,43
0,3,4,3,1,0.36996,58
0,3,4,3,2,0.45805,18
0,3,4,3,3,0.84055,69
0,3,4,3,4,0.61886,63
0,3,4,4,0,-0.19697,52
0,3,4,4,1,-0.62663,48
0,3,4,4,2,-0.49871,22
0,3,4,4,3,-0.74390,72
0,3,4,4,4,-0.57552,78
0,4,0,0,0,0.44565,0
0,4,0,0,1,0.84435,0
0,4,0,0,2,0.61342,0
0,4,0,0,3,0.87272,0
0,4,0,0,4,0.50901,0
0,4,0,1,0,-0.90491,29
0,4,0,1,1,-1.11214,33
0,4,0,1,2,-0.92062,32
0,4,0,1,3,-0.91247,32
0,4,0,1,4,-0.92316,36
0,4,0,2,0,0.22327,0
0,4,0,2,1,0.57059,0
0,4,0,2,2,0.69615,0
0,4,0,2,3,0.68027,0
0,4,0,2,4,0.59990,0
0,4,0,3,0,0.13337,0
0,4,0,3,1,0.92110,0
0,4,0,3,2,0.31099,0
0,4,0,3,3,0.52060,0
0,4,0,3,4,0.07063,0
0,4,0,4,0,0.90288,0
0,4,0,4,1,0.14960,0
0,4,0,4,2,0.56220,0
0,4,0,4,3,0.61402,0
0,4,0,4,4,0.32200,0
0,4,1,0,0,0.04413,0
0,4,1,0,1,0.57476,0
0,4,1,0,2,0.39632,0
0,4,1,0,3,0.50886,0
0,4,1,0,4,0.08270,0
0,4,1,1,0,0.76040,0
0,4,1,1,1,0.22100,0
0,4,1,1,2,0.45370,0
0,4,1,1,3,0.83455,0
0,4,1,1,4,0.06030,0
0,4,1,2,0,1.75891,3
0,4,1,2,1,0.69525,0
0,4,1,2,2,2.97775,4
0,4,1,2,3,3.05802,4
0,4,1,2,4,2.87057,8
0,4,1,3,0,0.48394,0
0,4,1,3,1,0.68002,0
0,4,1,3,2,0.15160,0
0,4,1,3,3,0.07970,0
0,4,1,3,4,0.21003,0
0,4,1,4,0,-0.19802,9
0,4,1,4,1,-0.24738,12
0,4,1,4,2,-0.21162,7
0,4,1,4,3,-0.26429,12
0,4,1,4,4,-0.58355,11
0,4,2,0,0,0.15725,5
0,4,2,0,1,0.28077,0
0,4,2,0,2,0.24781,0
0,4,2,0,3,0.13700,6
0,4,2,0,4,0.12686,3
0,4,2,1,0,0.49102,4
0,4,2,1,1,0.98051,10
0,4,2,1,2,0.38216,4
0,4,2,1,3,1.51060,11
0,4,2,1,4,0.30819,0
0,4,2,2,0,0.21764,3
0,4,2,2,1,0.04769,0
0,4,2,2,2,0.38679,4
0,4,2,2,3,0.75431,0
0,4,2,2,4,0.79994,0
0,4,2,3,0,0.21807,4
0,4,2,3,1,-0.26014,6
0,4,2,3,2,0.05657,0
0,4,2,3,3,0.16380,8
0,4,2,3,4,0.14005,6
0,4,2,4,0,0.69432,0
0,4,2,4,1,0.19640,0
0,4,2,4,2,0.19489,0
0,4,2,4,3,0.51835,0
0,4,2,4,4,0.75603,0
0,4,3,0,0,0.04984,0
0,4,3,0,1,0.58405,0
0,4,3,0,2,0.63135,0
0,4,3,0,3,0.43335,8
0,4,3,0,4,0.19094,0
0,4,3,1,0,0.46593,4
0,4,3,1,1,0.04652,0
0,4,3,1,2,1.30782,3
0,4,3,1,3,0.50672,4
0,4,3,1,4,0.49028,4
0,4,3,2,0,0.78761,0
0,4,3,2,1,0.40379,0
0,4,3,2,2,0.90005,0
0,4,3,2,3,0.34019,0
0,4,3,2,4,0.89186,0
0,4,3,3,0,0.67743,0
0,4,3,3,1,0.79945,0
0,4,3,3,2,0.17929,0
0,4,3,3,3,0.08444,0
0,4,3,3,4,0.02096,0
0,4,3,4,0,0.64730,1
0,4,3,4,1,0.26898,0
0,4,3,4,2,0.19536,0
0,4,3,4,3,0.08002,4
0,4,3,4,4,0.06893,0
0,4,4,0,0,0.21844,0
0,4,4,0,1,0.55467,0
0,4,4,0,2,0.37746,0
0,4,4,0,3,0.58616,0
0,4,4,0,4,0.78361,0
0,4,4,1,0,0.01682,0
0,4,4,1,1,0.26176,0
0,4,4,1,2,0.48484,0
0,4,4,1,3,0.66649,0
0,4,4,1,4,0.71150,0
0,4,4,2,0,0.21858,0
0,4,4,2,1,0.37813,0
0,4,4,2,2,0.44244,0
0,4,4,2,3,0.09556,0
0,4,4,2,4,0.34865,0
0,4,4,3,0,0.79494,0
0,4,4,3,1,0.90496,0
0,4,4,3,2,0.38960,0
0,4,4,3,3,0.73378,0
0,4,4,3,4,0.93352,0
0,4,4,4,0,0.55567,0
0,4,4,4,1,0.02281,0
0,4,4,4,2,0.11914,0
0,4,4,4,3,0.53329,0
0,4,4,4,4,0.18697,0
1,0,0,0,0,0.28094,0
1,0,0,0,1,0.82451,0
1,0,0,0,2,0.04463,0
1,0,0,0,3,0.50611,0
1,0,0,0,4,0.95466,0
1,0,0,1,0,0.93897,0
1,0,0,1,1,0.26941,0
1,0,0,1,2,0.53119,0
1,0,0,1,3,0.41963,0
1,0,0,1,4,0.90147,0
1,0,0,2,0,0.16983,0
1,0,0,2,1,0.05337,0
1,0,0,2,2,0.24451,0
1,0,0,2,3,7.99750,120
1,0,0,2,4,3.97741,83
1,0,0,3,0,7.99981,80
1,0,0,3,1,8.00000,62
1,0,0,3,2,0.12130,0
1,0,0,3,3,4.00000,86
1,0,0,3,4,0.09409,0
1,0,0,4,0,0.62398,0
1,0,0,4,1,0.81412,0
1,0,0,4,2,0.56170,0
1,0,0,4,3,0.59019,0
1,0,0,4,4,0.11698,0
1,0,1,0,0,0.22294,0
1,0,1,0,1,0.87154,0
1,0,1,0,2,0.60105,0
1,0,1,0,3,0.81104,0
1,0,1,0,4,0.00172,0
1,0,1,1,0,0.47085,101
1,0,1,1,1,1.18627,1299
1,0,1,1,2,0.25374,158
1,0,1,1,3,0.51371,1512
1,0,1,1,4,3.61931,232
1,0,1,2,0,-0.54421,727
1,0,1,2,1,-0.54812,3048
1,0,1,2,2,4.34849,454
1,0,1,2,3,7.99848,3031
1,0,1,2,4,-0.47148,699
1,0,1,3,0,-0.04054,643
1,0,1,3,1,3.06179,3937
1,0,1,3,2,1.25892,1144
1,0,1,3,3,1.76110,4285
1,0,1,3,4,-0.44469,642
1,0,1,4,0,0.81315,137
1,0,1,4,1,0.84060,1903
1,0,1,4,2,7.99931,345
1,0,1,4,3,3.99981,1255
1,0,1,4,4,0.95116,295
1,0,2,0,0,0.12933,0
1,0,2,0,1,0.78091,0
1,0,2,0,2,0.81971,0
1,0,2,0,3,0.29562,0
1,0,2,0,4,0.42896,0
1,0,2,1,0,-0.09827,39
1,0,2,1,1,1.93847,103
1,0,2,1,2,-0.12672,44
1,0,2,1,3,0.04546,308
1,0,2,1,4,-0.43360,45
1,0,2,2,0,-0.40997,286
1,0,2,2,1,-0.60040,338
1,0,2,2,2,-0.40992,361
1,0,2,2,3,1.91297,735
1,0,2,2,4,-0.67432,166
1,0,2,3,0,-0.72343,342
1,0,2,3,1,0.77345,396
1,0,2,3,2,-0.55636,521
1,0,2,3,3,2.47411,1364
1,0,2,3,4,-0.46830,377
1,0,2,4,0,-0.15858,96
1,0,2,4,1,-0.08613,272
1,0,2,4,2,0.27902,91
1,0,2,4,3,1.02752,407
1,0,2,4,4,0.06961,137
1,0,3,0,0,0.83362,0
1,0,3,0,1,0.59896,1
1,0,3,0,2,0.26323,4
1,0,3,0,3,0.14192,0
1,0,3,0,4,0.11902,0
1,0,3,1,0,-0.01192,81
1,0,3,1,1,0.00329,71
1,0,3,1,2,-0.27792,80
1,0,3,1,3,-0.18905,164
1,0,3,1,4,-0.06366,69
1,0,3,2,0,-0.69390,106
1,0,3,2,1,0.57082,315
1,0,3,2,2,-0.04964,204
1,0,3,2,3,3.13280,464
1,0,3,2,4,-0.55228,127
1,0,3,3,0,-0.59389,237
1,0,3,3,1,1.30584,310
1,0,3,3,2,0.12617,279
1,0,3,3,3,1.46772,802
1,0,3,3,4,-0.06574,255
1,0,3,4,0,0.43082,38
1,0,3,4,1,0.54999,91
1,0,3,4,2,0.37792,83
1,0,3,4,3,2.05310,267
1,0,3,4,4,0.51373,90
1,0,4,0,0,0.26326,4
1,0,4,0,1,0.37075,2
1,0,4,0,2,0.63642,0
1,0,4,0,3,0.32918,0
1,0,4,0,4,0.07876,0
1,0,4,1,0,-0.35989,46
1,0,4,1,1,0.48222,102
1,0,4,1,2,1.00288,120
1,0,4,1,3,1.80443,184
1,0,4,1,4,-0.37890,36
1,0,4,2,0,-0.45646,179
1,0,4,2,1,-0.46599,301
1,0,4,2,2,-0.46319,319
1,0,4,2,3,-0.52601,536
1,0,4,2,4,-0.45990,101
1,0,4,3,0,-0.30937,242
1,0,4,3,1,-0.03151,248
1,0,4,3,2,-0.50958,351
1,0,4,3,3,-0.27262,926
1,0,4,3,4,-0.23784,229
1,0,4,4,0,-0.82143,136
1,0,4,4,1,-0.36259,126
1,0,4,4,2,-0.22848,137
1,0,4,4,3,1.81265,330
1,0,4,4,4,-0.74568,139
1,1,0,0,0,0.87776,0
1,1,0,0,1,0.53094,0
1,1,0,0,2,0.36191,0
1,1,0,0,3,0.43364,0
1,1,0,0,4,0.15779,0
1,1,0,1,0,1.73268,41
1,1,0,1,1,1.71392,118
1,1,0,1,2,1.70036,31
1,1,0,1,3,2.65245,51
1,1,0,1,4,4.00002,78
1,1,0,2,0,1.32032,456
1,1,0,2,1,-0.01588,202
1,1,0,2,2,-0.00400,338
1,1,0,2,3,-0.01649,571
1,1,0,2,4,-0.20206,124
1,1,0,3,0,0.28898,448
1,1,0,3,1,2.47207,416
1,1,0,3,2,0.71191,535
1,1,0,3,3,0.32432,672
1,1,0,3,4,0.60412,607
1,1,0,4,0,2.03145,112
1,1,0,4,1,1.06927,350
1,1,0,4,2,1.57730,24
1,1,0,4,3,1.71992,337
1,1,0,4,4,1.82380,32
1,1,1,0,0,0.11481,0
1,1,1,0,1,0.40886,7
1,1,1,0,2,3.02957,45
1,1,1,0,3,0.55653,11
1,1,1,0,4,0.48997,4
1,1,1,1,0,-1.10741,1725
1,1,1,1,1,-0.69298,1184
1,1,1,1,2,1.76778,1625
1,1,1,1,3,4.00010,6824
1,1,1,1,4,-1.09899,1500
1,1,1,2,0,-0.58085,5414
1,1,1,2,1,-0.98445,4469
1,1,1,2,2,0.00876,6127
1,1,1,2,3,0.47465,21793
1,1,1,2,4,-0.99205,4023
1,1,1,3,0,-1.12813,4993
1,1,1,3,1,-0.73270,7873
1,1,1,3,2,-0.40596,6161
1,1,1,3,3,0.94707,25557
1,1,1,3,4,-0.98779,7188
1,1,1,4,0,-0.94228,2755
1,1,1,4,1,-0.76676,2352
1,1,1,4,2,1.19922,2822
1,1,1,4,3,3.99882,8867
1,1,1,4,4,-0.73496,1645
1,1,2,0,0,0.59988,10
1,1,2,0,1,0.90663,28
1,1,2,0,2,0.46770,21
1,1,2,0,3,1.13883,39
1,1,2,0,4,0.30541,15
1,1,2,1,0,-0.73759,680
1,1,2,1,1,-0.69263,990
1,1,2,1,2,-0.59252,993
1,1,2,1,3,2.50202,2620
1,1,2,1,4,-0.91257,776
1,1,2,2,0,-1.08774,3240
1,1,2,2,1,-0.95309,4200
1,1,2,2,2,3.67779,3537
1,1,2,2,3,0.06396,9091
1,1,2,2,4,-0.98101,3392
1,1,2,3,0,-1.00210,3607
1,1,2,3,1,-0.86826,4627
1,1,2,3,2,-0.17684,3987
1,1,2,3,3,-0.20028,11410
1,1,2,3,4,-0.93718,3598
1,1,2,4,0,-0.21834,1362
1,1,2,4,1,-0.98775,1364
1,1,2,4,2,0.09023,1312
1,1,2,4,3,-0.36013,3956
1,1,2,4,4,-0.99049,1208
1,1,3,0,0,-0.50467,13
1,1,3,0,1,-0.58461,40
1,1,3,0,2,1.21743,39
1,1,3,0,3,-0.56592,63
1,1,3,0,4,-0.57357,42
1,1,3,1,0,-0.92181,735
1,1,3,1,1,-0.32350,859
1,1,3,1,2,-0.26613,912
1,1,3,1,3,2.11761,2419
1,1,3,1,4,-0.92202,637
1,1,3,2,0,0.40306,2569
1,1,3,2,1,-0.99490,3190
1,1,3,2,2,-0.99708,2796
1,1,3,2,3,-1.02036,7508
1,1,3,2,4,-0.98993,2699
1,1,3,3,0,-1.07839,3305
1,1,3,3,1,-1.03174,3386
1,1,3,3,2,-0.78221,3261
1,1,3,3,3,-0.85001,9299
1,1,3,3,4,-1.11077,3170
1,1,3,4,0,-0.56716,1186
1,1,3,4,1,-0.76114,1086
1,1,3,4,2,-0.89892,1011
1,1,3,4,3,-0.74410,2704
1,1,3,4,4,-1.01959,995
1,1,4,0,0,-0.22112,8
1,1,4,0,1,-0.36456,33
1,1,4,0,2,-0.31921,32
1,1,4,0,3,-0.31590,30
1,1,4,0,4,-0.20560,17
1,1,4,1,0,-0.78642,839
1,1,4,1,1,0.33791,970
1,1,4,1,2,-0.67001,694
1,1,4,1,3,0.62532,2313
1,1,4,1,4,-0.97963,794
1,1,4,2,0,-0.87078,2712
1,1,4,2,1,-0.87777,3971
1,1,4,2,2,-0.85591,3567
1,1,4,2,3,-0.89096,8725
1,1,4,2,4,-0.99130,2535
1,1,4,3,0,-1.15746,4130
1,1,4,3,1,-0.96951,5272
1,1,4,3,2,-0.99400,5055
1,1,4,3,3,-0.99294,11760
1,1,4,3,4,-1.23393,3548
1,1,4,4,0,-0.98577,1778
1,1,4,4,1,0.63668,1809
1,1,4,4,2,-0.97627,1420
1,1,4,4,3,-0.97407,3261
1,1,4,4,4,-0.98585,1094
1,2,0,0,0,2.12738,2
1,2,0,0,1,0.50349,0
1,2,0,0,2,0.57900,13
1,2,0,0,3,0.02980,0
1,2,0,0,4,1.07957,3
1,2,0,1,0,-0.59017,17
1,2,0,1,1,-0.59428,117
1,2,0,1,2,2.34809,66
1,2,0,1,3,-0.58805,263
1,2,0,1,4,-0.46628,229
1,2,0,2,0,1.60987,644
1,2,0,2,1,-0.07255,429
1,2,0,2,2,2.09250,58
1,2,0,2,3,4.00016,322
1,2,0,2,4,-0.12150,129
1,2,0,3,0,-0.41344,670
1,2,0,3,1,-0.25524,315
1,2,0,3,2,-0.39195,392
1,2,0,3,3,-0.24334,434
1,2,0,3,4,0.76466,534
1,2,0,4,0,-0.42145,294
1,2,0,4,1,-0.43311,229
1,2,0,4,2,-0.38903,147
1,2,0,4,3,2.12572,301
1,2,0,4,4,-0.46631,235
1,2,1,0,0,0.93571,4
1,2,1,0,1,2.55901,38
1,2,1,0,2,-0.29280,18
1,2,1,0,3,0.53218,29
1,2,1,0,4,0.57806,9
1,2,1,1,0,-0.88986,1025
1,2,1,1,1,-1.13806,1236
1,2,1,1,2,2.55232,1460
1,2,1,1,3,-0.86616,2177
1,2,1,1,4,-1.12102,829
1,2,1,2,0,-0.99584,2625
1,2,1,2,1,-0.62227,5171
1,2,1,2,2,1.40297,4042
1,2,1,2,3,-0.99769,6811
1,2,1,2,4,-1.11477,4008
1,2,1,3,0,-0.99594,4234
1,2,1,3,1,-0.39709,4379
1,2,1,3,2,0.12820,4915
1,2,1,3,3,-1.06540,7273
1,2,1,3,4,-0.99640,3068
1,2,1,4,0,-0.99001,1428
1,2,1,4,1,0.43861,1809
1,2,1,4,2,-0.99137,1060
1,2,1,4,3,-1.15130,2811
1,2,1,4,4,-0.99177,854
1,2,2,0,0,-0.21756,30
1,2,2,0,1,-0.16392,33
1,2,2,0,2,-0.17214,14
1,2,2,0,3,-0.10830,89
1,2,2,0,4,-0.15992,27
1,2,2,1,0,-0.79388,733
1,2,2,1,1,-0.78320,1054
1,2,2,1,2,-0.52320,704
1,2,2,1,3,-0.79603,1704
1,2,2,1,4,-0.73939,706
1,2,2,2,0,0.44172,2489
1,2,2,2,1,-0.99520,3537
1,2,2,2,2,-0.87708,3129
1,2,2,2,3,-0.88598,6027
1,2,2,2,4,-0.99864,2674
1,2,2,3,0,-1.03604,4206
1,2,2,3,1,-1.10657,3998
1,2,2,3,2,-0.99139,2556
1,2,2,3,3,-0.13385,6843
1,2,2,3,4,-1.05808,2330
1,2,2,4,0,-0.68348,819
1,2,2,4,1,-1.13397,2118
1,2,2,4,2,-1.03523,852
1,2,2,4,3,-1.02188,2231
1,2,2,4,4,-1.12498,831
1,2,3,0,0,-0.17980,38
1,2,3,0,1,0.37776,43
1,2,3,0,2,-0.27067,23
1,2,3,0,3,-0.16074,95
1,2,3,0,4,-0.10559,55
1,2,3,1,0,-0.93457,549
1,2,3,1,1,-0.94099,660
1,2,3,1,2,2.59532,709
1,2,3,1,3,-0.93844,1792
1,2,3,1,4,-0.93225,772
1,2,3,2,0,0.11818,3085
1,2,3,2,1,0.18639,2163
1,2,3,2,2,-0.99875,2963
1,2,3,2,3,-1.27956,4755
1,2,3,2,4,-1.18743,1818
1,2,3,3,0,-0.38855,2501
1,2,3,3,1,-1.02292,2825
1,2,3,3,2,-0.47921,2758
1,2,3,3,3,-1.18259,4928
1,2,3,3,4,-0.99959,2736
1,2,3,4,0,-0.97876,846
1,2,3,4,1,-0.09564,1279
1,2,3,4,2,-0.97839,743
1,2,3,4,3,-1.12766,1937
1,2,3,4,4,-0.98041,644
1,2,4,0,0,-0.61854,107
1,2,4,0,1,-0.63034,95
1,2,4,0,2,-0.58926,21
1,2,4,0,3,-0.57692,166
1,2,4,0,4,-0.83049,51
1,2,4,1,0,-0.98971,1007
1,2,4,1,1,-0.99066,924
1,2,4,1,2,-0.99121,926
1,2,4,1,3,1.04144,2173
1,2,4,1,4,-0.79564,1071
1,2,4,2,0,0.11629,3181
1,2,4,2,1,-0.99345,3689
1,2,4,2,2,-1.07007,3665
1,2,4,2,3,-1.01741,6560
1,2,4,2,4,-1.18083,3670
1,2,4,3,0,-0.99564,3527
1,2,4,3,1,-1.08071,4842
1,2,4,3,2,-0.99541,4185
1,2,4,3,3,1.58900,6187
1,2,4,3,4,-1.01636,2788
1,2,4,4,0,-1.11731,1180
1,2,4,4,1,-0.85360,1762
1,2,4,4,2,-0.99875,1274
1,2,4,4,3,-0.04784,2548
1,2,4,4,4,-1.05650,974
1,3,0,0,0,0.21202,0
1,3,0,0,1,1.71028,12
1,3,0,0,2,0.14048,15
1,3,0,0,3,0.28850,0
1,3,0,0,4,0.27542,0
1,3,0,1,0,1.66183,21
1,3,0,1,1,0.84886,59
1,3,0,1,2,0.42519,15
1,3,0,1,3,0.37149,130
1,3,0,1,4,0.45555,44
1,3,0,2,0,4.36237,177
1,3,0,2,1,1.94869,22
1,3,0,2,2,1.73254,8
1,3,0,2,3,1.76684,112
1,3,0,2,4,1.78714,34
1,3,0,3,0,2.83965,129
1,3,0,3,1,0.03799,0
1,3,0,3,2,2.00481,129
1,3,0,3,3,2.28988,17
1,3,0,3,4,2.27956,49
1,3,0,4,0,2.82875,52
1,3,0,4,1,3.55488,3
1,3,0,4,2,1.93277,73
1,3,0,4,3,1.53931,118
1,3,0,4,4,0.84550,0
1,3,1,0,0,1.41558,92
1,3,1,0,1,-0.30363,28
1,3,1,0,2,0.29379,13
1,3,1,0,3,0.02573,18
1,3,1,0,4,0.25614,7
1,3,1,1,0,-0.89413,306
1,3,1,1,1,3.58989,491
1,3,1,1,2,-0.87241,241
1,3,1,1,3,-0.87153,608
1,3,1,1,4,-0.89527,404
1,3,1,2,0,-0.95043,462
1,3,1,2,1,-0.93102,600
1,3,1,2,2,-0.10800,702
1,3,1,2,3,-1.03706,630
1,3,1,2,4,-0.93100,237
1,3,1,3,0,-0.98968,429
1,3,1,3,1,-0.98800,506
1,3,1,3,2,0.86414,596
1,3,1,3,3,-0.99370,1291
1,3,1,3,4,-1.09131,449
1,3,1,4,0,-0.95747,497
1,3,1,4,1,1.38239,499
1,3,1,4,2,0.76765,257
1,3,1,4,3,-0.98096,929
1,3,1,4,4,-0.95070,449
1,3,2,0,0,0.72098,61
1,3,2,0,1,0.49506,2
1,3,2,0,2,0.45851,23
1,3,2,0,3,0.22743,62
1,3,2,0,4,0.13468,6
1,3,2,1,0,-0.94009,416
1,3,2,1,1,-0.83861,319
1,3,2,1,2,2.07598,389
1,3,2,1,3,-0.75627,591
1,3,2,1,4,-0.85610,383
1,3,2,2,0,-0.88076,445
1,3,2,2,1,-0.87022,541
1,3,2,2,2,-0.93430,175
1,3,2,2,3,-1.08783,1011
1,3,2,2,4,-0.87362,312
1,3,2,3,0,-0.55466,470
1,3,2,3,1,-1.00065,434
1,3,2,3,2,-0.99071,383
1,3,2,3,3,-1.16206,896
1,3,2,3,4,-0.98912,313
1,3,2,4,0,-0.58860,246
1,3,2,4,1,-0.67751,445
1,3,2,4,2,0.27920,276
1,3,2,4,3,-0.87945,361
1,3,2,4,4,-0.90505,177
1,3,3,0,0,0.82115,26
1,3,3,0,1,2.43570,18
1,3,3,0,2,0.40262,0
1,3,3,0,3,3.12804,31
1,3,3,0,4,3.07834,29
1,3,3,1,0,-0.82993,269
1,3,3,1,1,-0.86086,333
1,3,3,1,2,1.88110,235
1,3,3,1,3,-0.85823,613
1,3,3,1,4,-0.86820,306
1,3,3,2,0,-0.93368,271
1,3,3,2,1,-0.93418,341
1,3,3,2,2,-0.69493,372
1,3,3,2,3,-0.94012,765
1,3,3,2,4,-0.92961,507
1,3,3,3,0,-0.96769,544
1,3,3,3,1,-0.96699,496
1,3,3,3,2,-0.58139,413
1,3,3,3,3,-0.97948,796
1,3,3,3,4,-0.96242,373
1,3,3,4,0,-0.60680,280
1,3,3,4,1,-0.54022,395
1,3,3,4,2,-0.53163,259
1,3,3,4,3,-0.60872,509
1,3,3,4,4,-0.56032,181
1,3,4,0,0,0.18450,35
1,3,4,0,1,-0.10545,35
1,3,4,0,2,-0.01194,17
1,3,4,0,3,-0.00669,101
1,3,4,0,4,0.03329,0
1,3,4,1,0,-0.92221,530
1,3,4,1,1,-0.70307,657
1,3,4,1,2,-0.91384,373
1,3,4,1,3,-1.11765,898
1,3,4,1,4,-0.91142,461
1,3,4,2,0,-1.09536,418
1,3,4,2,1,-0.98080,494
1,3,4,2,2,-0.98245,401
1,3,4,2,3,0.89836,1009
1,3,4,2,4,-0.97063,332
1,3,4,3,0,-0.43439,323
1,3,4,3,1,-0.96137,454
1,3,4,3,2,-0.96617,465
1,3,4,3,3,1.84269,754
1,3,4,3,4,-0.98086,305
1,3,4,4,0,-1.04309,321
1,3,4,4,1,-0.96081,272
1,3,4,4,2,-0.99624,396
1,3,4,4,3,-1.06961,458
1,3,4,4,4,-1.01772,209
1,4,0,0,0,0.26504,0
1,4,0,0,1,0.48370,0
1,4,0,0,2,0.74067,0
1,4,0,0,3,0.67467,0
1,4,0,0,4,0.05300,0
1,4,0,1,0,0.62047,0
1,4,0,1,1,0.69221,0
1,4,0,1,2,0.59742,0
1,4,0,1,3,0.12115,0
1,4,0,1,4,0.27912,6
1,4,0,2,0,0.96898,0
1,4,0,2,1,0.79790,0
1,4,0,2,2,0.78740,0
1,4,0,2,3,0.89647,0
1,4,0,2,4,0.77858,0
1,4,0,3,0,0.76129,0
1,4,0,3,1,0.73368,0
1,4,0,3,2,0.89493,0
1,4,0,3,3,0.95528,0
1,4,0,3,4,0.55912,0
1,4,0,4,0,0.55974,0
1,4,0,4,1,1.93273,2
1,4,0,4,2,3.92649,12
1,4,0,4,3,0.24531,0
1,4,0,4,4,0.74379,0
1,4,1,0,0,0.69140,0
1,4,1,0,1,2.64030,12
1,4,1,0,2,0.53542,2
1,4,1,0,3,0.26855,75
1,4,1,0,4,0.46646,0
1,4,1,1,0,0.14117,0
1,4,1,1,1,0.59908,48
1,4,1,1,2,0.16995,0
1,4,1,1,3,0.45784,0
1,4,1,1,4,0.49369,0
1,4,1,2,0,0.73019,0
1,4,1,2,1,1.48997,20
1,4,1,2,2,0.93806,0
1,4,1,2,3,1.57000,85
1,4,1,2,4,2.42667,6
1,4,1,3,0,-0.00022,25
1,4,1,3,1,3.99824,68
1,4,1,3,2,0.01433,4
1,4,1,3,3,0.07192,0
1,4,1,3,4,1.60757,5
1,4,1,4,0,0.01856,3
1,4,1,4,1,0.54640,7
1,4,1,4,2,0.50714,24
1,4,1,4,3,0.01424,8
1,4,1,4,4,-0.47713,21
1,4,2,0,0,0.40202,0
1,4,2,0,1,0.24082,17
1,4,2,0,2,0.85002,4
1,4,2,0,3,0.49063,9
1,4,2,0,4,0.46002,4
1,4,2,1,0,0.50538,13
1,4,2,1,1,-0.56592,23
1,4,2,1,2,0.32423,12
1,4,2,1,3,0.70654,29
1,4,2,1,4,0.11744,6
1,4,2,2,0,0.47158,0
1,4,2,2,1,1.35982,3
1,4,2,2,2,0.29454,0
1,4,2,2,3,0.74707,0
1,4,2,2,4,0.39489,13
1,4,2,3,0,-0.26199,26
1,4,2,3,1,0.00191,4
1,4,2,3,2,0.13851,3
1,4,2,3,3,0.26793,16
1,4,2,3,4,0.23918,8
1,4,2,4,0,0.06796,4
1,4,2,4,1,2.29418,38
1,4,2,4,2,0.27293,4
1,4,2,4,3,0.12597,30
1,4,2,4,4,0.15340,5
1,4,3,0,0,-0.21633,9
1,4,3,0,1,0.16503,3
1,4,3,0,2,0.10829,3
1,4,3,0,3,0.03392,8
1,4,3,0,4,0.10644,4
1,4,3,1,0,-0.07648,11
1,4,3,1,1,-0.03616,12
1,4,3,1,2,1.12748,19
1,4,3,1,3,-0.17171,8
1,4,3,1,4,-0.21858,25
1,4,3,2,0,0.53519,0
1,4,3,2,1,1.45285,2
1,4,3,2,2,0.49195,6
1,4,3,2,3,1.57596,1
1,4,3,2,4,1.75745,15
1,4,3,3,0,0.77435,0
1,4,3,3,1,1.02487,5
1,4,3,3,2,0.85237,0
1,4,3,3,3,0.43075,6
1,4,3,3,4,2.86028,9
1,4,3,4,0,0.01207,4
1,4,3,4,1,0.13818,30
1,4,3,4,2,-0.04158,4
1,4,3,4,3,0.13484,0
1,4,3,4,4,-0.29344,6
1,4,4,0,0,-0.10710,9
1,4,4,0,1,-0.02352,3
1,4,4,0,2,-0.20377,6
1,4,4,0,3,0.14405,8
1,4,4,0,4,-0.13828,11
1,4,4,1,0,0.08300,0
1,4,4,1,1,0.76134,32
1,4,4,1,2,0.11033,7
1,4,4,1,3,-0.13086,19
1,4,4,1,4,0.14505,0
1,4,4,2,0,1.79324,7
1,4,4,2,1,1.43306,30
1,4,4,2,2,0.18934,4
1,4,4,2,3,0.97376,28
1,4,4,2,4,0.19840,0
1,4,4,3,0,2.08000,4
1,4,4,3,1,0.37254,0
1,4,4,3,2,0.73982,0
1,4,4,3,3,0.84972,0
1,4,4,3,4,0.12060,0
1,4,4,4,0,0.07998,0
1,4,4,4,1,0.33932,6
1,4,4,4,2,-0.86489,4
1,4,4,4,3,0.46580,4
1,4,4,4,4,0.48961,0
2,0,0,0,0,0.84726,0
2,0,0,0,1,0.53630,0
2,0,0,0,2,0.55380,0
2,0,0,0,3,0.82963,0
2,0,0,0,4,0.73220,0
2,0,0,1,0,0.32673,0
2,0,0,1,1,0.97192,0
2,0,0,1,2,0.37022,0
2,0,0,1,3,0.18811,0
2,0,0,1,4,0.67904,0
2,0,0,2,0,0.33581,0
2,0,0,2,1,0.93028,0
2,0,0,2,2,7.99982,98
2,0,0,2,3,0.38567,0
2,0,0,2,4,0.19634,0
2,0,0,3,0,0.96719,0
2,0,0,3,1,5.40751,4
2,0,0,3,2,0.80822,0
2,0,0,3,3,0.09443,0
2,0,0,3,4,7.99958,75
2,0,0,4,0,0.89855,0
2,0,0,4,1,0.29133,0
2,0,0,4,2,7.96611,40
2,0,0,4,3,0.37558,0
2,0,0,4,4,0.45798,0
2,0,1,0,0,2.24648,1
2,0,1,0,1,0.01462,0
2,0,1,0,2,0.36396,0
2,0,1,0,3,0.29229,0
2,0,1,0,4,0.69659,0
2,0,1,1,0,0.27917,128
2,0,1,1,1,0.75970,1433
2,0,1,1,2,2.33130,661
2,0,1,1,3,1.93834,1884
2,0,1,1,4,0.72789,102
2,0,1,2,0,0.55003,294
2,0,1,2,1,0.75858,6178
2,0,1,2,2,4.00000,1683
2,0,1,2,3,3.99935,5613
2,0,1,2,4,0.20037,708
2,0,1,3,0,0.51994,686
2,0,1,3,1,1.91734,8890
2,0,1,3,2,2.89007,1350
2,0,1,3,3,2.55342,5373
2,0,1,3,4,0.24933,641
2,0,1,4,0,0.63300,173
2,0,1,4,1,1.60096,2793
2,0,1,4,2,1.82880,353
2,0,1,4,3,1.21453,3520
2,0,1,4,4,1.59360,112
2,0,2,0,0,0.14999,3
2,0,2,0,1,0.19747,0
2,0,2,0,2,0.08587,3
2,0,2,0,3,0.22113,5
2,0,2,0,4,0.38687,0
2,0,2,1,0,0.67594,134
2,0,2,1,1,1.57064,192
2,0,2,1,2,1.08667,145
2,0,2,1,3,5.99231,416
2,0,2,1,4,0.47799,68
2,0,2,2,0,-0.33055,259
2,0,2,2,1,0.59701,653
2,0,2,2,2,0.82692,439
2,0,2,2,3,3.26995,1291
2,0,2,2,4,-0.39938,270
2,0,2,3,0,0.00814,454
2,0,2,3,1,0.33996,589
2,0,2,3,2,0.21520,590
2,0,2,3,3,-0.59356,1581
2,0,2,3,4,0.02105,385
2,0,2,4,0,0.21598,155
2,0,2,4,1,0.05574,270
2,0,2,4,2,0.16784,215
2,0,2,4,3,-0.35989,586
2,0,2,4,4,-0.16213,167
2,0,3,0,0,1.57023,3
2,0,3,0,1,0.32524,0
2,0,3,0,2,0.21008,0
2,0,3,0,3,0.91077,1
2,0,3,0,4,0.15405,0
2,0,3,1,0,0.73941,134
2,0,3,1,1,2.25167,147
2,0,3,1,2,0.70612,175
2,0,3,1,3,0.77288,420
2,0,3,1,4,-0.01037,60
2,0,3,2,0,0.30656,271
2,0,3,2,1,0.98882,444
2,0,3,2,2,0.05374,368
2,0,3,2,3,3.17813,1069
2,0,3,2,4,-0.06446,305
2,0,3,3,0,0.13534,303
2,0,3,3,1,1.60190,601
2,0,3,3,2,0.76419,512
2,0,3,3,3,0.45071,1217
2,0,3,3,4,-0.09519,278
2,0,3,4,0,0.88463,113
2,0,3,4,1,0.61540,183
2,0,3,4,2,1.01577,165
2,0,3,4,3,0.89966,462
2,0,3,4,4,0.26304,82
2,0,4,0,0,0.11737,0
2,0,4,0,1,0.35367,3
2,0,4,0,2,0.22797,3
2,0,4,0,3,0.07193,1
2,0,4,0,4,0.08088,0
2,0,4,1,0,0.00223,141
2,0,4,1,1,0.37314,198
2,0,4,1,2,1.70981,164
2,0,4,1,3,0.17846,408
2,0,4,1,4,-0.46745,114
2,0,4,2,0,-0.56523,237
2,0,4,2,1,0.07533,507
2,0,4,2,2,0.42792,490
2,0,4,2,3,-0.85365,1431
2,0,4,2,4,-0.61986,327
2,0,4,3,0,-0.54572,309
2,0,4,3,1,0.90684,584
2,0,4,3,2,-0.28911,560
2,0,4,3,3,-0.45733,1530
2,0,4,3,4,-0.49477,412
2,0,4,4,0,-0.03315,114
2,0,4,4,1,0.40154,219
2,0,4,4,2,-0.17988,251
2,0,4,4,3,0.34309,569
2,0,4,4,4,0.81776,212
2,1,0,0,0,0.52143,0
2,1,0,0,1,0.68514,0
2,1,0,0,2,0.65100,0
2,1,0,0,3,0.57792,0
2,1,0,0,4,0.13668,0
2,1,0,1,0,0.64253,0
2,1,0,1,1,0.49529,0
2,1,0,1,2,1.42101,84
2,1,0,1,3,2.26729,172
2,1,0,1,4,2.36787,162
2,1,0,2,0,0.85993,385
2,1,0,2,1,4.00262,504
2,1,0,2,2,3.63462,232
2,1,0,2,3,3.08369,1186
2,1,0,2,4,0.76220,524
2,1,0,3,0,1.26873,252
2,1,0,3,1,7.99867,490
2,1,0,3,2,2.69685,433
2,1,0,3,3,2.97319,679
2,1,0,3,4,1.99422,789
2,1,0,4,0,3.10226,177
2,1,0,4,1,3.98705,53
2,1,0,4,2,4.57028,214
2,1,0,4,3,6.99911,198
2,1,0,4,4,7.99882,367
2,1,1,0,0,0.39199,3
2,1,1,0,1,0.83879,251
2,1,1,0,2,0.23610,10
2,1,1,0,3,1.17552,31
2,1,1,0,4,0.95802,9
2,1,1,1,0,-0.80525,1004
2,1,1,1,1,-0.84062,2397
2,1,1,1,2,3.99964,2084
2,1,1,1,3,-0.21503,10849
2,1,1,1,4,-0.85008,1475
2,1,1,2,0,-0.90298,5435
2,1,1,2,1,-0.59135,8241
2,1,1,2,2,0.07296,6296
2,1,1,2,3,3.99921,32772
2,1,1,2,4,-0.86852,7150
2,1,1,3,0,-0.95681,6224
2,1,1,3,1,-0.81193,9416
2,1,1,3,2,-0.74312,8651
2,1,1,3,3,3.99940,43982
2,1,1,3,4,-0.95176,5990
2,1,1,4,0,-0.61832,1937
2,1,1,4,1,-0.21026,2880
2,1,1,4,2,-0.10627,2747
2,1,1,4,3,1.09729,12141
2,1,1,4,4,-0.87696,1504
2,1,2,0,0,0.07089,5
2,1,2,0,1,1.50554,36
2,1,2,0,2,0.21655,8
2,1,2,0,3,0.14527,112
2,1,2,0,4,0.19315,12
2,1,2,1,0,-0.79418,658
2,1,2,1,1,3.95872,1219
2,1,2,1,2,-0.81469,1483
2,1,2,1,3,1.41646,3991
2,1,2,1,4,-0.79454,1043
2,1,2,2,0,-0.92601,2958
2,1,2,2,1,-0.61839,4670
2,1,2,2,2,0.42633,5100
2,1,2,2,3,1.13911,13629
2,1,2,2,4,-0.94091,3395
2,1,2,3,0,-0.81935,4082
2,1,2,3,1,-0.40833,6047
2,1,2,3,2,-0.76908,6057
2,1,2,3,3,-0.37820,17611
2,1,2,3,4,-0.81639,3571
2,1,2,4,0,-0.77011,1316
2,1,2,4,1,-0.74618,2470
2,1,2,4,2,-0.81113,1598
2,1,2,4,3,0.91869,5239
2,1,2,4,4,-0.84379,1767
2,1,3,0,0,-0.13113,38
2,1,3,0,1,0.74068,56
2,1,3,0,2,-0.30466,29
2,1,3,0,3,-0.21802,53
2,1,3,0,4,-0.23328,35
2,1,3,1,0,-0.13302,996
2,1,3,1,1,-0.37165,1043
2,1,3,1,2,-0.48375,1061
2,1,3,1,3,-0.04301,3291
2,1,3,1,4,-0.42029,1098
2,1,3,2,0,-0.76054,3815
2,1,3,2,1,-0.91487,4057
2,1,3,2,2,2.86093,4788
2,1,3,2,3,-0.79786,12785
2,1,3,2,4,-0.93004,3045
2,1,3,3,0,-0.46965,4733
2,1,3,3,1,-0.42753,5248
2,1,3,3,2,-0.15343,4874
2,1,3,3,3,-0.42220,15619
2,1,3,3,4,-0.92215,3714
2,1,3,4,0,-0.84787,1317
2,1,3,4,1,0.16308,1855
2,1,3,4,2,-0.74730,1497
2,1,3,4,3,-0.38462,4603
2,1,3,4,4,-0.85948,1488
2,1,4,0,0,0.08999,50
2,1,4,0,1,2.29096,62
2,1,4,0,2,-0.13756,20
2,1,4,0,3,0.18837,43
2,1,4,0,4,0.20131,16
2,1,4,1,0,-0.90951,1409
2,1,4,1,1,-0.89748,1801
2,1,4,1,2,-0.59759,1584
2,1,4,1,3,0.41639,4134
2,1,4,1,4,-0.51382,1113
2,1,4,2,0,-0.93863,5371
2,1,4,2,1,-0.56467,5770
2,1,4,2,2,-0.23087,7070
2,1,4,2,3,-0.54217,17791
2,1,4,2,4,-0.98986,5256
2,1,4,3,0,-0.95339,5907
2,1,4,3,1,-0.43192,7295
2,1,4,3,2,-0.49365,7665
2,1,4,3,3,0.94641,20364
2,1,4,3,4,-0.97911,5942
2,1,4,4,0,-0.95516,1777
2,1,4,4,1,-0.33202,2784
2,1,4,4,2,2.30378,2402
2,1,4,4,3,0.11264,6458
2,1,4,4,4,-0.82824,1724
2,2,0,0,0,0.13729,0
2,2,0,0,1,3.37823,3
2,2,0,0,2,0.66590,0
2,2,0,0,3,0.07268,0
2,2,0,0,4,3.81282,17
2,2,0,1,0,0.25367,19
2,2,0,1,1,2.67581,69
2,2,0,1,2,0.41124,36
2,2,0,1,3,0.57217,438
2,2,0,1,4,0.34549,223
2,2,0,2,0,0.84106,171
2,2,0,2,1,0.53402,310
2,2,0,2,2,0.44088,370
2,2,0,2,3,-0.05044,946
2,2,0,2,4,3.94599,426
2,2,0,3,0,-0.17006,527
2,2,0,3,1,-0.27262,145
2,2,0,3,2,-0.28724,199
2,2,0,3,3,4.00017,1192
2,2,0,3,4,-0.15572,268
2,2,0,4,0,1.82841,104
2,2,0,4,1,1.92142,113
2,2,0,4,2,2.40445,100
2,2,0,4,3,2.14901,27
2,2,0,4,4,5.49721,169
2,2,1,0,0,0.02346,37
2,2,1,0,1,0.16812,104
2,2,1,0,2,0.32554,39
2,2,1,0,3,-0.08698,44
2,2,1,0,4,0.12750,47
2,2,1,1,0,-0.91687,1103
2,2,1,1,1,-0.81203,1449
2,2,1,1,2,-0.17034,1036
2,2,1,1,3,-0.72760,2597
2,2,1,1,4,-0.92444,944
2,2,1,2,0,-0.49613,3972
2,2,1,2,1,-0.98075,6603
2,2,1,2,2,-0.82951,4085
2,2,1,2,3,3.99948,8665
2,2,1,2,4,-0.98198,3603
2,2,1,3,0,-0.99416,3856
2,2,1,3,1,1.03168,5373
2,2,1,3,2,-0.70929,5824
2,2,1,3,3,-0.45457,12586
2,2,1,3,4,-0.99370,3113
2,2,1,4,0,-0.91918,1330
2,2,1,4,1,-0.86337,2268
2,2,1,4,2,0.44441,2065
2,2,1,4,3,-0.86189,2497
2,2,1,4,4,-0.97788,1027
2,2,2,0,0,0.33562,15
2,2,2,0,1,-0.13875,54
2,2,2,0,2,-0.09384,22
2,2,2,0,3,-0.18206,143
2,2,2,0,4,-0.17255,11
2,2,2,1,0,-0.94561,683
2,2,2,1,1,-0.41067,1242
2,2,2,1,2,-0.93645,1200
2,2,2,1,3,-0.84470,2240
2,2,2,1,4,-0.93214,671
2,2,2,2,0,-0.98444,2833
2,2,2,2,1,-0.96995,3884
2,2,2,2,2,-0.98678,2956
2,2,2,2,3,1.03094,8571
2,2,2,2,4,-0.98285,2471
2,2,2,3,0,-0.90082,3233
2,2,2,3,1,-0.76698,4667
2,2,2,3,2,2.91049,4562
2,2,2,3,3,-0.72046,9210
2,2,2,3,4,-0.87295,3436
2,2,2,4,0,1.06095,1453
2,2,2,4,1,-0.96932,1816
2,2,2,4,2,-0.96908,1042
2,2,2,4,3,-0.97604,2748
2,2,2,4,4,-0.97569,1081
2,2,3,0,0,1.61662,112
2,2,3,0,1,0.09982,85
2,2,3,0,2,0.08521,39
2,2,3,0,3,0.29064,89
2,2,3,0,4,0.17280,61
2,2,3,1,0,2.06417,779
2,2,3,1,1,-0.88417,923
2,2,3,1,2,-0.66525,1040
2,2,3,1,3,1.79609,2180
2,2,3,1,4,-0.81733,676
2,2,3,2,0,-0.90862,2980
2,2,3,2,1,-0.76125,3557
2,2,3,2,2,-0.88760,2897
2,2,3,2,3,-0.89349,7852
2,2,3,2,4,-0.91017,3394
2,2,3,3,0,-0.98169,2909
2,2,3,3,1,-0.98435,3706
2,2,3,3,2,1.97514,4074
2,2,3,3,3,-0.98359,9019
2,2,3,3,4,-0.98424,2367
2,2,3,4,0,-0.80768,1022
2,2,3,4,1,-0.81958,1681
2,2,3,4,2,-0.89747,1255
2,2,3,4,3,-0.92073,2451
2,2,3,4,4,-0.94987,768
2,2,4,0,0,-0.55629,75
2,2,4,0,1,0.63426,108
2,2,4,0,2,-0.46384,22
2,2,4,0,3,-0.53240,136
2,2,4,0,4,-0.42412,64
2,2,4,1,0,-0.99029,1321
2,2,4,1,1,-0.98942,1862
2,2,4,1,2,-0.99030,1903
2,2,4,1,3,0.37631,3964
2,2,4,1,4,-0.99016,1270
2,2,4,2,0,-0.99391,4877
2,2,4,2,1,-0.99406,4979
2,2,4,2,2,-0.20857,6375
2,2,4,2,3,-0.74044,13692
2,2,4,2,4,-0.97717,4887
2,2,4,3,0,-0.99435,6547
2,2,4,3,1,-0.99549,6844
2,2,4,3,2,-0.99330,6193
2,2,4,3,3,-0.85516,15120
2,2,4,3,4,-0.99263,5012
2,2,4,4,0,-0.99279,1914
2,2,4,4,1,-0.99283,3017
2,2,4,4,2,-0.45034,2195
2,2,4,4,3,-0.88003,4723
2,2,4,4,4,-0.99324,1620
2,3,0,0,0,0.85878,0
2,3,0,0,1,0.81024,0
2,3,0,0,2,0.51634,0
2,3,0,0,3,0.74770,0
2,3,0,0,4,0.05207,0
2,3,0,1,0,0.29641,39
2,3,0,1,1,3.89289,113
2,3,0,1,2,2.72696,190
2,3,0,1,3,0.10128,67
2,3,0,1,4,0.07477,0
2,3,0,2,0,1.90521,56
2,3,0,2,1,2.63004,10
2,3,0,2,2,1.97470,79
2,3,0,2,3,2.67283,303
2,3,0,2,4,2.26875,9
2,3,0,3,0,3.99956,39
2,3,0,3,1,2.84420,12
2,3,0,3,2,2.76716,91
2,3,0,3,3,4.00017,96
2,3,0,3,4,2.78900,53
2,3,0,4,0,-0.11437,6
2,3,0,4,1,-0.27712,28
2,3,0,4,2,2.57407,22
2,3,0,4,3,-0.06468,20
2,3,0,4,4,-0.07821,11
2,3,1,0,0,0.21806,28
2,3,1,0,1,0.44569,77
2,3,1,0,2,0.18667,27
2,3,1,0,3,-0.32583,41
2,3,1,0,4,0.23415,45
2,3,1,1,0,-0.94977,507
2,3,1,1,1,-0.94445,533
2,3,1,1,2,-0.73194,509
2,3,1,1,3,-0.95184,829
2,3,1,1,4,-0.94351,373
2,3,1,2,0,-0.92570,527
2,3,1,2,1,-0.92701,316
2,3,1,2,2,0.04712,831
2,3,1,2,3,-0.70265,1396
2,3,1,2,4,-0.92307,601
2,3,1,3,0,-0.91970,511
2,3,1,3,1,-0.72007,516
2,3,1,3,2,-0.31548,523
2,3,1,3,3,-0.77714,1151
2,3,1,3,4,-0.93761,597
2,3,1,4,0,-0.78957,180
2,3,1,4,1,-0.00515,457
2,3,1,4,2,-0.42182,342
2,3,1,4,3,-0.34004,494
2,3,1,4,4,-0.74771,249
2,3,2,0,0,-0.42868,18
2,3,2,0,1,1.76750,16
2,3,2,0,2,-0.45692,11
2,3,2,0,3,2.08428,43
2,3,2,0,4,-0.41422,23
2,3,2,1,0,-0.81297,334
2,3,2,1,1,-0.81566,387
2,3,2,1,2,-0.83839,287
2,3,2,1,3,1.22898,707
2,3,2,1,4,-0.81165,364
2,3,2,2,0,-0.95230,472
2,3,2,2,1,-0.25250,596
2,3,2,2,2,-0.94937,400
2,3,2,2,3,-0.20107,828
2,3,2,2,4,-0.78912,573
2,3,2,3,0,-0.86451,435
2,3,2,3,1,1.84438,602
2,3,2,3,2,-0.88051,426
2,3,2,3,3,-0.79527,827
2,3,2,3,4,-0.94885,632
2,3,2,4,0,-0.78951,394
2,3,2,4,1,-0.24825,364
2,3,2,4,2,-0.73711,280
2,3,2,4,3,-0.76058,570
2,3,2,4,4,-0.74308,226
2,3,3,0,0,1.20513,34
2,3,3,0,1,1.32029,5
2,3,3,0,2,-0.08295,4
2,3,3,0,3,0.60259,48
2,3,3,0,4,0.61964,0
2,3,3,1,0,-0.89788,293
2,3,3,1,1,0.55897,295
2,3,3,1,2,-0.90493,374
2,3,3,1,3,0.05541,763
2,3,3,1,4,-0.88593,291
2,3,3,2,0,-0.94474,297
2,3,3,2,1,-0.65442,523
2,3,3,2,2,0.72299,357
2,3,3,2,3,-0.93957,1224
2,3,3,2,4,-0.93678,411
2,3,3,3,0,-0.94610,297
2,3,3,3,1,-0.93250,520
2,3,3,3,2,-0.94723,341
2,3,3,3,3,-0.94528,993
2,3,3,3,4,1.13387,443
2,3,3,4,0,-0.75056,327
2,3,3,4,1,-0.73607,414
2,3,3,4,2,-0.56774,193
2,3,3,4,3,-0.71429,591
2,3,3,4,4,-0.77799,338
2,3,4,0,0,-0.43193,30
2,3,4,0,1,0.41172,76
2,3,4,0,2,-0.12079,33
2,3,4,0,3,-0.10447,123
2,3,4,0,4,-0.21439,56
2,3,4,1,0,-0.93127,599
2,3,4,1,1,-0.00077,983
2,3,4,1,2,-0.91725,686
2,3,4,1,3,-0.97375,1584
2,3,4,1,4,-0.92029,734
2,3,4,2,0,-0.98354,668
2,3,4,2,1,-0.86760,811
2,3,4,2,2,-0.98400,743
2,3,4,2,3,-0.57022,1311
2,3,4,2,4,-0.98582,657
2,3,4,3,0,-0.99243,797
2,3,4,3,1,-0.99214,705
2,3,4,3,2,-0.99254,808
2,3,4,3,3,-0.99256,1820
2,3,4,3,4,-0.99258,445
2,3,4,4,0,-0.97150,624
2,3,4,4,1,-0.80913,925
2,3,4,4,2,-0.97504,720
2,3,4,4,3,-0.97810,1268
2,3,4,4,4,-0.97821,527
2,4,0,0,0,0.60950,0
2,4,0,0,1,0.92770,0
2,4,0,0,2,0.28114,0
2,4,0,0,3,0.38457,0
2,4,0,0,4,0.79205,0
2,4,0,1,0,0.15825,0
2,4,0,1,1,0.49744,0
2,4,0,1,2,0.66686,0
2,4,0,1,3,0.80316,0
2,4,0,1,4,0.33721,0
2,4,0,2,0,0.17866,0
2,4,0,2,1,0.46463,0
2,4,0,2,2,0.01706,0
2,4,0,2,3,0.21606,0
2,4,0,2,4,2.55228,27
2,4,0,3,0,0.16355,0
2,4,0,3,1,0.03914,0
2,4,0,3,2,0.96040,0
2,4,0,3,3,0.90400,0
2,4,0,3,4,0.26580,0
2,4,0,4,0,0.52401,0
2,4,0,4,1,0.93481,0
2,4,0,4,2,0.65780,0
2,4,0,4,3,0.10886,0
2,4,0,4,4,0.95129,0
2,4,1,0,0,0.84914,0
2,4,1,0,1,1.28657,11
2,4,1,0,2,0.67118,0
2,4,1,0,3,0.92823,0
2,4,1,0,4,0.97709,0
2,4,1,1,0,2.09697,14
2,4,1,1,1,3.96376,42
2,4,1,1,2,0.35491,0
2,4,1,1,3,2.28715,10
2,4,1,1,4,3.54482,11
2,4,1,2,0,0.36009,4
2,4,1,2,1,0.29161,7
2,4,1,2,2,0.24702,4
2,4,1,2,3,2.41531,39
2,4,1,2,4,0.35188,93
2,4,1,3,0,0.04930,0
2,4,1,3,1,0.05528,0
2,4,1,3,2,0.78283,35
2,4,1,3,3,0.80177,0
2,4,1,3,4,0.40105,0
2,4,1,4,0,0.56426,0
2,4,1,4,1,0.73270,0
2,4,1,4,2,0.89097,0
2,4,1,4,3,1.10564,79
2,4,1,4,4,0.72769,0
2,4,2,0,0,0.22115,0
2,4,2,0,1,0.20815,4
2,4,2,0,2,1.63644,1
2,4,2,0,3,0.26804,0
2,4,2,0,4,0.10230,0
2,4,2,1,0,0.68692,24
2,4,2,1,1,2.10897,26
2,4,2,1,2,0.18911,0
2,4,2,1,3,0.49787,62
2,4,2,1,4,0.43735,12
2,4,2,2,0,-0.02306,1
2,4,2,2,1,0.10720,7
2,4,2,2,2,-0.07282,5
2,4,2,2,3,0.25348,14
2,4,2,2,4,0.10078,3
2,4,2,3,0,0.31595,0
2,4,2,3,1,1.06910,39
2,4,2,3,2,0.25092,9
2,4,2,3,3,0.61192,0
2,4,2,3,4,0.26318,0
2,4,2,4,0,0.21680,18
2,4,2,4,1,0.64083,16
2,4,2,4,2,0.15925,8
2,4,2,4,3,3.11610,39
2,4,2,4,4,0.16470,0
2,4,3,0,0,1.98839,4
2,4,3,0,1,0.42564,0
2,4,3,0,2,0.17844,17
2,4,3,0,3,0.20871,0
2,4,3,0,4,0.04568,0
2,4,3,1,0,2.34457,3
2,4,3,1,1,2.67409,25
2,4,3,1,2,1.35851,16
2,4,3,1,3,1.25735,6
2,4,3,1,4,0.70169,9
2,4,3,2,0,0.21481,5
2,4,3,2,1,0.25958,21
2,4,3,2,2,1.51059,5
2,4,3,2,3,0.16899,0
2,4,3,2,4,0.04970,0
2,4,3,3,0,0.05808,0
2,4,3,3,1,0.98684,3
2,4,3,3,2,0.54817,0
2,4,3,3,3,2.16962,26
2,4,3,3,4,0.98530,0
2,4,3,4,0,-0.21042,7
2,4,3,4,1,-0.16077,8
2,4,3,4,2,-0.12885,8
2,4,3,4,3,-0.30427,56
2,4,3,4,4,-0.20187,19
2,4,4,0,0,0.23611,0
2,4,4,0,1,1.85691,7
2,4,4,0,2,0.18395,0
2,4,4,0,3,0.28790,25
2,4,4,0,4,0.26557,1
2,4,4,1,0,-0.03529,31
2,4,4,1,1,-0.44306,45
2,4,4,1,2,-0.21558,30
2,4,4,1,3,-0.15689,33
2,4,4,1,4,-0.17316,10
2,4,4,2,0,-0.36856,11
2,4,4,2,1,-0.16322,30
2,4,4,2,2,-0.03689,18
2,4,4,2,3,-0.12000,24
2,4,4,2,4,-0.85067,9
2,4,4,3,0,-0.12306,14
2,4,4,3,1,-0.21045,7
2,4,4,3,2,-0.28335,7
2,4,4,3,3,-0.09184,77
2,4,4,3,4,-0.07695,40
2,4,4,4,0,0.32411,34
2,4,4,4,1,0.30707,34
2,4,4,4,2,0.39815,19
2,4,4,4,3,0.48785,19
2,4,4,4,4,-0.22932,12
3,0,0,0,0,0.58677,0
3,0,0,0,1,0.45039,0
3,0,0,0,2,0.28102,0
3,0,0,0,3,0.55660,0
3,0,0,0,4,0.15645,0
3,0,0,1,0,0.06799,0
3,0,0,1,1,0.01654,0
3,0,0,1,2,0.56048,0
3,0,0,1,3,0.72041,0
3,0,0,1,4,0.38649,0
3,0,0,2,0,0.72338,0
3,0,0,2,1,0.44171,0
3,0,0,2,2,0.70195,0
3,0,0,2,3,7.99884,187
3,0,0,2,4,0.94189,0
3,0,0,3,0,0.37949,0
3,0,0,3,1,0.24649,0
3,0,0,3,2,7.99814,95
3,0,0,3,3,0.88304,1
3,0,0,3,4,0.65012,91
3,0,0,4,0,5.57841,71
3,0,0,4,1,0.55565,0
3,0,0,4,2,0.18167,0
3,0,0,4,3,6.79291,5
3,0,0,4,4,0.26040,0
3,0,1,0,0,0.35099,0
3,0,1,0,1,0.02871,0
3,0,1,0,2,0.04688,0
3,0,1,0,3,0.89289,2
3,0,1,0,4,0.54457,0
3,0,1,1,0,0.94186,219
3,0,1,1,1,6.05355,1606
3,0,1,1,2,3.66153,588
3,0,1,1,3,6.59032,1642
3,0,1,1,4,0.87850,382
3,0,1,2,0,1.08271,700
3,0,1,2,1,2.84235,6754
3,0,1,2,2,0.89624,1435
3,0,1,2,3,3.70778,7881
3,0,1,2,4,1.34977,543
3,0,1,3,0,-0.37004,542
3,0,1,3,1,3.34273,7809
3,0,1,3,2,2.31106,1405
3,0,1,3,3,3.72533,7257
3,0,1,3,4,1.22821,959
3,0,1,4,0,0.29783,190
3,0,1,4,1,0.63189,1843
3,0,1,4,2,0.35908,555
3,0,1,4,3,1.34885,2285
3,0,1,4,4,0.36443,801
3,0,2,0,0,0.29270,0
3,0,2,0,1,2.19508,4
3,0,2,0,2,0.06354,0
3,0,2,0,3,0.67157,0
3,0,2,0,4,0.64256,0
3,0,2,1,0,-0.23310,73
3,0,2,1,1,0.29221,265
3,0,2,1,2,-0.71268,110
3,0,2,1,3,3.49797,610
3,0,2,1,4,0.19665,89
3,0,2,2,0,0.44164,265
3,0,2,2,1,-0.58855,966
3,0,2,2,2,1.27032,478
3,0,2,2,3,2.70793,1602
3,0,2,2,4,1.57258,291
3,0,2,3,0,0.10040,406
3,0,2,3,1,0.52425,1361
3,0,2,3,2,0.40504,833
3,0,2,3,3,0.21789,2049
3,0,2,3,4,0.01066,441
3,0,2,4,0,0.20083,109
3,0,2,4,1,2.07713,846
3,0,2,4,2,0.35213,251
3,0,2,4,3,2.64747,653
3,0,2,4,4,0.43901,278
3,0,3,0,0,0.03005,0
3,0,3,0,1,2.42507,6
3,0,3,0,2,1.60895,10
3,0,3,0,3,1.66473,1
3,0,3,0,4,0.48319,0
3,0,3,1,0,0.26344,86
3,0,3,1,1,0.96427,201
3,0,3,1,2,1.33495,213
3,0,3,1,3,0.43450,619
3,0,3,1,4,0.22873,120
3,0,3,2,0,0.82211,396
3,0,3,2,1,1.05212,731
3,0,3,2,2,0.85101,445
3,0,3,2,3,0.60954,1686
3,0,3,2,4,-0.32108,263
3,0,3,3,0,-0.08243,358
3,0,3,3,1,1.07313,667
3,0,3,3,2,0.75229,647
3,0,3,3,3,0.21009,2065
3,0,3,3,4,0.51039,324
3,0,3,4,0,-0.13744,77
3,0,3,4,1,0.22921,249
3,0,3,4,2,0.68446,237
3,0,3,4,3,3.20026,655
3,0,3,4,4,-0.08762,178
3,0,4,0,0,0.85442,0
3,0,4,0,1,0.53634,0
3,0,4,0,2,0.34853,0
3,0,4,0,3,0.29164,0
3,0,4,0,4,0.61354,11
3,0,4,1,0,-0.52600,215
3,0,4,1,1,1.28881,255
3,0,4,1,2,0.34354,323
3,0,4,1,3,0.65471,833
3,0,4,1,4,0.06795,168
3,0,4,2,0,-0.49435,617
3,0,4,2,1,-0.28809,892
3,0,4,2,2,0.10711,1140
3,0,4,2,3,1.39557,2668
3,0,4,2,4,-0.76111,709
3,0,4,3,0,-0.36756,879
3,0,4,3,1,-0.17474,1240
3,0,4,3,2,-0.70240,1277
3,0,4,3,3,2.33691,3117
3,0,4,3,4,-0.61305,728
3,0,4,4,0,-0.34307,234
3,0,4,4,1,-0.56404,313
3,0,4,4,2,-0.43184,460
3,0,4,4,3,-0.33117,1009
3,0,4,4,4,-0.07644,380
3,1,0,0,0,0.52936,0
3,1,0,0,1,0.05134,0
3,1,0,0,2,0.38061,0
3,1,0,0,3,0.35743,0
3,1,0,0,4,0.38728,0
3,1,0,1,0,1.41926,12
3,1,0,1,1,1.45431,64
3,1,0,1,2,1.37309,8
3,1,0,1,3,5.08751,490
3,1,0,1,4,1.36237,341
3,1,0,2,0,0.62658,256
3,1,0,2,1,0.67450,627
3,1,0,2,2,3.33318,385
3,1,0,2,3,2.01112,911
3,1,0,2,4,0.70912,193
3,1,0,3,0,0.62927,85
3,1,0,3,1,0.74893,449
3,1,0,3,2,7.09468,924
3,1,0,3,3,2.18464,1073
3,1,0,3,4,0.65676,241
3,1,0,4,0,3.99289,206
3,1,0,4,1,2.40715,1
3,1,0,4,2,2.87752,119
3,1,0,4,3,2.13481,275
3,1,0,4,4,2.63875,204
3,1,1,0,0,0.08108,37
3,1,1,0,1,0.86883,80
3,1,1,0,2,-0.05729,21
3,1,1,0,3,-0.10738,53
3,1,1,0,4,-0.09723,12
3,1,1,1,0,-0.73627,1615
3,1,1,1,1,-0.70549,1998
3,1,1,1,2,-0.71927,1556
3,1,1,1,3,3.99941,10161
3,1,1,1,4,-0.71216,1466
3,1,1,2,0,-0.78805,5901
3,1,1,2,1,-0.58484,9294
3,1,1,2,2,2.61456,7852
3,1,1,2,3,1.78478,41410
3,1,1,2,4,-0.83026,4891
3,1,1,3,0,-0.58126,5865
3,1,1,3,1,-0.84044,14434
3,1,1,3,2,0.60575,10244
3,1,1,3,3,2.54938,45951
3,1,1,3,4,-0.89970,5363
3,1,1,4,0,-0.95385,1203
3,1,1,4,1,-0.58907,3017
3,1,1,4,2,0.50269,2620
3,1,1,4,3,4.00009,13242
3,1,1,4,4,-0.91828,2444
3,1,2,0,0,-0.02755,22
3,1,2,0,1,-0.05532,31
3,1,2,0,2,1.24108,28
3,1,2,0,3,-0.18067,65
3,1,2,0,4,-0.11892,8
3,1,2,1,0,-0.77758,1005
3,1,2,1,1,-0.13187,1350
3,1,2,1,2,1.08196,1159
3,1,2,1,3,1.36486,4101
3,1,2,1,4,-0.80154,1677
3,1,2,2,0,-0.65815,3386
3,1,2,2,1,-0.49806,5332
3,1,2,2,2,0.48237,6069
3,1,2,2,3,0.01765,16710
3,1,2,2,4,-0.65949,3544
3,1,2,3,0,-0.88633,3682
3,1,2,3,1,-0.73263,6474
3,1,2,3,2,-0.70112,6205
3,1,2,3,3,-0.56044,21910
3,1,2,3,4,-0.70714,4548
3,1,2,4,0,-0.88855,1242
3,1,2,4,1,0.58575,2098
3,1,2,4,2,4.44096,2317
3,1,2,4,3,0.30547,5871
3,1,2,4,4,-0.89734,1489
3,1,3,0,0,0.04253,7
3,1,3,0,1,-0.05538,43
3,1,3,0,2,0.07489,49
3,1,3,0,3,-0.17149,68
3,1,3,0,4,0.05899,9
3,1,3,1,0,-0.84318,1092
3,1,3,1,1,-0.85728,1321
3,1,3,1,2,1.23123,1413
3,1,3,1,3,-0.07945,4982
3,1,3,1,4,-0.85742,1103
3,1,3,2,0,-0.28405,5452
3,1,3,2,1,-0.71809,6084
3,1,3,2,2,-0.27173,5406
3,1,3,2,3,3.34079,17542
3,1,3,2,4,-0.95190,4504
3,1,3,3,0,-0.89495,5473
3,1,3,3,1,-0.89188,5872
3,1,3,3,2,0.19201,7482
3,1,3,3,3,-0.77862,21660
3,1,3,3,4,-0.90170,4796
3,1,3,4,0,-0.70757,1775
3,1,3,4,1,-0.70029,2321
3,1,3,4,2,3.59831,2376
3,1,3,4,3,-0.00761,6177
3,1,3,4,4,-0.88089,1440
3,1,4,0,0,0.19871,44
3,1,4,0,1,0.13915,66
3,1,4,0,2,0.11678,36
3,1,4,0,3,-0.11291,73
3,1,4,0,4,-0.58071,10
3,1,4,1,0,-0.89915,2446
3,1,4,1,1,-0.88427,2700
3,1,4,1,2,1.20851,2875
3,1,4,1,3,-0.51841,7709
3,1,4,1,4,-0.90870,2157
3,1,4,2,0,-0.87847,9505
3,1,4,2,1,-0.73497,10887
3,1,4,2,2,-0.71712,11463
3,1,4,2,3,1.59687,32242
3,1,4,2,4,-0.94679,9772
3,1,4,3,0,-0.97824,11044
3,1,4,3,1,-0.97527,12307
3,1,4,3,2,-0.98085,13631
3,1,4,3,3,1.00110,39981
3,1,4,3,4,-0.97936,9760
3,1,4,4,0,-0.95144,3777
3,1,4,4,1,-0.67302,4752
3,1,4,4,2,-0.71331,3914
3,1,4,4,3,1.51124,10949
3,1,4,4,4,-0.94547,2708
3,2,0,0,0,0.30769,0
3,2,0,0,1,0.70898,0
3,2,0,0,2,3.24545,3
3,2,0,0,3,0.60303,0
3,2,0,0,4,0.70094,0
3,2,0,1,0,1.02638,13
3,2,0,1,1,0.62984,106
3,2,0,1,2,3.99902,140
3,2,0,1,3,0.82926,84
3,2,0,1,4,0.88470,31
3,2,0,2,0,0.47704,341
3,2,0,2,1,0.17876,342
3,2,0,2,2,0.47296,95
3,2,0,2,3,0.39997,516
3,2,0,2,4,3.49433,646
3,2,0,3,0,0.29359,320
3,2,0,3,1,0.31901,83
3,2,0,3,2,0.47141,443
3,2,0,3,3,4.01738,819
3,2,0,3,4,2.46973,96
3,2,0,4,0,0.79913,0
3,2,0,4,1,4.00042,106
3,2,0,4,2,0.83112,112
3,2,0,4,3,0.84632,227
3,2,0,4,4,0.76916,0
3,2,1,0,0,0.43955,48
3,2,1,0,1,0.76142,36
3,2,1,0,2,-0.20496,56
3,2,1,0,3,-0.29046,117
3,2,1,0,4,0.39329,21
3,2,1,1,0,-0.28180,757
3,2,1,1,1,-0.76444,1176
3,2,1,1,2,4.00010,884
3,2,1,1,3,3.58347,2359
3,2,1,1,4,-0.87541,1069
3,2,1,2,0,-0.97740,2576
3,2,1,2,1,0.15374,5533
3,2,1,2,2,-0.01447,4059
3,2,1,2,3,0.28440,10970
3,2,1,2,4,-0.97636,2245
3,2,1,3,0,-0.98807,5240
3,2,1,3,1,0.59656,7007
3,2,1,3,2,-0.81247,4500
3,2,1,3,3,-0.97824,12336
3,2,1,3,4,-0.99066,2576
3,2,1,4,0,-0.96013,1017
3,2,1,4,1,1.39702,2316
3,2,1,4,2,-0.94444,1895
3,2,1,4,3,-0.83441,3577
3,2,1,4,4,-0.95837,1195
3,2,2,0,0,-0.15374,27
3,2,2,0,1,-0.17681,36
3,2,2,0,2,-0.22369,35
3,2,2,0,3,-0.55243,96
3,2,2,0,4,-0.16150,13
3,2,2,1,0,-0.90274,779
3,2,2,1,1,-0.67038,1122
3,2,2,1,2,-0.78693,1078
3,2,2,1,3,-0.23922,2265
3,2,2,1,4,-0.86894,810
3,2,2,2,0,-0.95602,2733
3,2,2,2,1,1.30701,3850
3,2,2,2,2,-0.97557,3284
3,2,2,2,3,-0.95900,8940
3,2,2,2,4,-0.94888,2322
3,2,2,3,0,-0.99134,3360
3,2,2,3,1,-0.11219,4362
3,2,2,3,2,-0.97763,3182
3,2,2,3,3,-0.62311,11344
3,2,2,3,4,-0.97395,3089
3,2,2,4,0,-0.98236,888
3,2,2,4,1,-0.89716,1585
3,2,2,4,2,-0.98225,1410
3,2,2,4,3,1.10681,3506
3,2,2,4,4,-0.98094,1071
3,2,3,0,0,-0.31267,51
3,2,3,0,1,-0.46703,76
3,2,3,0,2,-0.38705,51
3,2,3,0,3,-0.16945,144
3,2,3,0,4,-0.36545,64
3,2,3,1,0,-0.96429,1179
3,2,3,1,1,-0.82386,1245
3,2,3,1,2,-0.96276,890
3,2,3,1,3,0.03585,2571
3,2,3,1,4,-0.96401,1187
3,2,3,2,0,-0.97404,3159
3,2,3,2,1,-0.70730,3373
3,2,3,2,2,-0.76580,3149
3,2,3,2,3,-0.48458,8885
3,2,3,2,4,-0.88961,3460
3,2,3,3,0,-0.98992,3646
3,2,3,3,1,-0.94633,4612
3,2,3,3,2,-0.01484,4720
3,2,3,3,3,-0.95797,11649
3,2,3,3,4,-0.96924,2981
3,2,3,4,0,-0.96120,1336
3,2,3,4,1,-0.95866,1623
3,2,3,4,2,0.14792,1561
3,2,3,4,3,-0.96690,3338
3,2,3,4,4,-0.96067,1385
3,2,4,0,0,1.31978,235
3,2,4,0,1,-0.69171,210
3,2,4,0,2,-0.85944,122
3,2,4,0,3,-0.79118,234
3,2,4,0,4,-0.68542,110
3,2,4,1,0,-0.87501,2289
3,2,4,1,1,-0.18500,3568
3,2,4,1,2,-0.88696,2821
3,2,4,1,3,-0.76456,7132
3,2,4,1,4,-0.99198,2374
3,2,4,2,0,-0.98025,7319
3,2,4,2,1,-0.98234,12059
3,2,4,2,2,-0.99300,11144
3,2,4,2,3,0.56288,22726
3,2,4,2,4,-0.99363,8157
3,2,4,3,0,-0.99491,9048
3,2,4,3,1,-0.99589,11980
3,2,4,3,2,-0.41947,10709
3,2,4,3,3,-0.79068,27300
3,2,4,3,4,-0.99577,8570
3,2,4,4,0,-0.98987,2870
3,2,4,4,1,-0.99064,5241
3,2,4,4,2,-0.99071,4182
3,2,4,4,3,-0.68095,7819
3,2,4,4,4,-0.99018,2577
3,3,0,0,0,0.33603,0
3,3,0,0,1,0.91399,0
3,3,0,0,2,0.22874,0
3,3,0,0,3,0.17163,0
3,3,0,0,4,0.34910,0
3,3,0,1,0,0.90381,0
3,3,0,1,1,2.20571,12
3,3,0,1,2,3.32914,6
3,3,0,1,3,2.86453,134
3,3,0,1,4,3.37507,95
3,3,0,2,0,1.28604,17
3,3,0,2,1,1.24281,27
3,3,0,2,2,1.25167,13
3,3,0,2,3,1.33110,57
3,3,0,2,4,2.25050,4
3,3,0,3,0,1.10061,27
3,3,0,3,1,0.26229,0
3,3,0,3,2,1.84649,18
3,3,0,3,3,4.00017,235
3,3,0,3,4,2.46552,67
3,3,0,4,0,0.03024,0
3,3,0,4,1,1.25527,11
3,3,0,4,2,-0.04179,13
3,3,0,4,3,2.37717,83
3,3,0,4,4,1.01303,188
3,3,1,0,0,0.44380,8
3,3,1,0,1,0.94908,15
3,3,1,0,2,0.96075,33
3,3,1,0,3,0.68801,0
3,3,1,0,4,0.48990,13
3,3,1,1,0,-0.61411,229
3,3,1,1,1,-0.52825,283
3,3,1,1,2,3.83752,405
3,3,1,1,3,-0.90259,685
3,3,1,1,4,-0.60105,123
3,3,1,2,0,-0.94909,314
3,3,1,2,1,-0.94528,585
3,3,1,2,2,-0.65812,236
3,3,1,2,3,-0.94260,623
3,3,1,2,4,-0.94807,591
3,3,1,3,0,-0.90718,446
3,3,1,3,1,1.94368,785
3,3,1,3,2,-0.89432,640
3,3,1,3,3,-0.24284,1115
3,3,1,3,4,-0.88895,568
3,3,1,4,0,-0.91102,461
3,3,1,4,1,-0.89204,680
3,3,1,4,2,-0.90269,168
3,3,1,4,3,1.44028,689
3,3,1,4,4,-0.88854,367
3,3,2,0,0,1.10969,9
3,3,2,0,1,0.98553,3
3,3,2,0,2,0.92498,0
3,3,2,0,3,-0.11298,39
3,3,2,0,4,0.83051,26
3,3,2,1,0,-0.79217,266
3,3,2,1,1,-0.16508,390
3,3,2,1,2,0.08961,381
3,3,2,1,3,-0.80678,398
3,3,2,1,4,-0.77827,206
3,3,2,2,0,-0.81720,250
3,3,2,2,1,-0.84070,485
3,3,2,2,2,-0.84163,332
3,3,2,2,3,0.89082,729
3,3,2,2,4,-0.83043,470
3,3,2,3,0,-0.75598,178
3,3,2,3,1,-0.75885,648
3,3,2,3,2,1.18421,618
3,3,2,3,3,-0.73567,621
3,3,2,3,4,-0.78120,428
3,3,2,4,0,-0.77126,258
3,3,2,4,1,-0.84132,291
3,3,2,4,2,-0.86878,402
3,3,2,4,3,0.25661,579
3,3,2,4,4,-0.86012,169
3,3,3,0,0,-0.13232,25
3,3,3,0,1,0.09447,73
3,3,3,0,2,2.27190,38
3,3,3,0,3,-0.24067,32
3,3,3,0,4,-0.75179,89
3,3,3,1,0,-0.88099,354
3,3,3,1,1,1.66408,431
3,3,3,1,2,-0.24994,330
3,3,3,1,3,-0.84255,736
3,3,3,1,4,-0.90863,443
3,3,3,2,0,-0.97418,356
3,3,3,2,1,-0.97849,551
3,3,3,2,2,0.53231,406
3,3,3,2,3,-0.81016,1149
3,3,3,2,4,-0.97247,355
3,3,3,3,0,-0.94278,530
3,3,3,3,1,-0.78686,798
3,3,3,3,2,-0.02450,739
3,3,3,3,3,-0.92821,1304
3,3,3,3,4,-0.91576,673
3,3,3,4,0,-0.91589,369
3,3,3,4,1,-0.92142,335
3,3,3,4,2,0.30465,595
3,3,3,4,3,-0.89733,1016
3,3,3,4,4,-0.92822,307
3,3,4,0,0,-0.92728,83
3,3,4,0,1,-0.14103,189
3,3,4,0,2,-0.90547,58
3,3,4,0,3,-0.89014,141
3,3,4,0,4,-0.89595,67
3,3,4,1,0,-0.98996,1008
3,3,4,1,1,-0.97134,1693
3,3,4,1,2,-0.97141,1632
3,3,4,1,3,-0.97687,2520
3,3,4,1,4,-0.96948,1406
3,3,4,2,0,-0.98218,1649
3,3,4,2,1,-0.78514,1751
3,3,4,2,2,-0.80294,1320
3,3,4,2,3,1.06387,2533
3,3,4,2,4,-0.98846,1106
3,3,4,3,0,-0.92783,2334
3,3,4,3,1,0.10084,1775
3,3,4,3,2,-0.95399,1731
3,3,4,3,3,-0.90394,3206
3,3,4,3,4,-0.99234,808
3,3,4,4,0,-0.97354,1124
3,3,4,4,1,0.83993,2118
3,3,4,4,2,-0.69275,1063
3,3,4,4,3,-0.98575,2745
3,3,4,4,4,-0.98446,1215
3,4,0,0,0,0.08639,0
3,4,0,0,1,0.91443,0
3,4,0,0,2,0.52337,0
3,4,0,0,3,0.35164,0
3,4,0,0,4,0.23024,0
3,4,0,1,0,0.81835,0
3,4,0,1,1,0.37907,0
3,4,0,1,2,0.70252,0
3,4,0,1,3,0.56376,0
3,4,0,1,4,0.37027,0
3,4,0,2,0,0.35886,0
3,4,0,2,1,0.98951,0
3,4,0,2,2,0.68365,0
3,4,0,2,3,0.98241,0
3,4,0,2,4,0.79209,0
3,4,0,3,0,0.86707,0
3,4,0,3,1,0.18738,0
3,4,0,3,2,0.07258,0
3,4,0,3,3,0.68721,0
3,4,0,3,4,0.56200,0
3,4,0,4,0,0.26365,0
3,4,0,4,1,0.83866,0
3,4,0,4,2,0.31859,0
3,4,0,4,3,0.97100,0
3,4,0,4,4,0.28378,0
3,4,1,0,0,0.49584,0
3,4,1,0,1,0.05343,0
3,4,1,0,2,1.63626,7
3,4,1,0,3,0.23086,4
3,4,1,0,4,0.04610,0
3,4,1,1,0,0.93098,0
3,4,1,1,1,0.27750,1
3,4,1,1,2,0.63348,0
3,4,1,1,3,0.30704,0
3,4,1,1,4,0.01510,0
3,4,1,2,0,0.09102,27
3,4,1,2,1,-0.08053,7
3,4,1,2,2,0.36515,0
3,4,1,2,3,0.08122,0
3,4,1,2,4,0.08391,8
3,4,1,3,0,-0.72332,13
3,4,1,3,1,-0.00687,21
3,4,1,3,2,0.11084,4
3,4,1,3,3,-0.03270,37
3,4,1,3,4,-0.81191,24
3,4,1,4,0,0.33588,0
3,4,1,4,1,0.79466,28
3,4,1,4,2,0.34556,0
3,4,1,4,3,0.09576,0
3,4,1,4,4,0.71777,129
3,4,2,0,0,0.60802,0
3,4,2,0,1,3.69258,15
3,4,2,0,2,0.95828,0
3,4,2,0,3,0.81451,0
3,4,2,0,4,0.44889,0
3,4,2,1,0,0.77109,0
3,4,2,1,1,3.13261,33
3,4,2,1,2,0.91747,0
3,4,2,1,3,0.68966,0
3,4,2,1,4,0.18824,0
3,4,2,2,0,0.23017,0
3,4,2,2,1,2.12637,2
3,4,2,2,2,0.74976,0
3,4,2,2,3,3.99044,18
3,4,2,2,4,0.80441,0
3,4,2,3,0,0.07266,0
3,4,2,3,1,0.13154,5
3,4,2,3,2,-0.04810,4
3,4,2,3,3,0.83078,56
3,4,2,3,4,0.12142,4
3,4,2,4,0,-0.23331,14
3,4,2,4,1,2.34209,33
3,4,2,4,2,-0.10859,3
3,4,2,4,3,-0.17307,30
3,4,2,4,4,-0.21129,49
3,4,3,0,0,1.40004,8
3,4,3,0,1,0.24010,0
3,4,3,0,2,1.40752,5
3,4,3,0,3,2.13026,20
3,4,3,0,4,1.15888,15
3,4,3,1,0,-0.34683,36
3,4,3,1,1,-0.21288,45
3,4,3,1,2,-0.44225,21
3,4,3,1,3,-0.17724,32
3,4,3,1,4,-0.19823,79
3,4,3,2,0,3.66881,45
3,4,3,2,1,1.75286,3
3,4,3,2,2,0.67474,0
3,4,3,2,3,0.80418,6
3,4,3,2,4,0.54534,0
3,4,3,3,0,0.03521,0
3,4,3,3,1,3.26246,25
3,4,3,3,2,0.82697,0
3,4,3,3,3,3.64603,4
3,4,3,3,4,0.63474,0
3,4,3,4,0,1.09967,51
3,4,3,4,1,-0.60147,18
3,4,3,4,2,-0.60192,18
3,4,3,4,3,-0.68646,47
3,4,3,4,4,-0.59386,55
3,4,4,0,0,-0.34068,9
3,4,4,0,1,-0.45667,6
3,4,4,0,2,-0.64718,19
3,4,4,0,3,-0.45779,39
3,4,4,0,4,0.54012,53
3,4,4,1,0,-0.77918,105
3,4,4,1,1,-0.12137,81
3,4,4,1,2,0.14991,0
3,4,4,1,3,0.19072,63
3,4,4,1,4,0.20232,30
3,4,4,2,0,-0.55052,3
3,4,4,2,1,0.45204,15
3,4,4,2,2,-0.24727,18
3,4,4,2,3,-0.63483,25
3,4,4,2,4,0.60235,22
3,4,4,3,0,-0.68222,5
3,4,4,3,1,-0.39597,47
3,4,4,3,2,-0.68778,6
3,4,4,3,3,-0.51846,33
3,4,4,3,4,0.14275,15
3,4,4,4,0,-0.59429,73
3,4,4,4,1,-0.29167,76
3,4,4,4,2,-0.68895,26
3,4,4,4,3,-0.68599,95
3,4,4,4,4,-0.60667,75
4,0,0,0,0,0.62500,0
4,0,0,0,1,0.25165,0
4,0,0,0,2,0.20090,0
4,0,0,0,3,0.90011,0
4,0,0,0,4,0.45911,0
4,0,0,1,0,0.14068,0
4,0,0,1,1,0.06539,0
4,0,0,1,2,0.88165,0
4,0,0,1,3,7.99931,70
4,0,0,1,4,0.65039,0
4,0,0,2,0,0.55101,0
4,0,0,2,1,8.00000,55
4,0,0,2,2,7.99982,80
4,0,0,2,3,0.37096,0
4,0,0,2,4,0.51250,0
4,0,0,3,0,0.35770,0
4,0,0,3,1,5.34169,64
4,0,0,3,2,6.20662,3
4,0,0,3,3,0.71227,0
4,0,0,3,4,0.25723,0
4,0,0,4,0,0.83373,0
4,0,0,4,1,0.21431,0
4,0,0,4,2,3.52412,1
4,0,0,4,3,4.00031,200
4,0,0,4,4,0.92713,0
4,0,1,0,0,0.62453,0
4,0,1,0,1,0.43466,0
4,0,1,0,2,0.82689,0
4,0,1,0,3,0.41416,0
4,0,1,0,4,1.67508,63
4,0,1,1,0,5.54472,314
4,0,1,1,1,1.24843,2800
4,0,1,1,2,1.00763,1272
4,0,1,1,3,5.15854,6923
4,0,1,1,4,0.56735,425
4,0,1,2,0,0.54387,1261
4,0,1,2,1,2.61727,9838
4,0,1,2,2,0.55491,4835
4,0,1,2,3,4.00017,18595
4,0,1,2,4,0.57748,1778
4,0,1,3,0,-0.37979,1246
4,0,1,3,1,2.64027,12940
4,0,1,3,2,2.54825,6392
4,0,1,3,3,2.82170,27513
4,0,1,3,4,-0.44138,1266
4,0,1,4,0,0.50826,149
4,0,1,4,1,7.99603,5223
4,0,1,4,2,0.37221,1558
4,0,1,4,3,4.00017,8204
4,0,1,4,4,0.24183,540
4,0,2,0,0,3.11322,11
4,0,2,0,1,0.31850,0
4,0,2,0,2,2.11737,3
4,0,2,0,3,2.14162,10
4,0,2,0,4,0.07004,0
4,0,2,1,0,-0.15932,133
4,0,2,1,1,0.63546,457
4,0,2,1,2,0.51574,411
4,0,2,1,3,4.02990,2073
4,0,2,1,4,0.26999,82
4,0,2,2,0,0.68579,581
4,0,2,2,1,1.05926,1739
4,0,2,2,2,2.40234,1998
4,0,2,2,3,3.10847,6291
4,0,2,2,4,1.68026,787
4,0,2,3,0,0.46949,744
4,0,2,3,1,0.39738,2676
4,0,2,3,2,2.81040,2083
4,0,2,3,3,1.91412,7681
4,0,2,3,4,-0.47047,739
4,0,2,4,0,0.13410,349
4,0,2,4,1,1.96986,1475
4,0,2,4,2,0.14495,542
4,0,2,4,3,0.86534,2423
4,0,2,4,4,0.66197,266
4,0,3,0,0,0.80005,0
4,0,3,0,1,0.13629,0
4,0,3,0,2,0.02634,0
4,0,3,0,3,3.44119,16
4,0,3,0,4,0.02626,0
4,0,3,1,0,-0.01268,168
4,0,3,1,1,0.05601,613
4,0,3,1,2,0.40707,587
4,0,3,1,3,3.57976,2153
4,0,3,1,4,0.08610,141
4,0,3,2,0,0.52827,936
4,0,3,2,1,0.01555,1284
4,0,3,2,2,1.03804,2309
4,0,3,2,3,2.11841,8087
4,0,3,2,4,0.13120,749
4,0,3,3,0,0.10870,1106
4,0,3,3,1,1.37457,2200
4,0,3,3,2,0.50121,2749
4,0,3,3,3,2.75783,10257
4,0,3,3,4,-0.23938,1031
4,0,3,4,0,-0.09836,296
4,0,3,4,1,-0.14436,667
4,0,3,4,2,0.84013,963
4,0,3,4,3,2.24550,3502
4,0,3,4,4,-0.25160,245
4,0,4,0,0,0.83761,0
4,0,4,0,1,0.94119,0
4,0,4,0,2,0.56647,0
4,0,4,0,3,1.50037,13
4,0,4,0,4,1.03675,13
4,0,4,1,0,-0.39759,524
4,0,4,1,1,-0.18577,637
4,0,4,1,2,0.17300,1541
4,0,4,1,3,3.49414,4601
4,0,4,1,4,-0.15214,555
4,0,4,2,0,-0.37554,2670
4,0,4,2,1,-0.27648,3163
4,0,4,2,2,0.07396,8564
4,0,4,2,3,1.98039,22029
4,0,4,2,4,-0.42556,2942
4,0,4,3,0,-0.46522,3324
4,0,4,3,1,-0.18160,4383
4,0,4,3,2,0.49074,12616
4,0,4,3,3,1.25982,27950
4,0,4,3,4,1.71246,3554
4,0,4,4,0,-0.70080,896
4,0,4,4,1,-0.24130,1062
4,0,4,4,2,0.09857,2932
4,0,4,4,3,0.16917,8444
4,0,4,4,4,0.76285,1044
4,1,0,0,0,0.73752,0
4,1,0,0,1,0.25641,0
4,1,0,0,2,1.08392,3
4,1,0,0,3,0.39997,0
4,1,0,0,4,0.19007,0
4,1,0,1,0,0.89794,0
4,1,0,1,1,2.46172,78
4,1,0,1,2,1.24886,191
4,1,0,1,3,2.18130,357
4,1,0,1,4,1.94548,636
4,1,0,2,0,-0.13970,399
4,1,0,2,1,0.35795,318
4,1,0,2,2,0.81170,487
4,1,0,2,3,2.24088,2794
4,1,0,2,4,0.54496,323
4,1,0,3,0,-0.26333,265
4,1,0,3,1,3.92943,467
4,1,0,3,2,-0.08653,753
4,1,0,3,3,2.87027,3205
4,1,0,3,4,-0.27145,347
4,1,0,4,0,-0.15694,39
4,1,0,4,1,-0.19098,7
4,1,0,4,2,0.57922,134
4,1,0,4,3,2.41140,859
4,1,0,4,4,-0.32055,4
4,1,1,0,0,0.43616,20
4,1,1,0,1,1.30574,93
4,1,1,0,2,0.45709,17
4,1,1,0,3,0.44649,123
4,1,1,0,4,0.49909,47
4,1,1,1,0,-0.24710,2087
4,1,1,1,1,-0.63368,3348
4,1,1,1,2,0.51746,2831
4,1,1,1,3,5.37024,28399
4,1,1,1,4,-0.69888,2353
4,1,1,2,0,-0.77785,8652
4,1,1,2,1,-0.37174,16067
4,1,1,2,2,-0.37078,20327
4,1,1,2,3,-0.36337,112885
4,1,1,2,4,-0.42996,9389
4,1,1,3,0,-0.94313,9149
4,1,1,3,1,-0.52929,22373
4,1,1,3,2,0.47697,24779
4,1,1,3,3,3.90591,145785
4,1,1,3,4,-0.44952,7745
4,1,1,4,0,0.72532,1749
4,1,1,4,1,0.45405,6812
4,1,1,4,2,0.52879,7437
4,1,1,4,3,1.79872,43277
4,1,1,4,4,-0.95631,2734
4,1,2,0,0,0.07967,41
4,1,2,0,1,1.91471,25
4,1,2,0,2,1.80876,6
4,1,2,0,3,2.61848,50
4,1,2,0,4,-0.13176,30
4,1,2,1,0,-0.94322,1759
4,1,2,1,1,-0.75455,2050
4,1,2,1,2,-0.16154,3117
4,1,2,1,3,2.52119,12656
4,1,2,1,4,-0.48518,2140
4,1,2,2,0,-0.55679,8955
4,1,2,2,1,-0.55569,12108
4,1,2,2,2,0.14365,15489
4,1,2,2,3,2.16729,55510
4,1,2,2,4,-0.42636,7602
4,1,2,3,0,-0.91209,9195
4,1,2,3,1,2.26673,15707
4,1,2,3,2,-0.91878,17241
4,1,2,3,3,-0.46446,74786
4,1,2,3,4,1.96497,7061
4,1,2,4,0,-0.29800,3235
4,1,2,4,1,0.14645,4425
4,1,2,4,2,-0.66789,4771
4,1,2,4,3,2.52474,21200
4,1,2,4,4,-0.83182,1946
4,1,3,0,0,-0.38675,56
4,1,3,0,1,-0.42564,96
4,1,3,0,2,-0.52306,113
4,1,3,0,3,-0.38887,98
4,1,3,0,4,1.14248,63
4,1,3,1,0,-0.57871,2066
4,1,3,1,1,-0.53752,3158
4,1,3,1,2,-0.64150,3825
4,1,3,1,3,-0.63928,14218
4,1,3,1,4,-0.66643,1832
4,1,3,2,0,-0.68805,13555
4,1,3,2,1,-0.92157,14329
4,1,3,2,2,-0.94015,19593
4,1,3,2,3,2.37806,79578
4,1,3,2,4,-0.93358,8471
4,1,3,3,0,-0.68708,15161
4,1,3,3,1,0.24675,17066
4,1,3,3,2,1.18344,22707
4,1,3,3,3,-0.04527,100064
4,1,3,3,4,-0.93651,10292
4,1,3,4,0,-0.82617,4350
4,1,3,4,1,-0.83269,5072
4,1,3,4,2,-0.85394,5896
4,1,3,4,3,1.40030,26387
4,1,3,4,4,-0.85641,2566
4,1,4,0,0,-0.23485,128
4,1,4,0,1,-0.57203,267
4,1,4,0,2,-0.62958,141
4,1,4,0,3,-0.17319,642
4,1,4,0,4,-0.60593,171
4,1,4,1,0,-0.64674,11501
4,1,4,1,1,-0.64891,10660
4,1,4,1,2,0.97859,14175
4,1,4,1,3,2.89541,33059
4,1,4,1,4,-0.86138,7552
4,1,4,2,0,-0.93960,65531
4,1,4,2,1,-0.92447,48862
4,1,4,2,2,-0.92500,82214
4,1,4,2,3,3.61509,219041
4,1,4,2,4,-0.97029,37532
4,1,4,3,0,-0.96958,59351
4,1,4,3,1,-0.96461,61384
4,1,4,3,2,0.12359,104843
4,1,4,3,3,-0.25415,260791
4,1,4,3,4,0.13843,44784
4,1,4,4,0,-0.86505,13566
4,1,4,4,1,-0.95793,16627
4,1,4,4,2,-0.83551,23093
4,1,4,4,3,3.25734,59073
4,1,4,4,4,-0.95001,10771
4,2,0,0,0,0.94102,0
4,2,0,0,1,1.89724,3
4,2,0,0,2,2.40173,4
4,2,0,0,3,0.38525,0
4,2,0,0,4,0.00979,0
4,2,0,1,0,1.94731,75
4,2,0,1,1,0.47673,179
4,2,0,1,2,0.40309,39
4,2,0,1,3,1.49776,204
4,2,0,1,4,0.41969,120
4,2,0,2,0,2.43332,632
4,2,0,2,1,-0.70417,424
4,2,0,2,2,-0.67509,137
4,2,0,2,3,2.68690,496
4,2,0,2,4,-0.62070,225
4,2,0,3,0,0.20245,579
4,2,0,3,1,-0.34435,265
4,2,0,3,2,0.35152,368
4,2,0,3,3,4.00015,885
4,2,0,3,4,-0.27163,319
4,2,0,4,0,2.07205,1
4,2,0,4,1,3.67607,112
4,2,0,4,2,2.16396,76
4,2,0,4,3,2.50437,319
4,2,0,4,4,2.32058,530
4,2,1,0,0,-0.11807,85
4,2,1,0,1,-0.20968,64
4,2,1,0,2,-0.13937,41
4,2,1,0,3,-0.61522,172
4,2,1,0,4,-0.61626,14
4,2,1,1,0,3.89391,2054
4,2,1,1,1,-0.88651,2192
4,2,1,1,2,-0.03302,811
4,2,1,1,3,0.78875,3082
4,2,1,1,4,-0.95100,1391
4,2,1,2,0,-0.97065,6701
4,2,1,2,1,-0.97291,6286
4,2,1,2,2,1.53641,6939
4,2,1,2,3,-0.81825,11406
4,2,1,2,4,-0.96594,3944
4,2,1,3,0,-0.92488,5178
4,2,1,3,1,-0.57931,9449
4,2,1,3,2,-0.93583,8065
4,2,1,3,3,-0.09374,14275
4,2,1,3,4,-0.92340,3317
4,2,1,4,0,-0.95855,1446
4,2,1,4,1,-0.80975,2335
4,2,1,4,2,0.72541,2297
4,2,1,4,3,-0.78606,4973
4,2,1,4,4,-0.96534,848
4,2,2,0,0,-0.08680,62
4,2,2,0,1,-0.31661,36
4,2,2,0,2,-0.23362,56
4,2,2,0,3,-0.49824,62
4,2,2,0,4,-0.22112,109
4,2,2,1,0,-0.90763,1587
4,2,2,1,1,-0.59204,1920
4,2,2,1,2,-0.57880,1372
4,2,2,1,3,-0.50216,3096
4,2,2,1,4,-0.93901,926
4,2,2,2,0,-0.95493,4430
4,2,2,2,1,-0.89506,6397
4,2,2,2,2,-0.89273,6288
4,2,2,2,3,3.87022,10886
4,2,2,2,4,-0.90566,3990
4,2,2,3,0,-0.99167,4524
4,2,2,3,1,3.53970,10350
4,2,2,3,2,-0.96650,6582
4,2,2,3,3,-0.83984,13803
4,2,2,3,4,-0.81863,4123
4,2,2,4,0,-0.98406,1438
4,2,2,4,1,1.64607,3800
4,2,2,4,2,-0.89898,1259
4,2,2,4,3,0.00039,4339
4,2,2,4,4,-0.98420,1890
4,2,3,0,0,1.30139,108
4,2,3,0,1,-0.52295,119
4,2,3,0,2,-0.56440,30
4,2,3,0,3,-0.72982,75
4,2,3,0,4,-0.53482,156
4,2,3,1,0,-0.97920,1593
4,2,3,1,1,0.07983,2467
4,2,3,1,2,-0.88720,1922
4,2,3,1,3,-0.90878,3868
4,2,3,1,4,-0.97255,1656
4,2,3,2,0,-0.89154,7902
4,2,3,2,1,-0.90394,7426
4,2,3,2,2,2.25167,6493
4,2,3,2,3,-0.88702,13511
4,2,3,2,4,-0.90135,4237
4,2,3,3,0,-0.86640,8838
4,2,3,3,1,-0.94725,10863
4,2,3,3,2,1.96036,7171
4,2,3,3,3,-0.27656,18860
4,2,3,3,4,-0.97734,6238
4,2,3,4,0,-0.90320,1906
4,2,3,4,1,-0.90892,2782
4,2,3,4,2,-0.23960,3452
4,2,3,4,3,-0.90205,5653
4,2,3,4,4,-0.91614,1773
4,2,4,0,0,-0.53673,510
4,2,4,0,1,-0.58162,640
4,2,4,0,2,0.32704,552
4,2,4,0,3,-0.74911,744
4,2,4,0,4,-0.72383,309
4,2,4,1,0,-0.95380,17434
4,2,4,1,1,-0.96137,17963
4,2,4,1,2,1.72449,23422
4,2,4,1,3,-0.99246,26885
4,2,4,1,4,-0.99298,8680
4,2,4,2,0,0.91581,350118
4,2,4,2,1,-0.98538,45675
4,2,4,2,2,-0.39646,50677
4,2,4,2,3,-0.39318,106156
4,2,4,2,4,-0.94332,32891
4,2,4,3,0,-0.99487,102164
4,2,4,3,1,-0.99521,79110
4,2,4,3,2,-0.75211,129750
4,2,4,3,3,-0.96381,137815
4,2,4,3,4,-0.16048,43869
4,2,4,4,0,-0.97341,22404
4,2,4,4,1,0.94401,26871
4,2,4,4,2,-0.63981,30464
4,2,4,4,3,-0.44979,37263
4,2,4,4,4,1.87964,12514
4,3,0,0,0,0.55278,0
4,3,0,0,1,0.36267,0
4,3,0,0,2,0.02464,0
4,3,0,0,3,0.40320,0
4,3,0,0,4,0.27524,0
4,3,0,1,0,0.75631,0
4,3,0,1,1,1.81400,8
4,3,0,1,2,1.18886,8
4,3,0,1,3,1.11195,237
4,3,0,1,4,1.49296,22
4,3,0,2,0,0.65066,8
4,3,0,2,1,0.02925,0
4,3,0,2,2,0.50607,0
4,3,0,2,3,2.91359,92
4,3,0,2,4,0.19909,0
4,3,0,3,0,0.03076,89
4,3,0,3,1,0.10426,14
4,3,0,3,2,0.20378,0
4,3,0,3,3,3.99980,79
4,3,0,3,4,0.03156,3
4,3,0,4,0,0.30442,19
4,3,0,4,1,0.30598,30
4,3,0,4,2,1.70873,15
4,3,0,4,3,0.27782,61
4,3,0,4,4,0.46422,3
4,3,1,0,0,0.19369,0
4,3,1,0,1,0.77162,6
4,3,1,0,2,0.70712,33
4,3,1,0,3,0.70297,35
4,3,1,0,4,0.42265,0
4,3,1,1,0,-0.52850,330
4,3,1,1,1,-0.60017,477
4,3,1,1,2,-0.60529,245
4,3,1,1,3,-0.63453,897
4,3,1,1,4,1.81227,158
4,3,1,2,0,-0.89241,587
4,3,1,2,1,-0.76800,359
4,3,1,2,2,-0.77349,389
4,3,1,2,3,2.96218,1307
4,3,1,2,4,-0.80774,817
4,3,1,3,0,-0.88451,630
4,3,1,3,1,-0.58053,1066
4,3,1,3,2,0.52388,490
4,3,1,3,3,-0.65051,1282
4,3,1,3,4,-0.88110,434
4,3,1,4,0,-0.79478,481
4,3,1,4,1,-0.82987,505
4,3,1,4,2,1.80249,711
4,3,1,4,3,0.87552,745
4,3,1,4,4,-0.80079,455
4,3,2,0,0,0.11459,17
4,3,2,0,1,0.48728,65
4,3,2,0,2,0.29230,0
4,3,2,0,3,0.57593,32
4,3,2,0,4,0.54317,0
4,3,2,1,0,-0.71699,312
4,3,2,1,1,1.67768,254
4,3,2,1,2,-0.71125,277
4,3,2,1,3,-0.74894,798
4,3,2,1,4,-0.69198,451
4,3,2,2,0,-0.82999,474
4,3,2,2,1,-0.82566,313
4,3,2,2,2,2.44136,910
4,3,2,2,3,-0.04893,1028
4,3,2,2,4,-0.82589,315
4,3,2,3,0,-0.88967,578
4,3,2,3,1,3.83777,1177
4,3,2,3,2,-0.88759,637
4,3,2,3,3,0.00301,1256
4,3,2,3,4,-0.89082,555
4,3,2,4,0,-0.83364,394
4,3,2,4,1,-0.72346,921
4,3,2,4,2,0.49590,378
4,3,2,4,3,-0.67364,822
4,3,2,4,4,-0.81566,425
4,3,3,0,0,-0.19057,17
4,3,3,0,1,-0.07261,69
4,3,3,0,2,-0.01344,8
4,3,3,0,3,1.80884,32
4,3,3,0,4,-0.07512,11
4,3,3,1,0,-0.93868,439
4,3,3,1,1,-0.17744,848
4,3,3,1,2,-0.22518,525
4,3,3,1,3,1.53538,1005
4,3,3,1,4,-0.93060,439
4,3,3,2,0,-0.95571,909
4,3,3,2,1,-0.95537,893
4,3,3,2,2,-0.95375,377
4,3,3,2,3,-0.96343,1475
4,3,3,2,4,2.39646,915
4,3,3,3,0,-0.91246,895
4,3,3,3,1,-0.23846,2101
4,3,3,3,2,-0.91334,409
4,3,3,3,3,-0.89633,2308
4,3,3,3,4,-0.94856,394
4,3,3,4,0,-0.83580,392
4,3,3,4,1,0.78514,1501
4,3,3,4,2,-0.74829,243
4,3,3,4,3,-0.78308,1344
4,3,3,4,4,-0.84834,417
4,3,4,0,0,-0.35555,383
4,3,4,0,1,-0.81404,760
4,3,4,0,2,-0.68645,434
4,3,4,0,3,-0.94326,734
4,3,4,0,4,-0.94341,470
4,3,4,1,0,-0.16148,11344
4,3,4,1,1,-0.99689,12300
4,3,4,1,2,-0.75277,9310
4,3,4,1,3,-0.99717,14062
4,3,4,1,4,-0.99752,5125
4,3,4,2,0,0.79825,17545
4,3,4,2,1,-0.92584,13388
4,3,4,2,2,-0.98711,14215
4,3,4,2,3,-0.98500,15795
4,3,4,2,4,-0.99393,5808
4,3,4,3,0,-0.95664,17712
4,3,4,3,1,-0.90650,22755
4,3,4,3,2,0.49115,24726
4,3,4,3,3,-0.98333,21385
4,3,4,3,4,-0.98956,7921
4,3,4,4,0,-0.96842,8657
4,3,4,4,1,1.37053,18971
4,3,4,4,2,-0.84079,16937
4,3,4,4,3,-0.77216,18968
4,3,4,4,4,-0.99586,4930
4,4,0,0,0,0.67655,0
4,4,0,0,1,0.83579,0
4,4,0,0,2,0.02920,0
4,4,0,0,3,0.50820,0
4,4,0,0,4,0.14878,0
4,4,0,1,0,0.10264,0
4,4,0,1,1,0.91882,0
4,4,0,1,2,0.94616,0
4,4,0,1,3,0.45739,0
4,4,0,1,4,0.75640,0
4,4,0,2,0,0.35984,0
4,4,0,2,1,0.84128,0
4,4,0,2,2,0.05860,0
4,4,0,2,3,0.51412,0
4,4,0,2,4,0.29739,0
4,4,0,3,0,0.05778,0
4,4,0,3,1,0.96228,0
4,4,0,3,2,0.49335,0
4,4,0,3,3,0.05066,0
4,4,0,3,4,0.85827,0
4,4,0,4,0,0.33115,0
4,4,0,4,1,0.36730,2
4,4,0,4,2,2.07890,12
4,4,0,4,3,1.84519,14
4,4,0,4,4,0.32782,2
4,4,1,0,0,0.38630,0
4,4,1,0,1,0.42051,63
4,4,1,0,2,0.03811,0
4,4,1,0,3,0.34688,0
4,4,1,0,4,0.89401,15
4,4,1,1,0,0.04318,77
4,4,1,1,1,0.06933,3
4,4,1,1,2,1.06899,1
4,4,1,1,3,0.01832,0
4,4,1,1,4,0.08770,0
4,4,1,2,0,0.16179,5
4,4,1,2,1,0.06217,8
4,4,1,2,2,0.14021,4
4,4,1,2,3,0.53044,7
4,4,1,2,4,-0.23230,8
4,4,1,3,0,0.05671,6
4,4,1,3,1,-0.15309,43
4,4,1,3,2,3.94736,44
4,4,1,3,3,0.05392,18
4,4,1,3,4,-0.13157,14
4,4,1,4,0,-0.39479,11
4,4,1,4,1,-0.50242,12
4,4,1,4,2,-0.37019,73
4,4,1,4,3,2.40116,56
4,4,1,4,4,-0.39646,30
4,4,2,0,0,0.33005,0
4,4,2,0,1,0.51734,0
4,4,2,0,2,0.23683,0
4,4,2,0,3,0.78667,0
4,4,2,0,4,3.29457,11
4,4,2,1,0,0.10513,0
4,4,2,1,1,0.32785,3
4,4,2,1,2,1.44314,43
4,4,2,1,3,0.12561,28
4,4,2,1,4,0.14125,34
4,4,2,2,0,0.16725,0
4,4,2,2,1,0.10515,29
4,4,2,2,2,0.18880,0
4,4,2,2,3,-0.20504,14
4,4,2,2,4,0.06010,0
4,4,2,3,0,0.37819,0
4,4,2,3,1,0.30778,0
4,4,2,3,2,0.50083,29
4,4,2,3,3,0.41303,0
4,4,2,3,4,0.24534,0
4,4,2,4,0,0.20241,5
4,4,2,4,1,1.37570,45
4,4,2,4,2,0.11332,51
4,4,2,4,3,0.25192,0
4,4,2,4,4,0.09941,86
4,4,3,0,0,2.11742,21
4,4,3,0,1,0.31002,0
4,4,3,0,2,0.82772,0
4,4,3,0,3,1.70332,59
4,4,3,0,4,0.20192,0
4,4,3,1,0,0.65893,9
4,4,3,1,1,0.57983,4
4,4,3,1,2,0.98740,15
4,4,3,1,3,0.03395,36
4,4,3,1,4,3.50006,37
4,4,3,2,0,0.57570,0
4,4,3,2,1,0.94968,0
4,4,3,2,2,0.67813,0
4,4,3,2,3,2.77061,9
4,4,3,2,4,0.27266,0
4,4,3,3,0,0.59934,0
4,4,3,3,1,3.69900,5
4,4,3,3,2,0.28461,0
4,4,3,3,3,0.87897,17
4,4,3,3,4,2.44779,33
4,4,3,4,0,1.23978,118
4,4,3,4,1,2.71586,46
4,4,3,4,2,-0.38445,28
4,4,3,4,3,0.08753,30
4,4,3,4,4,0.07421,6
4,4,4,0,0,-0.54338,55
4,4,4,0,1,0.13891,134
4,4,4,0,2,-0.41754,39
4,4,4,0,3,-0.60975,108
4,4,4,0,4,-0.41601,56
4,4,4,1,0,-0.60003,367
4,4,4,1,1,-0.10932,690
4,4,4,1,2,-0.66388,366
4,4,4,1,3,-0.63174,548
4,4,4,1,4,-0.57479,183
4,4,4,2,0,-0.24486,241
4,4,4,2,1,-0.59629,338
4,4,4,2,2,-0.79445,187
4,4,4,2,3,-0.60333,310
4,4,4,2,4,-0.92230,116
4,4,4,3,0,-0.70990,88
4,4,4,3,1,-0.02278,604
4,4,4,3,2,-0.56082,376
4,4,4,3,3,-0.84334,243
4,4,4,3,4,-0.68985,169
4,4,4,4,0,-0.84675,245
4,4,4,4,1,-0.05112,1197
4,4,4,4,2,-0.84677,575
4,4,4,4,3,-0.64912,998
4,4,4,4,4,-0.84906,486
